1.149831 4.236366
1.286420 5.125592
1.270489 4.017078
1.276627 3.839159
1.267130 3.703047
1.270799 3.586757
1.287181 3.496814
1.251101 4.685112
1.271363 4.807732
1.249825 4.268278
1.270365 6.020067
1.265533 6.394787
1.359347 5.172151
1.373051 4.890345
1.357206 4.796338
1.349988 4.043998
1.369950 4.678326
1.349999 3.885408
1.349998 3.751867
1.349992 3.625584
1.351264 3.503795
1.351150 3.423400
1.349994 4.731651
1.350228 4.875844
1.369394 4.977599
1.375567 6.341418
1.349720 6.108353
1.349974 6.070167
1.484592 5.330700
1.478369 5.032169
1.452392 4.968295
1.449998 4.864673
1.450142 4.703306
1.468089 4.578513
1.449981 3.563855
1.496175 4.004628
1.449991 3.485502
1.473166 3.956336
1.453303 5.050185
1.483705 5.133984
1.449961 6.140667
1.482269 6.377133
1.467121 6.425224
1.470225 6.473070
1.487348 6.496706
1.599662 6.075046
1.581610 5.936253
1.590713 4.910995
1.560854 4.772873
1.556623 5.095165
1.594706 4.463108
1.563675 4.026456
1.580557 3.926559
1.553486 3.982875
1.569353 4.068956
1.578567 4.144318
1.598956 4.451301
1.589794 5.473520
1.589794 5.573244
1.579581 6.493272
1.583379 6.345136
1.554568 6.407577
1.549987 6.499802
1.549967 6.549872
1.558912 6.547250
1.666329 6.123660
1.680169 5.153020
1.671301 5.355009
1.655812 5.016932
1.649939 4.835022
1.675289 5.206786
1.662233 4.480655
1.653601 4.051564
1.686825 3.946864
1.671809 3.935300
1.650870 3.975740
1.649889 4.053520
1.650457 4.235191
1.651832 4.404447
1.668241 5.275616
1.650203 5.448187
1.653032 5.668245
1.675804 5.802449
1.657220 6.371085
1.674493 6.593271
1.797312 5.346860
1.757115 5.233140
1.749949 5.078576
1.749985 4.015241
1.749860 4.007936
1.750021 4.303819
1.750046 4.475704
1.782579 5.083909
1.773694 6.330268
1.875723 5.549525
1.864256 5.412704
1.849708 5.299907
1.891326 5.356605
1.882552 3.631013
1.871429 5.832299
1.884130 6.331544
1.874894 6.334066
1.853584 6.364565
1.984267 6.209203
1.979801 5.159378
1.968713 5.060148
1.977043 4.937015
1.999683 4.027295
1.993213 4.850075
1.999683 4.019074
1.995445 3.820797
1.995445 3.771484
1.977656 3.686555
1.952938 3.675477
1.994078 4.810977
1.993826 4.901362
1.998687 4.996562
1.951043 6.382255
1.949999 6.407004
1.999312 6.707665
1.999312 6.710196
2.077616 6.389483
2.069955 5.303106
2.094193 4.297651
2.093573 4.215341
2.090258 4.236254
2.083638 4.284381
2.070612 4.477903
2.070612 4.577890
2.188077 5.655530
2.194023 5.322997
2.184712 5.195939
2.182947 5.005744
2.191345 5.424110
2.190921 4.817004
2.198975 4.663925
2.153508 4.331024
2.162123 4.280800
2.158965 4.255466
2.151163 4.259281
2.150001 4.290367
2.150096 4.491493
2.151629 4.664449
2.286074 5.814302
2.259292 5.707425
2.261722 5.398816
2.249993 5.249098
2.294083 6.611875
2.371992 5.587754
2.382205 6.631980
2.368674 6.639775
2.354182 6.647340
2.494537 6.648977
2.480470 5.806247
2.495960 3.953120
2.493208 3.931715
2.486567 4.738584
2.486567 4.780588
2.498631 6.646708
2.456675 6.669820
2.590680 4.097342
2.577089 4.055454
2.586850 4.581093
2.574091 4.559942
2.576972 4.533065
2.593905 4.507618
2.584486 4.414929
2.561349 4.526421
2.557258 4.718896
2.556879 4.865658
2.588831 4.982195
2.550011 6.690595
2.549713 6.729224
2.590327 6.999170
2.590327 7.027923
2.696675 6.079867
2.699382 5.956009
2.694898 5.356135
2.694898 5.250547
2.689061 5.678959
2.689110 4.212945
2.649972 4.655633
2.649993 4.643236
2.649961 4.599750
2.650194 4.556757
2.655548 4.563363
2.698445 4.243493
2.664320 4.595250
2.680557 4.621677
2.689591 5.277061
2.690630 6.438931
2.677609 7.059377
2.697548 6.927731
2.796082 6.846456
2.791716 6.052466
2.769603 5.970981
2.750106 5.244392
2.758706 5.051565
2.777691 4.866429
2.794605 4.686167
2.768090 5.045499
2.785846 5.767918
2.795370 6.905198
2.795370 6.904910
2.860512 6.106559
2.883760 5.855331
2.893482 5.955948
2.867002 6.945094
2.850111 6.956407
2.850434 6.955505
2.898420 7.214860
2.992812 6.936563
2.985926 6.208254
2.991440 6.089992
2.992078 4.855981
2.983027 4.844309
2.985734 4.824745
2.972592 4.974393
2.972592 5.062554
2.995823 6.166125
2.979188 6.955358
2.951958 6.995894
3.072866 6.224079
3.095438 6.009296
3.051883 4.990530
3.085802 4.329142
3.053067 4.923241
3.049994 4.917597
3.052586 4.867284
3.065583 4.234322
3.077439 4.825049
3.055535 4.803247
3.050518 4.984051
3.050764 5.145625
3.073175 5.235535
3.053815 7.004338
3.186101 6.330746
3.197183 5.360534
3.197183 5.316656
3.189216 5.322451
3.150462 4.880458
3.153773 4.866180
3.183915 4.908242
3.185584 5.232538
3.180791 5.313433
3.150598 5.317751
3.196103 7.227287
3.293201 7.140606
3.258860 6.389727
3.251069 5.286800
3.263039 5.113783
3.282003 4.950383
3.297724 4.824074
3.299378 4.573613
3.287293 7.220021
3.279297 7.221775
3.275958 7.226626
3.397405 6.466725
3.381941 6.473981
3.349960 4.978452
3.352378 4.809010
3.387315 5.241328
3.394911 5.147092
3.391004 5.132242
3.393162 5.116685
3.349997 5.066050
3.390755 5.240331
3.390755 5.271569
3.396880 6.164498
3.388862 7.240042
3.357825 7.261063
3.464350 6.522072
3.452574 5.269274
3.453519 5.208181
3.485525 5.116993
3.484247 5.055113
3.457471 5.222672
3.491965 5.431833
3.492905 7.267102
3.458759 7.281923
3.587975 6.601851
3.598407 6.589262
3.589998 4.617338
3.574524 4.585130
3.568802 4.555029
3.570384 4.531468
3.554134 5.160635
3.579866 5.138060
3.593525 5.143943
3.550011 5.101259
3.555684 5.528203
3.574808 5.681542
3.659308 6.663761
3.687597 5.471066
3.687050 5.352386
3.696919 5.240259
3.684109 5.210517
3.692564 5.542898
3.698649 7.506131
3.698649 7.508960
3.772074 6.758822
3.756112 5.213813
3.777339 5.064929
3.794839 4.952250
3.793965 5.527906
3.799488 5.435040
3.799488 5.432941
3.756496 5.317582
3.759438 5.399823
3.770164 7.538066
3.754393 7.543944
3.872934 6.786395
3.851343 5.556544
3.852772 5.502924
3.853595 5.466281
3.870063 5.432819
3.890819 5.410885
3.899455 7.554515
3.867211 7.561823
3.990304 6.873426
3.957729 5.451383
3.987312 5.425830
3.985022 5.210409
3.964317 5.344396
3.950366 5.489665
3.953370 5.625611
3.972549 5.757527
3.988486 5.864860
4.099604 4.948322
4.088990 4.913867
4.073015 4.879848
4.066617 4.851317
4.071326 4.826645
4.169504 7.032207
4.192353 5.355167
4.198330 5.812710
4.199478 5.737493
4.199478 5.731724
4.172848 5.591258
4.177095 5.664504
4.187277 5.738721
4.277637 5.207149
4.250145 5.845663
4.250180 5.803119
4.257165 5.765546
4.276439 5.728875
4.294601 5.706105
4.390300 7.148918
4.349962 5.795127
4.358957 5.746909
4.386138 5.725190
4.378767 5.619567
4.370160 5.728760
4.379452 5.851348
4.390536 5.998221
4.394761 6.087820
4.494775 5.738482
4.469952 5.500303
4.598867 6.038740
4.598867 6.030629
4.590444 5.863883
4.594825 5.910455
4.696548 7.311044
4.691902 5.467890
4.686681 5.365336
4.650084 6.095240
4.658674 6.061082
4.678813 6.027675
4.693473 6.007779
4.797397 7.413919
4.757730 6.046400
4.785006 6.025260
4.798988 5.908389
4.798988 5.952081
4.799989 6.037506
4.894157 6.037983
4.888943 5.787645
4.862985 5.889090
4.850000 6.012992
4.853425 6.141893
5.099970 5.692252
5.098424 5.633969
5.060685 6.353378
5.078062 6.325278
5.094214 6.306261
5.189225 7.561781
5.198294 7.499137
5.157874 6.342798
5.184292 6.325016
5.261211 7.492308
5.285832 7.412781
5.287071 6.344886
5.278480 6.262354
5.277513 6.391403
5.350399 7.434459
5.363088 7.353822
5.365547 5.533565
5.481244 6.619929
5.496798 6.603194
5.680381 6.650086
5.696521 6.445698
5.794650 7.709748
5.770464 5.825546
5.792830 6.500069
5.763958 6.490847
5.879513 7.648911
5.991031 6.598944
5.967495 6.622365
6.173602 6.775627
6.383978 6.945730
7.999827 6.420525
8.066490 6.466305
1.149831 4.236366
1.286420 5.125592
1.270489 4.017078
1.276627 3.839159
1.267130 3.703047
1.270799 3.586757
1.287181 3.496814
1.251101 4.685112
1.271363 4.807732
1.249825 4.268278
1.270365 6.020067
1.265533 6.394787
1.359347 5.172151
1.373051 4.890345
1.357206 4.796338
1.349988 4.043998
1.369950 4.678326
1.349999 3.885408
1.349998 3.751867
1.349992 3.625584
1.351264 3.503795
1.351150 3.423400
1.349994 4.731651
1.350228 4.875844
1.369394 4.977599
1.375567 6.341418
1.349720 6.108353
1.349974 6.070167
1.484592 5.330700
1.478369 5.032169
1.452392 4.968295
1.449998 4.864673
1.450142 4.703306
1.468089 4.578513
1.449981 3.563855
1.496175 4.004628
1.449991 3.485502
1.473166 3.956336
1.453303 5.050185
1.483705 5.133984
1.449961 6.140667
1.482269 6.377133
1.467121 6.425224
1.470225 6.473070
1.487348 6.496706
1.599662 6.075046
1.581610 5.936253
1.590713 4.910995
1.560854 4.772873
1.556623 5.095165
1.594706 4.463108
1.563675 4.026456
1.580557 3.926559
1.553486 3.982875
1.569353 4.068956
1.578567 4.144318
1.598956 4.451301
1.589794 5.473520
1.589794 5.573244
1.579581 6.493272
1.583379 6.345136
1.554568 6.407577
1.549987 6.499802
1.549967 6.549872
1.558912 6.547250
1.666329 6.123660
1.680169 5.153020
1.671301 5.355009
1.655812 5.016932
1.649939 4.835022
1.675289 5.206786
1.662233 4.480655
1.653601 4.051564
1.686825 3.946864
1.671809 3.935300
1.650870 3.975740
1.649889 4.053520
1.650457 4.235191
1.651832 4.404447
1.668241 5.275616
1.650203 5.448187
1.653032 5.668245
1.675804 5.802449
1.657220 6.371085
1.674493 6.593271
1.797312 5.346860
1.757115 5.233140
1.749949 5.078576
1.749985 4.015241
1.749860 4.007936
1.750021 4.303819
1.750046 4.475704
1.782579 5.083909
1.773694 6.330268
1.875723 5.549525
1.864256 5.412704
1.849708 5.299907
1.891326 5.356605
1.882552 3.631013
1.871429 5.832299
1.884130 6.331544
1.874894 6.334066
1.853584 6.364565
1.984267 6.209203
1.979801 5.159378
1.968713 5.060148
1.977043 4.937015
1.999683 4.027295
1.993213 4.850075
1.999683 4.019074
1.995445 3.820797
1.995445 3.771484
1.977656 3.686555
1.952938 3.675477
1.994078 4.810977
1.993826 4.901362
1.998687 4.996562
1.951043 6.382255
1.949999 6.407004
1.999312 6.707665
1.999312 6.710196
2.077616 6.389483
2.069955 5.303106
2.094193 4.297651
2.093573 4.215341
2.090258 4.236254
2.083638 4.284381
2.070612 4.477903
2.070612 4.577890
2.188077 5.655530
2.194023 5.322997
2.184712 5.195939
2.182947 5.005744
2.191345 5.424110
2.190921 4.817004
2.198975 4.663925
2.153508 4.331024
2.162123 4.280800
2.158965 4.255466
2.151163 4.259281
2.150001 4.290367
2.150096 4.491493
2.151629 4.664449
2.286074 5.814302
2.259292 5.707425
2.261722 5.398816
2.249993 5.249098
2.294083 6.611875
2.371992 5.587754
2.382205 6.631980
2.368674 6.639775
2.354182 6.647340
2.494537 6.648977
2.480470 5.806247
2.495960 3.953120
2.493208 3.931715
2.486567 4.738584
2.486567 4.780588
2.498631 6.646708
2.456675 6.669820
2.590680 4.097342
2.577089 4.055454
2.586850 4.581093
2.574091 4.559942
2.576972 4.533065
2.593905 4.507618
2.584486 4.414929
2.561349 4.526421
2.557258 4.718896
2.556879 4.865658
2.588831 4.982195
2.550011 6.690595
2.549713 6.729224
2.590327 6.999170
2.590327 7.027923
2.696675 6.079867
2.699382 5.956009
2.694898 5.356135
2.694898 5.250547
2.689061 5.678959
2.689110 4.212945
2.649972 4.655633
2.649993 4.643236
2.649961 4.599750
2.650194 4.556757
2.655548 4.563363
2.698445 4.243493
2.664320 4.595250
2.680557 4.621677
2.689591 5.277061
2.690630 6.438931
2.677609 7.059377
2.697548 6.927731
2.796082 6.846456
2.791716 6.052466
2.769603 5.970981
2.750106 5.244392
2.758706 5.051565
2.777691 4.866429
2.794605 4.686167
2.768090 5.045499
2.785846 5.767918
2.795370 6.905198
2.795370 6.904910
2.860512 6.106559
2.883760 5.855331
2.893482 5.955948
2.867002 6.945094
2.850111 6.956407
2.850434 6.955505
2.898420 7.214860
2.992812 6.936563
2.985926 6.208254
2.991440 6.089992
2.992078 4.855981
2.983027 4.844309
2.985734 4.824745
2.972592 4.974393
2.972592 5.062554
2.995823 6.166125
2.979188 6.955358
2.951958 6.995894
3.072866 6.224079
3.095438 6.009296
3.051883 4.990530
3.085802 4.329142
3.053067 4.923241
3.049994 4.917597
3.052586 4.867284
3.065583 4.234322
3.077439 4.825049
3.055535 4.803247
3.050518 4.984051
3.050764 5.145625
3.073175 5.235535
3.053815 7.004338
3.186101 6.330746
3.197183 5.360534
3.197183 5.316656
3.189216 5.322451
3.150462 4.880458
3.153773 4.866180
3.183915 4.908242
3.185584 5.232538
3.180791 5.313433
3.150598 5.317751
3.196103 7.227287
3.293201 7.140606
3.258860 6.389727
3.251069 5.286800
3.263039 5.113783
3.282003 4.950383
3.297724 4.824074
3.299378 4.573613
3.287293 7.220021
3.279297 7.221775
3.275958 7.226626
3.397405 6.466725
3.381941 6.473981
3.349960 4.978452
3.352378 4.809010
3.387315 5.241328
3.394911 5.147092
3.391004 5.132242
3.393162 5.116685
3.349997 5.066050
3.390755 5.240331
3.390755 5.271569
3.396880 6.164498
3.388862 7.240042
3.357825 7.261063
3.464350 6.522072
3.452574 5.269274
3.453519 5.208181
3.485525 5.116993
3.484247 5.055113
3.457471 5.222672
3.491965 5.431833
3.492905 7.267102
3.458759 7.281923
3.587975 6.601851
3.598407 6.589262
3.589998 4.617338
3.574524 4.585130
3.568802 4.555029
3.570384 4.531468
3.554134 5.160635
3.579866 5.138060
3.593525 5.143943
3.550011 5.101259
3.555684 5.528203
3.574808 5.681542
3.659308 6.663761
3.687597 5.471066
3.687050 5.352386
3.696919 5.240259
3.684109 5.210517
3.692564 5.542898
3.698649 7.506131
3.698649 7.508960
3.772074 6.758822
3.756112 5.213813
3.777339 5.064929
3.794839 4.952250
3.793965 5.527906
3.799488 5.435040
3.799488 5.432941
3.756496 5.317582
3.759438 5.399823
3.770164 7.538066
3.754393 7.543944
3.872934 6.786395
3.851343 5.556544
3.852772 5.502924
3.853595 5.466281
3.870063 5.432819
3.890819 5.410885
3.899455 7.554515
3.867211 7.561823
3.990304 6.873426
3.957729 5.451383
3.987312 5.425830
3.985022 5.210409
3.964317 5.344396
3.950366 5.489665
3.953370 5.625611
3.972549 5.757527
3.988486 5.864860
4.099604 4.948322
4.088990 4.913867
4.073015 4.879848
4.066617 4.851317
4.071326 4.826645
4.169504 7.032207
4.192353 5.355167
4.198330 5.812710
4.199478 5.737493
4.199478 5.731724
4.172848 5.591258
4.177095 5.664504
4.187277 5.738721
4.277637 5.207149
4.250145 5.845663
4.250180 5.803119
4.257165 5.765546
4.276439 5.728875
4.294601 5.706105
4.390300 7.148918
4.349962 5.795127
4.358957 5.746909
4.386138 5.725190
4.378767 5.619567
4.370160 5.728760
4.379452 5.851348
4.390536 5.998221
4.394761 6.087820
4.494775 5.738482
4.469952 5.500303
4.598867 6.038740
4.598867 6.030629
4.590444 5.863883
4.594825 5.910455
4.696548 7.311044
4.691902 5.467890
4.686681 5.365336
4.650084 6.095240
4.658674 6.061082
4.678813 6.027675
4.693473 6.007779
4.797397 7.413919
4.757730 6.046400
4.785006 6.025260
4.798988 5.908389
4.798988 5.952081
4.799989 6.037506
4.894157 6.037983
4.888943 5.787645
4.862985 5.889090
4.850000 6.012992
4.853425 6.141893
5.099970 5.692252
5.098424 5.633969
5.060685 6.353378
5.078062 6.325278
5.094214 6.306261
5.189225 7.561781
5.198294 7.499137
5.157874 6.342798
5.184292 6.325016
5.261211 7.492308
5.285832 7.412781
5.287071 6.344886
5.278480 6.262354
5.277513 6.391403
5.350399 7.434459
5.363088 7.353822
5.365547 5.533565
5.481244 6.619929
5.496798 6.603194
5.680381 6.650086
5.696521 6.445698
5.794650 7.709748
5.770464 5.825546
5.792830 6.500069
5.763958 6.490847
5.879513 7.648911
5.991031 6.598944
5.967495 6.622365
6.173602 6.775627
6.383978 6.945730
7.999827 6.420525
8.066490 6.466305
