0.955000   0.000010  0.0000000  0.0000000
0.975000   0.000020  0.0000000  0.0000000
0.995000   0.000020  0.0000000  0.0000000
1.015000   0.000040  0.0000002  0.0000002
1.035000   0.000050  0.0000002  0.0000004
1.055000   0.000070  0.0000004  0.0000008
1.075000   0.000100  0.0000004  0.0000012
1.095000   0.000140  0.0000008  0.0000020
1.115000   0.000180  0.0000010  0.0000030
1.135000   0.000240  0.0000014  0.0000044
1.155000   0.000310  0.0000020  0.0000064
1.175000   0.000400  0.0000028  0.0000092
1.195000   0.000510  0.0000040  0.0000132
1.215000   0.000650  0.0000056  0.0000188
1.235000   0.000810  0.0000076  0.0000264
1.255000   0.001010  0.0000104  0.0000368
1.275000   0.001260  0.0000142  0.0000510
1.295000   0.001560  0.0000196  0.0000706
1.315000   0.001930  0.0000268  0.0000974
1.335000   0.002390  0.0000370  0.0001345
1.355000   0.002970  0.0000514  0.0001859
1.375000   0.003700  0.0000718  0.0002577
1.395000   0.004630  0.0001012  0.0003590
1.415000   0.005840  0.0001447  0.0005036
1.435000   0.007450  0.0002101  0.0007137
1.455000   0.009630  0.0003115  0.0010252
1.475000   0.012670  0.0004738  0.0014990
1.495000   0.017050  0.0007431  0.0022422
1.515000   0.023550  0.0012083  0.0034505
1.535000   0.033370  0.0020353  0.0054857
1.555000   0.047650  0.0034905  0.0089762
1.575000   0.066010  0.0058605  0.0148367
1.595000   0.086030  0.0093242  0.0241608
1.615000   0.105290  0.0140273  0.0381882
1.635000   0.122660  0.0202124  0.0584006
1.655000   0.137800  0.0282046  0.0866051
1.675000   0.150720  0.0382982  0.1249034
1.695000   0.161520  0.0504804  0.1753838
1.715000   0.170330  0.0639357  0.2393195
1.735000   0.177310  0.0765102  0.3158297
1.755000   0.182590  0.0849122  0.4007419
1.775000   0.186310  0.0864445  0.4871864
1.795000   0.188610  0.0810686  0.5682549
1.815000   0.189620  0.0713004  0.6395554
1.835000   0.189480  0.0601403  0.6996957
1.855000   0.188300  0.0495920  0.7492877
1.875000   0.186220  0.0405126  0.7898003
1.895000   0.183340  0.0330504  0.8228507
1.915000   0.179780  0.0270443  0.8498950
1.935000   0.175630  0.0222438  0.8721388
1.955000   0.171010  0.0184064  0.8905452
1.975000   0.165990  0.0153261  0.9058713
1.995000   0.160660  0.0128388  0.9187101
2.015000   0.155100  0.0108170  0.9295271
2.035000   0.149370  0.0091621  0.9386892
2.055000   0.143530  0.0077987  0.9464879
2.075000   0.137650  0.0066680  0.9531559
2.095000   0.131760  0.0057252  0.9588812
2.115000   0.125910  0.0049345  0.9638157
2.135000   0.120130  0.0042682  0.9680839
2.155000   0.114460  0.0037038  0.9717876
2.175000   0.108910  0.0032238  0.9750114
2.195000   0.103510  0.0028140  0.9778254
2.215000   0.098270  0.0024628  0.9802882
2.235000   0.093210  0.0021607  0.9824490
2.255000   0.088330  0.0019000  0.9843490
2.275000   0.083650  0.0016745  0.9860235
2.295000   0.079150  0.0014788  0.9875023
2.315000   0.074850  0.0013086  0.9888109
2.335000   0.070750  0.0011601  0.9899709
2.355000   0.066840  0.0010302  0.9910012
2.375000   0.063120  0.0009166  0.9919178
2.395000   0.059580  0.0008167  0.9927345
2.415000   0.056220  0.0007289  0.9934634
2.435000   0.053040  0.0006517  0.9941151
2.455000   0.050030  0.0005832  0.9946984
2.475000   0.047180  0.0005228  0.9952212
2.495000   0.044490  0.0004694  0.9956906
2.515000   0.041950  0.0004218  0.9961124
2.535000   0.039550  0.0003796  0.9964919
2.555000   0.037280  0.0003421  0.9968341
2.575000   0.035150  0.0003085  0.9971426
2.595000   0.033140  0.0002787  0.9974213
2.615000   0.031240  0.0002521  0.9976734
2.635000   0.029460  0.0002281  0.9979015
2.655000   0.027780  0.0002067  0.9981082
2.675000   0.026190  0.0001875  0.9982957
2.695000   0.024710  0.0001703  0.9984659
2.715000   0.023310  0.0001549  0.9986208
2.735000   0.021990  0.0001409  0.9987617
2.755000   0.020750  0.0001283  0.9988899
2.775000   0.019580  0.0001170  0.9990070
2.795000   0.018490  0.0001068  0.9991138
2.815000   0.017460  0.0000974  0.9992113
2.835000   0.016490  0.0000892  0.9993005
2.855000   0.015580  0.0000816  0.9993821
2.875000   0.014730  0.0000748  0.9994570
2.895000   0.013930  0.0000686  0.9995256
2.915000   0.013180  0.0000630  0.9995886
2.935000   0.012470  0.0000578  0.9996465
2.955000   0.011800  0.0000532  0.9996997
2.975000   0.011180  0.0000490  0.9997487
2.995000   0.010590  0.0000450  0.9997937
3.015000   0.010030  0.0000416  0.9998353
3.035000   0.009510  0.0000384  0.9998737
3.055000   0.009020  0.0000354  0.9999092
3.075000   0.008550  0.0000326  0.9999418
3.095000   0.008120  0.0000302  0.9999720
3.115000   0.007700  0.0000280  1.0000000
