0.278970   0.000070  0.0000000  0.0000000
0.298970   0.001320  0.0000004  0.0000004
0.318970   0.003100  0.0000012  0.0000016
0.338970   0.005060  0.0000025  0.0000041
0.358970   0.007080  0.0000037  0.0000078
0.378970   0.009070  0.0000055  0.0000133
0.398970   0.010990  0.0000074  0.0000207
0.418970   0.012830  0.0000098  0.0000306
0.438970   0.014570  0.0000125  0.0000431
0.458970   0.016210  0.0000154  0.0000585
0.478970   0.017750  0.0000187  0.0000771
0.498970   0.019190  0.0000224  0.0000995
0.518970   0.020530  0.0000265  0.0001260
0.538970   0.021780  0.0000310  0.0001569
0.558970   0.022950  0.0000361  0.0001930
0.578970   0.024040  0.0000414  0.0002345
0.598970   0.025060  0.0000476  0.0002821
0.618970   0.026000  0.0000542  0.0003362
0.638970   0.026890  0.0000613  0.0003976
0.658970   0.027710  0.0000693  0.0004669
0.678970   0.028480  0.0000782  0.0005451
0.698970   0.029210  0.0000876  0.0006326
0.718970   0.029880  0.0000983  0.0007309
0.738970   0.030510  0.0001100  0.0008409
0.758970   0.031110  0.0001227  0.0009635
0.778970   0.031670  0.0001368  0.0011004
0.798970   0.032200  0.0001526  0.0012530
0.818970   0.032700  0.0001701  0.0014230
0.838970   0.033200  0.0001898  0.0016128
0.858970   0.033690  0.0002117  0.0018245
0.878970   0.034220  0.0002365  0.0020610
0.898970   0.034820  0.0002652  0.0023263
0.918970   0.035570  0.0002993  0.0026256
0.938970   0.036610  0.0003407  0.0029663
0.958970   0.038230  0.0003943  0.0033606
0.978970   0.040810  0.0004677  0.0038283
0.998970   0.046110  0.0005885  0.0044168
1.018970   0.056380  0.0008033  0.0052202
1.038970   0.070970  0.0011318  0.0063519
1.058970   0.091280  0.0016317  0.0079836
1.078970   0.119780  0.0024007  0.0103843
1.098970   0.156130  0.0034993  0.0138836
1.118970   0.198760  0.0049516  0.0188352
1.138970   0.245930  0.0067427  0.0255779
1.158970   0.289900  0.0086807  0.0342586
1.178970   0.326840  0.0106518  0.0449104
1.198970   0.356520  0.0126384  0.0575488
1.218970   0.375190  0.0145946  0.0721434
1.238970   0.385780  0.0166160  0.0887594
1.258970   0.391840  0.0187893  0.1075487
1.278970   0.392540  0.0211576  0.1287063
1.298970   0.391510  0.0237803  0.1524866
1.318970   0.390710  0.0266475  0.1791341
1.338970   0.388980  0.0297353  0.2088694
1.358970   0.388490  0.0328971  0.2417664
1.378970   0.389420  0.0359188  0.2776852
1.398970   0.390270  0.0386440  0.3163292
1.418970   0.392570  0.0407143  0.3570435
1.438970   0.395790  0.0419379  0.3989815
1.458970   0.398640  0.0423332  0.4413147
1.478970   0.402350  0.0417818  0.4830966
1.498970   0.405950  0.0404995  0.5235961
1.518970   0.408340  0.0387523  0.5623484
1.538970   0.410240  0.0366355  0.5989839
1.558970   0.410390  0.0343767  0.6333607
1.578970   0.408180  0.0320847  0.6654454
1.598970   0.404060  0.0297814  0.6952268
1.618970   0.397540  0.0275128  0.7227396
1.638970   0.388810  0.0252856  0.7480252
1.658970   0.378390  0.0231072  0.7711325
1.678970   0.366540  0.0209949  0.7921274
1.698970   0.353710  0.0189690  0.8110964
1.718970   0.340280  0.0170511  0.8281475
1.738970   0.326600  0.0152617  0.8434092
1.758970   0.312960  0.0136151  0.8570243
1.778970   0.299530  0.0121180  0.8691422
1.798970   0.286510  0.0107720  0.8799143
1.818970   0.274010  0.0095728  0.8894871
1.838970   0.262070  0.0085108  0.8979978
1.858970   0.250770  0.0075756  0.9055734
1.878970   0.240130  0.0067550  0.9123284
1.898970   0.230130  0.0060362  0.9183646
1.918970   0.220770  0.0054075  0.9237721
1.938970   0.212040  0.0048575  0.9286296
1.958970   0.203900  0.0043762  0.9330058
1.978970   0.196330  0.0039545  0.9369603
1.998970   0.189310  0.0035846  0.9405448
2.018970   0.182780  0.0032592  0.9438041
2.038970   0.176740  0.0029729  0.9467770
2.058970   0.171130  0.0027199  0.9494969
2.078970   0.165940  0.0024961  0.9519930
2.098970   0.161140  0.0022973  0.9542904
2.118970   0.156690  0.0021207  0.9564111
2.138970   0.152580  0.0019632  0.9583743
2.158970   0.148770  0.0018222  0.9601965
2.178970   0.145250  0.0016959  0.9618924
2.198970   0.142000  0.0015822  0.9634746
2.218970   0.138990  0.0014801  0.9649547
2.238970   0.136200  0.0013876  0.9663423
2.258970   0.133620  0.0013039  0.9676461
2.278970   0.131240  0.0012280  0.9688741
2.298970   0.129030  0.0011586  0.9700327
2.318970   0.126990  0.0010956  0.9711284
2.338970   0.125110  0.0010380  0.9721664
2.358970   0.123360  0.0009851  0.9731514
2.378970   0.121740  0.0009365  0.9740879
2.398970   0.120250  0.0008919  0.9749798
2.418970   0.118870  0.0008507  0.9758306
2.438970   0.117590  0.0008126  0.9766431
2.458970   0.116400  0.0007773  0.9774204
2.478970   0.115300  0.0007447  0.9781650
2.498970   0.114290  0.0007141  0.9788791
2.518970   0.113350  0.0006858  0.9795649
2.538970   0.112480  0.0006593  0.9802242
2.558970   0.111670  0.0006347  0.9808589
2.578970   0.110930  0.0006115  0.9814704
2.598970   0.110240  0.0005900  0.9820604
2.618970   0.109600  0.0005697  0.9826301
2.638970   0.109010  0.0005504  0.9831805
2.658970   0.108460  0.0005323  0.9837128
2.678970   0.107950  0.0005153  0.9842281
2.698970   0.107480  0.0004993  0.9847274
2.718970   0.107050  0.0004841  0.9852115
2.738970   0.106650  0.0004698  0.9856813
2.758970   0.106270  0.0004560  0.9861373
2.778970   0.105930  0.0004431  0.9865804
2.798970   0.105610  0.0004308  0.9870112
2.818970   0.105320  0.0004191  0.9874303
2.838970   0.105050  0.0004078  0.9878381
2.858970   0.104800  0.0003974  0.9882355
2.878970   0.104570  0.0003871  0.9886226
2.898970   0.104350  0.0003775  0.9890001
2.918970   0.104160  0.0003680  0.9893681
2.938970   0.103980  0.0003592  0.9897273
2.958970   0.103810  0.0003508  0.9900781
2.978970   0.103660  0.0003426  0.9904206
2.998970   0.103520  0.0003348  0.9907554
3.018970   0.103390  0.0003272  0.9910826
3.038970   0.103270  0.0003200  0.9914026
3.058970   0.103160  0.0003130  0.9917157
3.078970   0.103060  0.0003063  0.9920219
3.098970   0.102970  0.0002997  0.9923217
3.118970   0.102880  0.0002936  0.9926152
3.138970   0.102810  0.0002876  0.9929028
3.158970   0.102740  0.0002819  0.9931847
3.178970   0.102680  0.0002761  0.9934608
3.198970   0.102620  0.0002708  0.9937316
3.218970   0.102570  0.0002654  0.9939970
3.238970   0.102520  0.0002605  0.9942576
3.258970   0.102480  0.0002556  0.9945132
3.278970   0.102440  0.0002509  0.9947640
3.298970   0.102410  0.0002462  0.9950102
3.318970   0.102380  0.0002419  0.9952521
3.338970   0.102360  0.0002376  0.9954896
3.358970   0.102340  0.0002332  0.9957229
3.378970   0.102320  0.0002291  0.9959520
3.398970   0.102300  0.0002252  0.9961772
3.418970   0.102290  0.0002215  0.9963988
3.438970   0.102280  0.0002177  0.9966164
3.458970   0.102270  0.0002142  0.9968306
3.478970   0.102260  0.0002107  0.9970413
3.498970   0.102260  0.0002072  0.9972485
3.518970   0.102250  0.0002039  0.9974524
3.538970   0.102250  0.0002006  0.9976530
3.558970   0.102250  0.0001973  0.9978504
3.578970   0.102260  0.0001943  0.9980446
3.598970   0.102260  0.0001914  0.9982360
3.618970   0.102260  0.0001885  0.9984245
3.638970   0.102270  0.0001857  0.9986102
3.658970   0.102280  0.0001828  0.9987930
3.678970   0.102280  0.0001801  0.9989731
3.698970   0.102290  0.0001774  0.9991505
3.718970   0.102300  0.0001748  0.9993253
3.738970   0.102310  0.0001723  0.9994976
3.758970   0.102320  0.0001699  0.9996675
3.778970   0.102340  0.0001674  0.9998349
3.798970   0.102350  0.0001651  1.0000000
