0.849840   0.000010  0.0000002  0.0000002
0.869840   0.000030  0.0000004  0.0000006
0.889840   0.000070  0.0000010  0.0000016
0.909840   0.000140  0.0000022  0.0000038
0.929840   0.000230  0.0000042  0.0000080
0.949840   0.000370  0.0000076  0.0000156
0.969840   0.000550  0.0000132  0.0000288
0.989840   0.000810  0.0000224  0.0000512
1.009840   0.001170  0.0000378  0.0000891
1.029840   0.001680  0.0000644  0.0001535
1.049840   0.002440  0.0001115  0.0002650
1.069840   0.003600  0.0001995  0.0004645
1.089840   0.005530  0.0003768  0.0008413
1.109840   0.008940  0.0007637  0.0016050
1.129840   0.014570  0.0015938  0.0031988
1.149840   0.020930  0.0030163  0.0062152
1.169840   0.026990  0.0053076  0.0115228
1.189840   0.032630  0.0091735  0.0206962
1.209840   0.037830  0.0161846  0.0368808
1.229840   0.042590  0.0302245  0.0671053
1.249840   0.046910  0.0620271  0.1291324
1.269840   0.050820  0.1391931  0.2683255
1.289840   0.054320  0.2444769  0.5128024
1.309840   0.057410  0.1820039  0.6948063
1.329840   0.060120  0.0948609  0.7896672
1.349840   0.062450  0.0535187  0.8431858
1.369840   0.064420  0.0338060  0.8769919
1.389840   0.066020  0.0232423  0.9002341
1.409840   0.067280  0.0169717  0.9172058
1.429840   0.068210  0.0129449  0.9301507
1.449840   0.068810  0.0101979  0.9403486
1.469840   0.069120  0.0082339  0.9485825
1.489840   0.069140  0.0067763  0.9553588
1.509840   0.068900  0.0056618  0.9610207
1.529840   0.068410  0.0047883  0.9658089
1.549840   0.067690  0.0040896  0.9698985
1.569840   0.066760  0.0035215  0.9734200
1.589840   0.065640  0.0030528  0.9764727
1.609840   0.064360  0.0026613  0.9791340
1.629840   0.062930  0.0023311  0.9814651
1.649840   0.061370  0.0020501  0.9835152
1.669840   0.059700  0.0018092  0.9853244
1.689840   0.057950  0.0016012  0.9869256
1.709840   0.056120  0.0014209  0.9883465
1.729840   0.054230  0.0012636  0.9896102
1.749840   0.052310  0.0011259  0.9907361
1.769840   0.050360  0.0010050  0.9917411
1.789840   0.048400  0.0008984  0.9926395
1.809840   0.046440  0.0008043  0.9934438
1.829840   0.044480  0.0007209  0.9941647
1.849840   0.042550  0.0006468  0.9948115
1.869840   0.040650  0.0005810  0.9953925
1.889840   0.038780  0.0005223  0.9959148
1.909840   0.036960  0.0004701  0.9963849
1.929840   0.035180  0.0004233  0.9968082
1.949840   0.033450  0.0003816  0.9971898
1.969840   0.031780  0.0003442  0.9975340
1.989840   0.030160  0.0003106  0.9978446
2.009840   0.028600  0.0002806  0.9981252
2.029840   0.027110  0.0002536  0.9983788
2.049840   0.025670  0.0002293  0.9986081
2.069840   0.024300  0.0002077  0.9988158
2.089840   0.022980  0.0001881  0.9990040
2.109840   0.021730  0.0001705  0.9991745
2.129840   0.020530  0.0001545  0.9993290
2.149840   0.019400  0.0001403  0.9994693
2.169840   0.018320  0.0001273  0.9995965
2.189840   0.017290  0.0001157  0.9997122
2.209840   0.016320  0.0001051  0.9998173
2.229840   0.015390  0.0000957  0.9999129
2.249840   0.014520  0.0000871  1.0000000
