0.686000   0.000020  0.0000000  0.0000000
0.706000   0.004620  0.0000134  0.0000134
0.726000   0.006480  0.0000207  0.0000341
0.746000   0.007880  0.0000276  0.0000617
0.766000   0.009020  0.0000345  0.0000962
0.786000   0.009990  0.0000420  0.0001382
0.806000   0.010850  0.0000499  0.0001882
0.826000   0.011610  0.0000585  0.0002466
0.846000   0.012290  0.0000680  0.0003146
0.866000   0.012910  0.0000786  0.0003932
0.886000   0.013470  0.0000901  0.0004833
0.906000   0.013990  0.0001031  0.0005864
0.926000   0.014480  0.0001177  0.0007042
0.946000   0.014940  0.0001344  0.0008385
0.966000   0.015380  0.0001535  0.0009920
0.986000   0.015830  0.0001752  0.0011672
1.006000   0.020850  0.0002570  0.0014242
1.026000   0.023340  0.0003213  0.0017455
1.046000   0.025380  0.0003916  0.0021371
1.066000   0.027400  0.0004754  0.0026125
1.086000   0.030410  0.0005960  0.0032084
1.106000   0.037810  0.0008406  0.0040490
1.126000   0.049830  0.0012620  0.0053110
1.146000   0.066710  0.0019323  0.0072433
1.166000   0.087210  0.0028983  0.0101415
1.186000   0.108980  0.0041688  0.0143103
1.206000   0.129770  0.0057336  0.0200440
1.226000   0.148110  0.0075920  0.0276360
1.246000   0.163410  0.0097743  0.0374103
1.266000   0.175740  0.0123525  0.0497628
1.286000   0.185560  0.0154440  0.0652069
1.306000   0.193480  0.0192117  0.0844186
1.326000   0.200150  0.0238553  0.1082739
1.346000   0.206170  0.0295776  0.1378515
1.366000   0.212080  0.0364940  0.1743455
1.386000   0.218420  0.0444394  0.2187849
1.406000   0.225700  0.0526702  0.2714552
1.426000   0.234470  0.0596679  0.3311231
1.446000   0.245330  0.0635352  0.3946583
1.466000   0.259000  0.0631370  0.4577953
1.486000   0.276110  0.0590088  0.5168041
1.506000   0.297090  0.0528529  0.5696570
1.526000   0.321420  0.0463794  0.6160364
1.546000   0.346780  0.0406496  0.6566860
1.566000   0.368980  0.0360438  0.6927298
1.586000   0.383720  0.0324791  0.7252089
1.606000   0.388890  0.0296474  0.7548563
1.626000   0.385020  0.0272164  0.7820727
1.646000   0.374090  0.0249385  0.8070112
1.666000   0.358360  0.0226798  0.8296910
1.686000   0.339790  0.0204059  0.8500969
1.706000   0.319820  0.0181470  0.8682439
1.726000   0.299540  0.0159639  0.8842078
1.746000   0.279600  0.0139165  0.8981243
1.766000   0.260460  0.0120494  0.9101738
1.786000   0.242370  0.0103862  0.9205599
1.806000   0.225480  0.0089315  0.9294915
1.826000   0.209820  0.0076760  0.9371675
1.846000   0.195400  0.0066026  0.9437701
1.866000   0.182120  0.0056890  0.9494591
1.886000   0.170090  0.0049184  0.9543775
1.906000   0.159080  0.0042656  0.9586432
1.926000   0.149070  0.0037137  0.9623569
1.946000   0.139950  0.0032464  0.9656033
1.966000   0.131680  0.0028500  0.9684532
1.986000   0.124170  0.0025130  0.9709662
2.006000   0.117350  0.0022256  0.9731918
2.026000   0.111170  0.0019798  0.9751716
2.046000   0.105550  0.0017688  0.9769404
2.066000   0.100460  0.0015872  0.9785276
2.086000   0.095830  0.0014301  0.9799576
2.106000   0.091630  0.0012939  0.9812515
2.126000   0.087810  0.0011751  0.9824266
2.146000   0.084340  0.0010714  0.9834980
2.166000   0.081180  0.0009806  0.9844786
2.186000   0.078300  0.0009007  0.9853793
2.206000   0.075690  0.0008300  0.9862093
2.226000   0.073310  0.0007675  0.9869768
2.246000   0.071130  0.0007121  0.9876889
2.266000   0.069150  0.0006624  0.9883513
2.286000   0.067340  0.0006181  0.9889694
2.306000   0.065680  0.0005783  0.9895477
2.326000   0.064170  0.0005426  0.9900903
2.346000   0.062790  0.0005103  0.9906006
2.366000   0.061520  0.0004809  0.9910815
2.386000   0.060360  0.0004545  0.9915360
2.406000   0.059300  0.0004301  0.9919661
2.426000   0.058320  0.0004082  0.9923743
2.446000   0.057430  0.0003879  0.9927622
2.466000   0.056620  0.0003694  0.9931317
2.486000   0.055870  0.0003526  0.9934842
2.506000   0.055190  0.0003368  0.9938210
2.526000   0.054560  0.0003223  0.9941434
2.546000   0.053980  0.0003089  0.9944523
2.566000   0.053450  0.0002966  0.9947489
2.586000   0.052960  0.0002850  0.9950339
2.606000   0.052510  0.0002742  0.9953081
2.626000   0.052100  0.0002641  0.9955722
2.646000   0.051720  0.0002548  0.9958269
2.666000   0.051370  0.0002458  0.9960728
2.686000   0.051040  0.0002377  0.9963105
2.706000   0.050740  0.0002298  0.9965403
2.726000   0.050470  0.0002225  0.9967627
2.746000   0.050210  0.0002156  0.9969783
2.766000   0.049980  0.0002091  0.9971874
2.786000   0.049760  0.0002028  0.9973902
2.806000   0.049560  0.0001969  0.9975871
2.826000   0.049370  0.0001914  0.9977785
2.846000   0.049200  0.0001861  0.9979646
2.866000   0.049040  0.0001811  0.9981457
2.886000   0.048900  0.0001764  0.9983221
2.906000   0.048760  0.0001717  0.9984938
2.926000   0.048630  0.0001675  0.9986613
2.946000   0.048520  0.0001632  0.9988245
2.966000   0.048410  0.0001591  0.9989836
2.986000   0.048310  0.0001555  0.9991391
3.006000   0.048220  0.0001518  0.9992910
3.026000   0.048130  0.0001482  0.9994391
3.046000   0.048050  0.0001449  0.9995841
3.066000   0.047980  0.0001417  0.9997258
3.086000   0.047910  0.0001386  0.9998644
3.106000   0.047850  0.0001356  1.0000000
