0.564830   0.000030  0.0000000  0.0000000
0.584830   0.000050  0.0000000  0.0000000
0.604830   0.000080  0.0000000  0.0000000
0.624830   0.000120  0.0000002  0.0000002
0.644830   0.000190  0.0000002  0.0000004
0.664830   0.000290  0.0000004  0.0000008
0.684830   0.000430  0.0000006  0.0000014
0.704830   0.000630  0.0000008  0.0000022
0.724830   0.000910  0.0000014  0.0000036
0.744830   0.001300  0.0000022  0.0000058
0.764830   0.001860  0.0000032  0.0000090
0.784830   0.002640  0.0000050  0.0000140
0.804830   0.003760  0.0000078  0.0000218
0.824830   0.005370  0.0000120  0.0000338
0.844830   0.007710  0.0000188  0.0000526
0.864830   0.011140  0.0000292  0.0000818
0.884830   0.016210  0.0000462  0.0001280
0.904830   0.023670  0.0000730  0.0002011
0.924830   0.034500  0.0001154  0.0003165
0.944830   0.049740  0.0001807  0.0004971
0.964830   0.070440  0.0002777  0.0007748
0.984830   0.097610  0.0004175  0.0011923
1.004830   0.132240  0.0006136  0.0018059
1.024830   0.175250  0.0008815  0.0026874
1.044830   0.227450  0.0012366  0.0039239
1.064830   0.289370  0.0016933  0.0056172
1.084830   0.361030  0.0022580  0.0078752
1.104830   0.441700  0.0029234  0.0107987
1.124830   0.529570  0.0036622  0.0144609
1.144830   0.621510  0.0044285  0.0188894
1.164830   0.712980  0.0051671  0.0240565
1.184830   0.798280  0.0058337  0.0298901
1.204830   0.871100  0.0064102  0.0363004
1.224830   0.925430  0.0069072  0.0432075
1.244830   0.956690  0.0073559  0.0505634
1.264830   0.962620  0.0077944  0.0583579
1.284830   0.943790  0.0082580  0.0666158
1.304830   0.903460  0.0087735  0.0753893
1.324830   0.846880  0.0093583  0.0847476
1.344830   0.780220  0.0100233  0.0947709
1.364830   0.709690  0.0107759  0.1055467
1.384830   0.641010  0.0116261  0.1171729
1.404830   0.578610  0.0125946  0.1297675
1.424830   0.524050  0.0137149  0.1434824
1.444830   0.477100  0.0150339  0.1585163
1.464830   0.437150  0.0166109  0.1751272
1.484830   0.403530  0.0185191  0.1936463
1.504830   0.375450  0.0208438  0.2144901
1.524830   0.352140  0.0236796  0.2381696
1.544830   0.332790  0.0271205  0.2652902
1.564830   0.316640  0.0312399  0.2965301
1.584830   0.303000  0.0360481  0.3325782
1.604830   0.291240  0.0414250  0.3740032
1.624830   0.280880  0.0470200  0.4210232
1.644830   0.271560  0.0521579  0.4731811
1.664830   0.262950  0.0558920  0.5290731
1.684830   0.254850  0.0572654  0.5863385
1.704830   0.247090  0.0557935  0.6421320
1.724830   0.239520  0.0517742  0.6939062
1.744830   0.232090  0.0461050  0.7400111
1.764830   0.224690  0.0398260  0.7798371
1.784830   0.217320  0.0337276  0.8135648
1.804830   0.209930  0.0282489  0.8418136
1.824830   0.202520  0.0235473  0.8653609
1.844830   0.195100  0.0196162  0.8849771
1.864830   0.187690  0.0163733  0.9013504
1.884830   0.180280  0.0137121  0.9150625
1.904830   0.172910  0.0115309  0.9265934
1.924830   0.165600  0.0097396  0.9363330
1.944830   0.158370  0.0082630  0.9445960
1.964830   0.151250  0.0070406  0.9516366
1.984830   0.144250  0.0060239  0.9576605
2.004830   0.137410  0.0051741  0.9628346
2.024830   0.130730  0.0044603  0.9672949
2.044830   0.124240  0.0038581  0.9711530
2.064830   0.117940  0.0033478  0.9745007
2.084830   0.111860  0.0029136  0.9774143
2.104830   0.105990  0.0025427  0.9799571
2.124830   0.100340  0.0022248  0.9821819
2.144830   0.094920  0.0019514  0.9841333
2.164830   0.089730  0.0017155  0.9858488
2.184830   0.084770  0.0015114  0.9873602
2.204830   0.080030  0.0013344  0.9886946
2.224830   0.075520  0.0011801  0.9898747
2.244830   0.071240  0.0010459  0.9909206
2.264830   0.067160  0.0009285  0.9918491
2.284830   0.063300  0.0008254  0.9926745
2.304830   0.059640  0.0007352  0.9934097
2.324830   0.056180  0.0006558  0.9940655
2.344830   0.052910  0.0005858  0.9946513
2.364830   0.049820  0.0005241  0.9951754
2.384830   0.046900  0.0004695  0.9956450
2.404830   0.044150  0.0004211  0.9960661
2.424830   0.041560  0.0003783  0.9964444
2.444830   0.039120  0.0003401  0.9967845
2.464830   0.036820  0.0003063  0.9970908
2.484830   0.034660  0.0002761  0.9973668
2.504830   0.032640  0.0002493  0.9976161
2.524830   0.030740  0.0002253  0.9978414
2.544830   0.028950  0.0002039  0.9980452
2.564830   0.027270  0.0001847  0.9982299
2.584830   0.025690  0.0001676  0.9983975
2.604830   0.024220  0.0001520  0.9985496
2.624830   0.022830  0.0001382  0.9986878
2.644830   0.021520  0.0001258  0.9988137
2.664830   0.020300  0.0001146  0.9989283
2.684830   0.019150  0.0001044  0.9990327
2.704830   0.018070  0.0000954  0.9991282
2.724830   0.017050  0.0000870  0.9992152
2.744830   0.016100  0.0000796  0.9992948
2.764830   0.015210  0.0000728  0.9993676
2.784830   0.014370  0.0000668  0.9994344
2.804830   0.013570  0.0000612  0.9994957
2.824830   0.012830  0.0000562  0.9995519
2.844830   0.012130  0.0000516  0.9996035
2.864830   0.011480  0.0000474  0.9996509
2.884830   0.010860  0.0000436  0.9996945
2.904830   0.010280  0.0000402  0.9997347
2.924830   0.009730  0.0000370  0.9997717
2.944830   0.009210  0.0000340  0.9998057
2.964830   0.008730  0.0000314  0.9998372
2.984830   0.008270  0.0000290  0.9998662
3.004830   0.007840  0.0000268  0.9998930
3.024830   0.007440  0.0000248  0.9999178
3.044830   0.007050  0.0000230  0.9999408
3.064830   0.006690  0.0000212  0.9999620
3.084830   0.006350  0.0000198  0.9999818
3.104830   0.006030  0.0000182  1.0000000
