0.454760   0.000010  0.0000000  0.0000000
0.474760   0.000040  0.0000002  0.0000002
0.494760   0.000090  0.0000004  0.0000006
0.514760   0.000200  0.0000008  0.0000014
0.534760   0.000370  0.0000020  0.0000034
0.554760   0.000650  0.0000038  0.0000072
0.574760   0.001080  0.0000070  0.0000142
0.594760   0.001720  0.0000124  0.0000266
0.614760   0.002630  0.0000212  0.0000479
0.634760   0.003930  0.0000356  0.0000835
0.654760   0.005760  0.0000587  0.0001422
0.674760   0.008290  0.0000949  0.0002371
0.694760   0.011760  0.0001516  0.0003886
0.714760   0.016490  0.0002401  0.0006287
0.734760   0.022890  0.0003770  0.0010057
0.754760   0.031530  0.0005894  0.0015952
0.774760   0.043130  0.0009176  0.0025128
0.794760   0.058680  0.0014252  0.0039379
0.814760   0.079500  0.0022088  0.0061468
0.834760   0.107310  0.0034129  0.0095597
0.854760   0.144220  0.0052313  0.0147910
0.874760   0.192310  0.0078616  0.0226527
0.894760   0.252300  0.0113340  0.0339867
0.914760   0.321370  0.0152676  0.0492543
0.934760   0.392450  0.0189476  0.0682019
0.954760   0.456900  0.0218768  0.0900787
0.974760   0.508160  0.0240800  0.1141588
0.994760   0.542940  0.0258776  0.1400364
1.014760   0.560730  0.0276089  0.1676453
1.034760   0.562720  0.0295396  0.1971849
1.054760   0.551340  0.0318620  0.2290469
1.074760   0.529340  0.0347319  0.2637789
1.094760   0.499650  0.0382772  0.3020561
1.114760   0.464880  0.0426054  0.3446615
1.134760   0.427360  0.0477548  0.3924164
1.154760   0.388970  0.0536071  0.4460234
1.174760   0.351110  0.0597124  0.5057358
1.194760   0.314810  0.0650681  0.5708039
1.214760   0.280750  0.0680631  0.6388670
1.234760   0.249300  0.0670068  0.7058738
1.254760   0.220640  0.0613031  0.7671769
1.274760   0.194790  0.0521873  0.8193642
1.294760   0.171670  0.0419397  0.8613039
1.314760   0.151110  0.0324550  0.8937589
1.334760   0.132920  0.0246208  0.9183798
1.354760   0.116880  0.0185464  0.9369261
1.374760   0.102790  0.0139832  0.9509093
1.394760   0.090430  0.0105992  0.9615085
1.414760   0.079600  0.0080951  0.9696036
1.434760   0.070130  0.0062352  0.9758389
1.454760   0.061840  0.0048445  0.9806834
1.474760   0.054580  0.0037960  0.9844794
1.494760   0.048240  0.0029987  0.9874780
1.514760   0.042690  0.0023870  0.9898651
1.534760   0.037820  0.0019137  0.9917788
1.554760   0.033560  0.0015447  0.9933235
1.574760   0.029820  0.0012546  0.9945780
1.594760   0.026530  0.0010251  0.9956032
1.614760   0.023640  0.0008421  0.9964453
1.634760   0.021090  0.0006954  0.9971407
1.654760   0.018850  0.0005770  0.9977177
1.674760   0.016860  0.0004811  0.9981988
1.694760   0.015110  0.0004028  0.9986017
1.714760   0.013560  0.0003388  0.9989404
1.734760   0.012190  0.0002859  0.9992264
1.754760   0.010970  0.0002421  0.9994684
1.774760   0.009880  0.0002058  0.9996742
1.794760   0.008910  0.0001756  0.9998498
1.814760   0.008050  0.0001502  1.0000000
