0.276000   0.000170  0.0000000  0.0000000
0.296000   0.012720  0.0000018  0.0000018
0.316000   0.017140  0.0000029  0.0000047
0.336000   0.020080  0.0000039  0.0000086
0.356000   0.022240  0.0000049  0.0000135
0.376000   0.023910  0.0000059  0.0000195
0.396000   0.025250  0.0000070  0.0000264
0.416000   0.026340  0.0000080  0.0000344
0.436000   0.027250  0.0000092  0.0000437
0.456000   0.028020  0.0000107  0.0000543
0.476000   0.028680  0.0000119  0.0000662
0.496000   0.029250  0.0000135  0.0000797
0.516000   0.029750  0.0000150  0.0000947
0.536000   0.030180  0.0000166  0.0001113
0.556000   0.030560  0.0000184  0.0001297
0.576000   0.030900  0.0000205  0.0001502
0.596000   0.031200  0.0000225  0.0001728
0.616000   0.031470  0.0000246  0.0001974
0.636000   0.031720  0.0000271  0.0002244
0.656000   0.031940  0.0000295  0.0002539
0.676000   0.032140  0.0000322  0.0002861
0.696000   0.032320  0.0000350  0.0003212
0.716000   0.032480  0.0000381  0.0003593
0.736000   0.032640  0.0000416  0.0004009
0.756000   0.032770  0.0000451  0.0004460
0.776000   0.032900  0.0000490  0.0004950
0.796000   0.033020  0.0000531  0.0005481
0.816000   0.033130  0.0000576  0.0006056
0.836000   0.033230  0.0000623  0.0006680
0.856000   0.033320  0.0000676  0.0007356
0.876000   0.033410  0.0000732  0.0008088
0.896000   0.033490  0.0000793  0.0008881
0.916000   0.033570  0.0000859  0.0009739
0.936000   0.033640  0.0000930  0.0010670
0.956000   0.033710  0.0001008  0.0011678
0.976000   0.033770  0.0001094  0.0012773
0.996000   0.039190  0.0001377  0.0014150
1.016000   0.043770  0.0001666  0.0015816
1.036000   0.046690  0.0001929  0.0017745
1.056000   0.048960  0.0002197  0.0019942
1.076000   0.050830  0.0002480  0.0022422
1.096000   0.052540  0.0002794  0.0025216
1.116000   0.062340  0.0003611  0.0028827
1.136000   0.066950  0.0004236  0.0033063
1.156000   0.070570  0.0004886  0.0037950
1.176000   0.073640  0.0005587  0.0043537
1.196000   0.076330  0.0006362  0.0049899
1.216000   0.078750  0.0007227  0.0057125
1.236000   0.080960  0.0008202  0.0065328
1.256000   0.082980  0.0009307  0.0074635
1.276000   0.084830  0.0010565  0.0085200
1.296000   0.086520  0.0012010  0.0097210
1.316000   0.088050  0.0013673  0.0110883
1.336000   0.089450  0.0015605  0.0126488
1.356000   0.090740  0.0017870  0.0144358
1.376000   0.091950  0.0020549  0.0164907
1.396000   0.093090  0.0023748  0.0188656
1.416000   0.094190  0.0027610  0.0216265
1.436000   0.095250  0.0032330  0.0248595
1.456000   0.096320  0.0038175  0.0286770
1.476000   0.097420  0.0045529  0.0332299
1.496000   0.098620  0.0054959  0.0387258
1.516000   0.100090  0.0067361  0.0454618
1.536000   0.102390  0.0084380  0.0538999
1.556000   0.108680  0.0110852  0.0649851
1.576000   0.135940  0.0166221  0.0816072
1.596000   0.152460  0.0226857  0.1042929
1.616000   0.156440  0.0295124  0.1338053
1.636000   0.155380  0.0383601  0.1721654
1.656000   0.152200  0.0503193  0.2224847
1.676000   0.148260  0.0660386  0.2885233
1.696000   0.144190  0.0839982  0.3725215
1.716000   0.140290  0.0976538  0.4701753
1.736000   0.136720  0.0976999  0.5678752
1.756000   0.133520  0.0835895  0.6514647
1.776000   0.130690  0.0646211  0.7160858
1.796000   0.128210  0.0480805  0.7641663
1.816000   0.126060  0.0357881  0.7999545
1.836000   0.124200  0.0271029  0.8270574
1.856000   0.122590  0.0209920  0.8480494
1.876000   0.121210  0.0166307  0.8646801
1.896000   0.120030  0.0134537  0.8781338
1.916000   0.119030  0.0110879  0.8892217
1.936000   0.118170  0.0092888  0.8985105
1.956000   0.117440  0.0078941  0.9064045
1.976000   0.116820  0.0067933  0.9131978
1.996000   0.116310  0.0059109  0.9191087
2.016000   0.115870  0.0051934  0.9243021
2.036000   0.115510  0.0046025  0.9289046
2.056000   0.115220  0.0041100  0.9330145
2.076000   0.114980  0.0036956  0.9367101
2.096000   0.114780  0.0033432  0.9400533
2.116000   0.114630  0.0030413  0.9430947
2.136000   0.114510  0.0027806  0.9458753
2.156000   0.114430  0.0025537  0.9484291
2.176000   0.114360  0.0023551  0.9507842
2.196000   0.114330  0.0021801  0.9529643
2.216000   0.114310  0.0020252  0.9549895
2.236000   0.114310  0.0018872  0.9568767
2.256000   0.114320  0.0017638  0.9586406
2.276000   0.114350  0.0016530  0.9602935
2.296000   0.114380  0.0015532  0.9618467
2.316000   0.114430  0.0014626  0.9633092
2.336000   0.114480  0.0013804  0.9646896
2.356000   0.114550  0.0013054  0.9659950
2.376000   0.114610  0.0012369  0.9672319
2.396000   0.114690  0.0011740  0.9684059
2.416000   0.114760  0.0011162  0.9695221
2.436000   0.114840  0.0010629  0.9705850
2.456000   0.114920  0.0010137  0.9715987
2.476000   0.115010  0.0009680  0.9725667
2.496000   0.115090  0.0009256  0.9734923
2.516000   0.115180  0.0008862  0.9743785
2.536000   0.115270  0.0008495  0.9752280
2.556000   0.115350  0.0008151  0.9760431
2.576000   0.115440  0.0007831  0.9768263
2.596000   0.115530  0.0007530  0.9775793
2.616000   0.115620  0.0007247  0.9783040
2.636000   0.115710  0.0006983  0.9790023
2.656000   0.115790  0.0006733  0.9796756
2.676000   0.115880  0.0006497  0.9803253
2.696000   0.115970  0.0006276  0.9809529
2.716000   0.116050  0.0006065  0.9815593
2.736000   0.116140  0.0005868  0.9821461
2.756000   0.116220  0.0005679  0.9827140
2.776000   0.116300  0.0005501  0.9832641
2.796000   0.116390  0.0005331  0.9837972
2.816000   0.116470  0.0005169  0.9843141
2.836000   0.116550  0.0005017  0.9848159
2.856000   0.116620  0.0004870  0.9853028
2.876000   0.116700  0.0004730  0.9857759
2.896000   0.116780  0.0004599  0.9862358
2.916000   0.116850  0.0004472  0.9866830
2.936000   0.116930  0.0004351  0.9871181
2.956000   0.117000  0.0004234  0.9875416
2.976000   0.117070  0.0004124  0.9879539
2.996000   0.117140  0.0004017  0.9883556
3.016000   0.117210  0.0003917  0.9887473
3.036000   0.117280  0.0003818  0.9891292
3.056000   0.117350  0.0003724  0.9895016
3.076000   0.117420  0.0003636  0.9898651
3.096000   0.117480  0.0003548  0.9902199
3.116000   0.117550  0.0003466  0.9905665
3.136000   0.117610  0.0003386  0.9909051
3.156000   0.117670  0.0003308  0.9912359
3.176000   0.117730  0.0003234  0.9915593
3.196000   0.117790  0.0003162  0.9918756
3.216000   0.117850  0.0003093  0.9921848
3.236000   0.117910  0.0003027  0.9924876
3.256000   0.117970  0.0002964  0.9927839
3.276000   0.118020  0.0002900  0.9930739
3.296000   0.118080  0.0002841  0.9933580
3.316000   0.118130  0.0002783  0.9936363
3.336000   0.118190  0.0002726  0.9939089
3.356000   0.118240  0.0002673  0.9941762
3.376000   0.118290  0.0002619  0.9944381
3.396000   0.118340  0.0002570  0.9946951
3.416000   0.118390  0.0002521  0.9949472
3.436000   0.118440  0.0002472  0.9951944
3.456000   0.118490  0.0002427  0.9954371
3.476000   0.118540  0.0002382  0.9956752
3.496000   0.118580  0.0002336  0.9959089
3.516000   0.118630  0.0002296  0.9961384
3.536000   0.118670  0.0002255  0.9963639
3.556000   0.118720  0.0002214  0.9965852
3.576000   0.118760  0.0002175  0.9968027
3.596000   0.118810  0.0002138  0.9970165
3.616000   0.118850  0.0002101  0.9972265
3.636000   0.118890  0.0002066  0.9974331
3.656000   0.118930  0.0002031  0.9976362
3.676000   0.118970  0.0001998  0.9978361
3.696000   0.119010  0.0001966  0.9980326
3.716000   0.119050  0.0001933  0.9982259
3.736000   0.119090  0.0001902  0.9984161
3.756000   0.119130  0.0001871  0.9986032
3.776000   0.119170  0.0001843  0.9987875
3.796000   0.119200  0.0001814  0.9989689
3.816000   0.119240  0.0001785  0.9991474
3.836000   0.119270  0.0001759  0.9993232
3.856000   0.119310  0.0001730  0.9994962
3.876000   0.119340  0.0001705  0.9996667
3.896000   0.119380  0.0001679  0.9998346
3.916000   0.119410  0.0001654  1.0000000
