0.428090   0.000060  0.0000000  0.0000000
0.448090   0.000090  0.0000000  0.0000000
0.468090   0.000130  0.0000000  0.0000000
0.488090   0.000190  0.0000000  0.0000000
0.508090   0.000270  0.0000002  0.0000002
0.528090   0.000370  0.0000002  0.0000004
0.548090   0.000490  0.0000004  0.0000008
0.568090   0.000640  0.0000004  0.0000012
0.588090   0.000820  0.0000006  0.0000018
0.608090   0.001030  0.0000008  0.0000026
0.628090   0.001280  0.0000012  0.0000039
0.648090   0.001560  0.0000016  0.0000055
0.668090   0.001880  0.0000020  0.0000075
0.688090   0.002250  0.0000026  0.0000102
0.708090   0.002650  0.0000035  0.0000136
0.728090   0.003100  0.0000043  0.0000179
0.748090   0.003590  0.0000055  0.0000234
0.768090   0.004130  0.0000067  0.0000301
0.788090   0.004700  0.0000083  0.0000385
0.808090   0.005320  0.0000102  0.0000486
0.828090   0.005980  0.0000124  0.0000610
0.848090   0.006670  0.0000149  0.0000759
0.868090   0.007400  0.0000179  0.0000938
0.888090   0.008170  0.0000214  0.0001152
0.908090   0.008960  0.0000254  0.0001406
0.928090   0.009790  0.0000301  0.0001707
0.948090   0.010650  0.0000354  0.0002061
0.968090   0.011550  0.0000417  0.0002478
0.988090   0.012490  0.0000488  0.0002967
1.008090   0.013500  0.0000574  0.0003541
1.028090   0.014610  0.0000676  0.0004216
1.048090   0.015910  0.0000802  0.0005018
1.068090   0.017510  0.0000962  0.0005980
1.088090   0.019660  0.0001180  0.0007161
1.108090   0.022870  0.0001502  0.0008662
1.128090   0.027880  0.0002004  0.0010667
1.148090   0.036000  0.0002843  0.0013509
1.168090   0.049670  0.0004312  0.0017821
1.188090   0.071500  0.0006835  0.0024656
1.208090   0.104420  0.0010992  0.0035648
1.228090   0.151020  0.0017453  0.0053101
1.248090   0.207720  0.0026184  0.0079286
1.268090   0.266870  0.0036407  0.0115693
1.288090   0.319640  0.0046958  0.0162651
1.308090   0.354800  0.0056422  0.0219073
1.328090   0.370270  0.0064574  0.0283647
1.348090   0.370330  0.0071897  0.0355544
1.368090   0.357850  0.0078641  0.0434184
1.388090   0.339470  0.0085531  0.0519715
1.408090   0.319910  0.0093275  0.0612990
1.428090   0.299980  0.0102198  0.0715188
1.448090   0.282000  0.0113109  0.0828297
1.468090   0.266660  0.0126817  0.0955114
1.488090   0.253010  0.0143994  0.1099108
1.508090   0.241660  0.0165992  0.1265100
1.528090   0.232070  0.0194262  0.1459362
1.548090   0.223270  0.0230592  0.1689955
1.568090   0.215170  0.0277687  0.1967642
1.588090   0.207060  0.0338915  0.2306557
1.608090   0.198460  0.0418679  0.2725236
1.628090   0.189470  0.0521316  0.3246552
1.648090   0.180140  0.0646766  0.3893319
1.668090   0.170700  0.0779487  0.4672806
1.688090   0.161410  0.0874303  0.5547108
1.708090   0.152460  0.0871659  0.6418767
1.728090   0.144010  0.0760856  0.7179623
1.748090   0.136110  0.0599845  0.7779468
1.768090   0.128840  0.0448823  0.8228291
1.788090   0.122180  0.0331252  0.8559543
1.808090   0.116120  0.0246307  0.8805851
1.828090   0.110640  0.0186227  0.8992078
1.848090   0.105680  0.0143587  0.9135664
1.868090   0.101210  0.0112889  0.9248553
1.888090   0.097180  0.0090400  0.9338953
1.908090   0.093540  0.0073614  0.9412568
1.928090   0.090250  0.0060854  0.9473422
1.948090   0.087290  0.0050991  0.9524413
1.968090   0.084600  0.0043247  0.9567659
1.988090   0.082170  0.0037081  0.9604740
2.008090   0.079970  0.0032108  0.9636848
2.028090   0.077960  0.0028046  0.9664894
2.048090   0.076140  0.0024697  0.9689591
2.068090   0.074480  0.0021907  0.9711498
2.088090   0.072960  0.0019561  0.9731059
2.108090   0.071580  0.0017573  0.9748632
2.128090   0.070320  0.0015874  0.9764506
2.148090   0.069170  0.0014413  0.9778918
2.168090   0.068110  0.0013149  0.9792068
2.188090   0.067150  0.0012048  0.9804116
2.208090   0.066260  0.0011086  0.9815202
2.228090   0.065460  0.0010237  0.9825439
2.248090   0.064720  0.0009486  0.9834925
2.268090   0.064050  0.0008821  0.9843747
2.288090   0.063430  0.0008225  0.9851971
2.308090   0.062870  0.0007694  0.9859665
2.328090   0.062360  0.0007214  0.9866879
2.348090   0.061890  0.0006782  0.9873661
2.368090   0.061460  0.0006391  0.9880052
2.388090   0.061080  0.0006035  0.9886087
2.408090   0.060730  0.0005712  0.9891799
2.428090   0.060410  0.0005417  0.9897216
2.448090   0.060120  0.0005146  0.9902362
2.468090   0.059870  0.0004896  0.9907258
2.488090   0.059630  0.0004668  0.9911926
2.508090   0.059420  0.0004456  0.9916382
2.528090   0.059240  0.0004261  0.9920643
2.548090   0.059070  0.0004078  0.9924721
2.568090   0.058930  0.0003909  0.9928630
2.588090   0.058790  0.0003752  0.9932382
2.608090   0.058680  0.0003606  0.9935988
2.628090   0.058580  0.0003469  0.9939457
2.648090   0.058490  0.0003341  0.9942799
2.668090   0.058420  0.0003221  0.9946020
2.688090   0.058360  0.0003107  0.9949127
2.708090   0.058310  0.0003001  0.9952128
2.728090   0.058260  0.0002902  0.9955030
2.748090   0.058230  0.0002808  0.9957838
2.768090   0.058200  0.0002719  0.9960557
2.788090   0.058190  0.0002633  0.9963190
2.808090   0.058170  0.0002554  0.9965743
2.828090   0.058170  0.0002478  0.9968222
2.848090   0.058170  0.0002405  0.9970627
2.868090   0.058170  0.0002338  0.9972965
2.888090   0.058180  0.0002271  0.9975236
2.908090   0.058200  0.0002210  0.9977446
2.928090   0.058210  0.0002151  0.9979597
2.948090   0.058240  0.0002094  0.9981690
2.968090   0.058260  0.0002039  0.9983729
2.988090   0.058290  0.0001988  0.9985717
3.008090   0.058320  0.0001939  0.9987657
3.028090   0.058350  0.0001890  0.9989547
3.048090   0.058390  0.0001846  0.9991393
3.068090   0.058420  0.0001803  0.9993195
3.088090   0.058460  0.0001760  0.9994956
3.108090   0.058500  0.0001719  0.9996675
3.128090   0.058540  0.0001681  0.9998356
3.148090   0.058580  0.0001644  1.0000000
