1.076240   0.000010  0.0000002  0.0000002
1.096240   0.007220  0.0001651  0.0001653
1.116240   0.018980  0.0004991  0.0006644
1.136240   0.032560  0.0009908  0.0016552
1.156240   0.046900  0.0016620  0.0033172
1.176240   0.061400  0.0025525  0.0058697
1.196240   0.075730  0.0037217  0.0095915
1.216240   0.089710  0.0052561  0.0148476
1.236240   0.103470  0.0072904  0.0221379
1.256240   0.117260  0.0100181  0.0321561
1.276240   0.131290  0.0136902  0.0458463
1.296240   0.145910  0.0186146  0.0644608
1.316240   0.161760  0.0250700  0.0895308
1.336240   0.179860  0.0330045  0.1225353
1.356240   0.201650  0.0413801  0.1639154
1.376240   0.228510  0.0477352  0.2116507
1.396240   0.261000  0.0496581  0.2613088
1.416240   0.298840  0.0471871  0.3084959
1.436240   0.341380  0.0423488  0.3508446
1.456240   0.387910  0.0370304  0.3878750
1.476240   0.437820  0.0321761  0.4200511
1.496240   0.490630  0.0280603  0.4481114
1.516240   0.545990  0.0246631  0.4727745
1.536240   0.603640  0.0218743  0.4946488
1.556240   0.663380  0.0195755  0.5142243
1.576240   0.725050  0.0176648  0.5318892
1.596240   0.788480  0.0160620  0.5479512
1.616240   0.853450  0.0147054  0.5626566
1.636240   0.919610  0.0135476  0.5762042
1.656240   0.986490  0.0125538  0.5887581
1.676240   1.053440  0.0116972  0.6004552
1.696240   1.119600  0.0109567  0.6114119
1.716240   1.183980  0.0103170  0.6217289
1.736240   1.245490  0.0097644  0.6314933
1.756240   1.303030  0.0092882  0.6407815
1.776240   1.355610  0.0088788  0.6496604
1.796240   1.402390  0.0085276  0.6581879
1.816240   1.442780  0.0082269  0.6664148
1.836240   1.476420  0.0079693  0.6743841
1.856240   1.503160  0.0077486  0.6821327
1.876240   1.523100  0.0075591  0.6896918
1.896240   1.536450  0.0073952  0.6970871
1.916240   1.543580  0.0072525  0.7043395
1.936240   1.544930  0.0071265  0.7114661
1.956240   1.541000  0.0070137  0.7184797
1.976240   1.532310  0.0069103  0.7253900
1.996240   1.519400  0.0068136  0.7322036
2.016240   1.502800  0.0067209  0.7389246
2.036240   1.483020  0.0066298  0.7455543
2.056240   1.460540  0.0065382  0.7520925
2.076240   1.435810  0.0064444  0.7585369
2.096240   1.409250  0.0063469  0.7648838
2.116240   1.381230  0.0062448  0.7711286
2.136240   1.352100  0.0061370  0.7772656
2.156240   1.322170  0.0060231  0.7832887
2.176240   1.291720  0.0059026  0.7891913
2.196240   1.260980  0.0057758  0.7949671
2.216240   1.230180  0.0056427  0.8006098
2.236240   1.199480  0.0055040  0.8061138
2.256240   1.169060  0.0053599  0.8114737
2.276240   1.139040  0.0052114  0.8166851
2.296240   1.109550  0.0050592  0.8217443
2.316240   1.080660  0.0049044  0.8266487
2.336240   1.052470  0.0047477  0.8313964
2.356240   1.025030  0.0045902  0.8359866
2.376240   0.998390  0.0044329  0.8404195
2.396240   0.972580  0.0042764  0.8446960
2.416240   0.947640  0.0041216  0.8488176
2.436240   0.923580  0.0039692  0.8527868
2.456240   0.900410  0.0038199  0.8566067
2.476240   0.878130  0.0036741  0.8602808
2.496240   0.856730  0.0035324  0.8638132
2.516240   0.836210  0.0033949  0.8672081
2.536240   0.816570  0.0032622  0.8704704
2.556240   0.797770  0.0031342  0.8736046
2.576240   0.779800  0.0030112  0.8766158
2.596240   0.762650  0.0028931  0.8795088
2.616240   0.746280  0.0027802  0.8822890
2.636240   0.730680  0.0026722  0.8849612
2.656240   0.715820  0.0025690  0.8875302
2.676240   0.701670  0.0024706  0.8900008
2.696240   0.688220  0.0023771  0.8923779
2.716240   0.675420  0.0022880  0.8946660
2.736240   0.663260  0.0022034  0.8968694
2.756240   0.651720  0.0021229  0.8989923
2.776240   0.640750  0.0020465  0.9010388
2.796240   0.630350  0.0019738  0.9030127
2.816240   0.620480  0.0019050  0.9049177
2.836240   0.611130  0.0018395  0.9067571
2.856240   0.602260  0.0017776  0.9085347
2.876240   0.593860  0.0017186  0.9102533
2.896240   0.585900  0.0016626  0.9119159
2.916240   0.578360  0.0016095  0.9135255
2.936240   0.571220  0.0015590  0.9150845
2.956240   0.564460  0.0015112  0.9165956
2.976240   0.558070  0.0014655  0.9180611
2.996240   0.552020  0.0014223  0.9194835
3.016240   0.546300  0.0013810  0.9208645
3.036240   0.540890  0.0013419  0.9222064
3.056240   0.535770  0.0013044  0.9235108
3.076240   0.530930  0.0012688  0.9247796
3.096240   0.526360  0.0012349  0.9260144
3.116240   0.522040  0.0012025  0.9272169
3.136240   0.517960  0.0011717  0.9283886
3.156240   0.514100  0.0011420  0.9295306
3.176240   0.510450  0.0011140  0.9306447
3.196240   0.507010  0.0010871  0.9317317
3.216240   0.503760  0.0010612  0.9327929
3.236240   0.500700  0.0010365  0.9338294
3.256240   0.497800  0.0010127  0.9348421
3.276240   0.495080  0.0009902  0.9358323
3.296240   0.492500  0.0009683  0.9368006
3.316240   0.490080  0.0009474  0.9377480
3.336240   0.487790  0.0009274  0.9386755
3.356240   0.485640  0.0009081  0.9395835
3.376240   0.483610  0.0008895  0.9404731
3.396240   0.481690  0.0008718  0.9413449
3.416240   0.479890  0.0008546  0.9421995
3.436240   0.478190  0.0008379  0.9430374
3.456240   0.476590  0.0008221  0.9438595
3.476240   0.475080  0.0008066  0.9446661
3.496240   0.473660  0.0007918  0.9454579
3.516240   0.472330  0.0007775  0.9462354
3.536240   0.471070  0.0007636  0.9469990
3.556240   0.469890  0.0007501  0.9477491
3.576240   0.468780  0.0007371  0.9484862
3.596240   0.467740  0.0007246  0.9492108
3.616240   0.466750  0.0007124  0.9499232
3.636240   0.465830  0.0007006  0.9506239
3.656240   0.464970  0.0006890  0.9513129
3.676240   0.464150  0.0006781  0.9519910
3.696240   0.463390  0.0006674  0.9526584
3.716240   0.462680  0.0006568  0.9533152
3.736240   0.462010  0.0006467  0.9539619
3.756240   0.461380  0.0006368  0.9545987
3.776240   0.460800  0.0006271  0.9552259
3.796240   0.460250  0.0006179  0.9558437
3.816240   0.459730  0.0006088  0.9564525
3.836240   0.459260  0.0006000  0.9570525
3.856240   0.458810  0.0005913  0.9576438
3.876240   0.458390  0.0005829  0.9582267
3.896240   0.458010  0.0005747  0.9588014
3.916240   0.457650  0.0005667  0.9593681
3.936240   0.457310  0.0005589  0.9599270
3.956240   0.457000  0.0005513  0.9604784
3.976240   0.456720  0.0005440  0.9610223
3.996240   0.456450  0.0005368  0.9615591
4.016240   0.456210  0.0005296  0.9620887
4.036240   0.455980  0.0005227  0.9626114
4.056240   0.455780  0.0005159  0.9631274
4.076240   0.455590  0.0005094  0.9636368
4.096240   0.455420  0.0005031  0.9641399
4.116240   0.455260  0.0004968  0.9646367
4.136240   0.455120  0.0004905  0.9651271
4.156240   0.454990  0.0004846  0.9656117
4.176240   0.454870  0.0004787  0.9660903
4.196240   0.454770  0.0004728  0.9665631
4.216240   0.454680  0.0004671  0.9670302
4.236240   0.454600  0.0004616  0.9674918
4.256240   0.454530  0.0004561  0.9679480
4.276240   0.454480  0.0004509  0.9683988
4.296240   0.454430  0.0004456  0.9688444
4.316240   0.454390  0.0004406  0.9692850
4.336240   0.454350  0.0004355  0.9697205
4.356240   0.454330  0.0004307  0.9701511
4.376240   0.454310  0.0004258  0.9705769
4.396240   0.454300  0.0004210  0.9709979
4.416240   0.454300  0.0004163  0.9714142
4.436240   0.454300  0.0004117  0.9718259
4.456240   0.454310  0.0004073  0.9722332
4.476240   0.454330  0.0004029  0.9726361
4.496240   0.454350  0.0003986  0.9730347
4.516240   0.454370  0.0003942  0.9734289
4.536240   0.454400  0.0003902  0.9738192
4.556240   0.454440  0.0003860  0.9742052
4.576240   0.454470  0.0003820  0.9745872
4.596240   0.454520  0.0003780  0.9749652
4.616240   0.454560  0.0003742  0.9753394
4.636240   0.454610  0.0003704  0.9757098
4.656240   0.454660  0.0003666  0.9760765
4.676240   0.454720  0.0003628  0.9764393
4.696240   0.454780  0.0003593  0.9767986
4.716240   0.454840  0.0003557  0.9771543
4.736240   0.454900  0.0003521  0.9775064
4.756240   0.454970  0.0003487  0.9778551
4.776240   0.455030  0.0003454  0.9782005
4.796240   0.455100  0.0003420  0.9785425
4.816240   0.455180  0.0003386  0.9788811
4.836240   0.455250  0.0003355  0.9792166
4.856240   0.455320  0.0003321  0.9795487
4.876240   0.455400  0.0003289  0.9798776
4.896240   0.455480  0.0003260  0.9802036
4.916240   0.455560  0.0003228  0.9805264
4.936240   0.455640  0.0003199  0.9808463
4.956240   0.455720  0.0003169  0.9811632
4.976240   0.455800  0.0003140  0.9814772
4.996240   0.455890  0.0003110  0.9817883
5.016240   0.455970  0.0003083  0.9820966
5.036240   0.456060  0.0003056  0.9824021
5.056240   0.456140  0.0003026  0.9827048
5.076240   0.456230  0.0003001  0.9830048
5.096240   0.456310  0.0002974  0.9833022
5.116240   0.456400  0.0002946  0.9835968
5.136240   0.456490  0.0002921  0.9838889
5.156240   0.456580  0.0002896  0.9841785
5.176240   0.456670  0.0002870  0.9844655
5.196240   0.456750  0.0002845  0.9847500
5.216240   0.456840  0.0002820  0.9850320
5.236240   0.456930  0.0002797  0.9853116
5.256240   0.457020  0.0002771  0.9855888
5.276240   0.457110  0.0002748  0.9858636
5.296240   0.457200  0.0002725  0.9861361
5.316240   0.457290  0.0002702  0.9864063
5.336240   0.457380  0.0002679  0.9866741
5.356240   0.457470  0.0002658  0.9869399
5.376240   0.457560  0.0002634  0.9872034
5.396240   0.457650  0.0002613  0.9874647
5.416240   0.457740  0.0002592  0.9877239
5.436240   0.457820  0.0002571  0.9879811
5.456240   0.457910  0.0002550  0.9882361
5.476240   0.458000  0.0002529  0.9884890
5.496240   0.458090  0.0002508  0.9887398
5.516240   0.458180  0.0002489  0.9889887
5.536240   0.458270  0.0002468  0.9892355
5.556240   0.458350  0.0002449  0.9894805
5.576240   0.458440  0.0002430  0.9897235
5.596240   0.458530  0.0002409  0.9899644
5.616240   0.458610  0.0002390  0.9902034
5.636240   0.458700  0.0002373  0.9904407
5.656240   0.458780  0.0002354  0.9906762
5.676240   0.458870  0.0002335  0.9909097
5.696240   0.458950  0.0002319  0.9911416
5.716240   0.459040  0.0002300  0.9913715
5.736240   0.459120  0.0002283  0.9915998
5.756240   0.459210  0.0002264  0.9918262
5.776240   0.459290  0.0002247  0.9920509
5.796240   0.459370  0.0002230  0.9922739
5.816240   0.459460  0.0002213  0.9924952
5.836240   0.459540  0.0002196  0.9927149
5.856240   0.459620  0.0002182  0.9929331
5.876240   0.459700  0.0002165  0.9931495
5.896240   0.459780  0.0002148  0.9933643
5.916240   0.459860  0.0002133  0.9935777
5.936240   0.459940  0.0002116  0.9937893
5.956240   0.460020  0.0002102  0.9939995
5.976240   0.460100  0.0002087  0.9942082
5.996240   0.460180  0.0002070  0.9944152
6.016240   0.460250  0.0002055  0.9946207
6.036240   0.460330  0.0002041  0.9948248
6.056240   0.460410  0.0002026  0.9950274
6.076240   0.460480  0.0002011  0.9952285
6.096240   0.460560  0.0001998  0.9954283
6.116240   0.460630  0.0001984  0.9956267
6.136240   0.460710  0.0001969  0.9958236
6.156240   0.460780  0.0001956  0.9960192
6.176240   0.460860  0.0001942  0.9962134
6.196240   0.460930  0.0001929  0.9964063
6.216240   0.461000  0.0001914  0.9965977
6.236240   0.461080  0.0001902  0.9967879
6.256240   0.461150  0.0001889  0.9969768
6.276240   0.461220  0.0001876  0.9971644
6.296240   0.461290  0.0001864  0.9973508
6.316240   0.461360  0.0001851  0.9975359
6.336240   0.461430  0.0001838  0.9977197
6.356240   0.461500  0.0001826  0.9979023
6.376240   0.461570  0.0001813  0.9980836
6.396240   0.461640  0.0001801  0.9982637
6.416240   0.461700  0.0001788  0.9984425
6.436240   0.461770  0.0001777  0.9986202
6.456240   0.461840  0.0001765  0.9987967
6.476240   0.461910  0.0001752  0.9989719
6.496240   0.461970  0.0001742  0.9991461
6.516240   0.462040  0.0001731  0.9993192
6.536240   0.462100  0.0001718  0.9994910
6.556240   0.462170  0.0001708  0.9996618
6.576240   0.462230  0.0001697  0.9998315
6.596240   0.462290  0.0001685  1.0000000
