1.125050   0.000010  0.0000000  0.0000000
1.145050   0.000040  0.0000002  0.0000002
1.165050   0.000100  0.0000008  0.0000010
1.185050   0.000210  0.0000019  0.0000029
1.205050   0.000410  0.0000037  0.0000066
1.225050   0.000730  0.0000075  0.0000141
1.245050   0.001180  0.0000135  0.0000276
1.265050   0.001820  0.0000231  0.0000507
1.285050   0.002690  0.0000382  0.0000889
1.305050   0.003820  0.0000613  0.0001502
1.325050   0.005270  0.0000960  0.0002462
1.345050   0.007100  0.0001473  0.0003936
1.365050   0.009370  0.0002232  0.0006168
1.385050   0.012140  0.0003339  0.0009507
1.405050   0.015410  0.0004944  0.0014451
1.425050   0.019210  0.0007250  0.0021701
1.445050   0.023520  0.0010569  0.0032270
1.465050   0.028350  0.0015361  0.0047630
1.485050   0.033690  0.0022357  0.0069988
1.505050   0.039570  0.0032731  0.0102719
1.525050   0.045990  0.0048449  0.0151167
1.545050   0.052990  0.0072903  0.0224071
1.565050   0.060590  0.0112142  0.0336213
1.585050   0.068830  0.0177149  0.0513362
1.605050   0.077720  0.0287348  0.0800710
1.625050   0.087290  0.0471226  0.1271936
1.645050   0.097530  0.0739014  0.2010950
1.665050   0.108460  0.0986391  0.2997341
1.685050   0.120030  0.1013393  0.4010735
1.705050   0.132200  0.0843393  0.4854127
1.725050   0.144910  0.0646438  0.5500565
1.745050   0.158070  0.0494051  0.5994616
1.765050   0.171550  0.0387058  0.6381674
1.785050   0.185230  0.0312334  0.6694009
1.805050   0.198940  0.0258936  0.6952944
1.825050   0.212550  0.0219607  0.7172551
1.845050   0.225880  0.0189760  0.7362312
1.865050   0.238790  0.0166474  0.7528786
1.885050   0.251140  0.0147851  0.7676637
1.905050   0.262810  0.0132627  0.7809264
1.925050   0.273710  0.0119947  0.7929211
1.945050   0.283760  0.0109204  0.8038415
1.965050   0.292920  0.0099973  0.8138389
1.985050   0.301160  0.0091940  0.8230329
2.005050   0.308470  0.0084872  0.8315201
2.025050   0.314870  0.0078601  0.8393802
2.045050   0.320370  0.0072988  0.8466791
2.065050   0.325020  0.0067935  0.8534725
2.085050   0.328860  0.0063357  0.8598082
2.105050   0.331930  0.0059188  0.8657270
2.125050   0.334310  0.0055381  0.8712651
2.145050   0.336030  0.0051892  0.8764544
2.165050   0.337170  0.0048684  0.8813227
2.185050   0.337780  0.0045729  0.8858956
2.205050   0.337910  0.0042998  0.8901955
2.225050   0.337630  0.0040476  0.8942430
2.245050   0.336980  0.0038140  0.8980570
2.265050   0.336010  0.0035975  0.9016545
2.285050   0.334770  0.0033963  0.9050508
2.305050   0.333300  0.0032097  0.9082605
2.325050   0.331650  0.0030364  0.9112969
2.345050   0.329830  0.0028749  0.9141718
2.365050   0.327890  0.0027249  0.9168967
2.385050   0.325860  0.0025851  0.9194818
2.405050   0.323760  0.0024548  0.9219366
2.425050   0.321610  0.0023332  0.9242698
2.445050   0.319440  0.0022199  0.9264897
2.465050   0.317260  0.0021142  0.9286039
2.485050   0.315080  0.0020155  0.9306193
2.505050   0.312930  0.0019230  0.9325423
2.525050   0.310810  0.0018368  0.9343791
2.545050   0.308730  0.0017559  0.9361350
2.565050   0.306710  0.0016803  0.9378153
2.585050   0.304740  0.0016094  0.9394247
2.605050   0.302830  0.0015429  0.9409677
2.625050   0.300990  0.0014806  0.9424483
2.645050   0.299220  0.0014220  0.9438702
2.665050   0.297520  0.0013669  0.9452372
2.685050   0.295900  0.0013152  0.9465523
2.705050   0.294350  0.0012663  0.9478187
2.725050   0.292880  0.0012206  0.9490393
2.745050   0.291480  0.0011772  0.9502165
2.765050   0.290160  0.0011365  0.9513530
2.785050   0.288910  0.0010978  0.9524508
2.805050   0.287740  0.0010615  0.9535122
2.825050   0.286630  0.0010270  0.9545392
2.845050   0.285600  0.0009945  0.9555337
2.865050   0.284630  0.0009636  0.9564973
2.885050   0.283730  0.0009343  0.9574316
2.905050   0.282900  0.0009064  0.9583380
2.925050   0.282120  0.0008800  0.9592181
2.945050   0.281400  0.0008549  0.9600730
2.965050   0.280750  0.0008312  0.9609042
2.985050   0.280140  0.0008083  0.9617125
3.005050   0.279590  0.0007867  0.9624993
3.025050   0.279080  0.0007662  0.9632654
3.045050   0.278630  0.0007464  0.9640118
3.065050   0.278220  0.0007275  0.9647394
3.085050   0.277850  0.0007094  0.9654488
3.105050   0.277520  0.0006924  0.9661412
3.125050   0.277240  0.0006758  0.9668170
3.145050   0.276990  0.0006600  0.9674769
3.165050   0.276770  0.0006448  0.9681218
3.185050   0.276590  0.0006303  0.9687520
3.205050   0.276440  0.0006163  0.9693684
3.225050   0.276310  0.0006030  0.9699714
3.245050   0.276220  0.0005902  0.9705616
3.265050   0.276160  0.0005777  0.9711392
3.285050   0.276120  0.0005658  0.9717051
3.305050   0.276100  0.0005542  0.9722593
3.325050   0.276110  0.0005432  0.9728025
3.345050   0.276140  0.0005326  0.9733351
3.365050   0.276180  0.0005222  0.9738573
3.385050   0.276250  0.0005122  0.9743695
3.405050   0.276330  0.0005027  0.9748722
3.425050   0.276430  0.0004933  0.9753655
3.445050   0.276540  0.0004844  0.9758499
3.465050   0.276660  0.0004757  0.9763256
3.485050   0.276800  0.0004671  0.9767927
3.505050   0.276950  0.0004590  0.9772517
3.525050   0.277110  0.0004511  0.9777029
3.545050   0.277280  0.0004434  0.9781463
3.565050   0.277460  0.0004360  0.9785823
3.585050   0.277650  0.0004287  0.9790110
3.605050   0.277840  0.0004216  0.9794326
3.625050   0.278040  0.0004148  0.9798474
3.645050   0.278250  0.0004081  0.9802555
3.665050   0.278470  0.0004017  0.9806572
3.685050   0.278690  0.0003954  0.9810526
3.705050   0.278910  0.0003894  0.9814421
3.725050   0.279140  0.0003834  0.9818254
3.745050   0.279370  0.0003776  0.9822030
3.765050   0.279610  0.0003720  0.9825750
3.785050   0.279850  0.0003664  0.9829413
3.805050   0.280090  0.0003612  0.9833025
3.825050   0.280330  0.0003560  0.9836585
3.845050   0.280580  0.0003508  0.9840092
3.865050   0.280830  0.0003458  0.9843550
3.885050   0.281080  0.0003410  0.9846960
3.905050   0.281330  0.0003362  0.9850322
3.925050   0.281580  0.0003317  0.9853639
3.945050   0.281830  0.0003271  0.9856910
3.965050   0.282090  0.0003227  0.9860137
3.985050   0.282340  0.0003184  0.9863320
4.005050   0.282590  0.0003140  0.9866460
4.025050   0.282850  0.0003100  0.9869561
4.045050   0.283100  0.0003059  0.9872620
4.065050   0.283350  0.0003019  0.9875639
4.085050   0.283610  0.0002980  0.9878619
4.105050   0.283860  0.0002942  0.9881561
4.125050   0.284110  0.0002905  0.9884466
4.145050   0.284360  0.0002870  0.9887336
4.165050   0.284610  0.0002834  0.9890171
4.185050   0.284860  0.0002799  0.9892970
4.205050   0.285100  0.0002766  0.9895735
4.225050   0.285350  0.0002733  0.9898468
4.245050   0.285600  0.0002699  0.9901167
4.265050   0.285840  0.0002666  0.9903833
4.285050   0.286080  0.0002635  0.9906468
4.305050   0.286320  0.0002604  0.9909072
4.325050   0.286560  0.0002575  0.9911647
4.345050   0.286800  0.0002543  0.9914190
4.365050   0.287030  0.0002514  0.9916705
4.385050   0.287270  0.0002487  0.9919192
4.405050   0.287500  0.0002458  0.9921650
4.425050   0.287730  0.0002431  0.9924082
4.445050   0.287960  0.0002404  0.9926486
4.465050   0.288190  0.0002377  0.9928863
4.485050   0.288410  0.0002350  0.9931213
4.505050   0.288640  0.0002325  0.9933539
4.525050   0.288860  0.0002300  0.9935839
4.545050   0.289080  0.0002275  0.9938115
4.565050   0.289300  0.0002250  0.9940365
4.585050   0.289510  0.0002228  0.9942593
4.605050   0.289730  0.0002203  0.9944795
4.625050   0.289940  0.0002180  0.9946975
4.645050   0.290150  0.0002157  0.9949132
4.665050   0.290360  0.0002136  0.9951268
4.685050   0.290570  0.0002113  0.9953382
4.705050   0.290770  0.0002093  0.9955474
4.725050   0.290980  0.0002070  0.9957544
4.745050   0.291180  0.0002049  0.9959593
4.765050   0.291380  0.0002028  0.9961621
4.785050   0.291580  0.0002009  0.9963631
4.805050   0.291770  0.0001989  0.9965619
4.825050   0.291970  0.0001970  0.9967589
4.845050   0.292160  0.0001949  0.9969538
4.865050   0.292350  0.0001930  0.9971469
4.885050   0.292540  0.0001912  0.9973381
4.905050   0.292730  0.0001893  0.9975274
4.925050   0.292910  0.0001876  0.9977150
4.945050   0.293090  0.0001858  0.9979008
4.965050   0.293280  0.0001841  0.9980849
4.985050   0.293460  0.0001822  0.9982671
5.005050   0.293630  0.0001806  0.9984477
5.025050   0.293810  0.0001789  0.9986266
5.045050   0.293980  0.0001773  0.9988039
5.065050   0.294160  0.0001756  0.9989795
5.085050   0.294330  0.0001739  0.9991534
5.105050   0.294500  0.0001725  0.9993259
5.125050   0.294670  0.0001708  0.9994967
5.145050   0.294830  0.0001694  0.9996661
5.165050   0.295000  0.0001677  0.9998338
5.185050   0.295160  0.0001662  1.0000000
