1.092080   0.000010  0.0000000  0.0000000
1.112080   0.000080  0.0000002  0.0000002
1.132080   0.000250  0.0000008  0.0000010
1.152080   0.000550  0.0000021  0.0000031
1.172080   0.001010  0.0000039  0.0000070
1.192080   0.001620  0.0000068  0.0000137
1.212080   0.002400  0.0000109  0.0000246
1.232080   0.003330  0.0000164  0.0000410
1.252080   0.004410  0.0000234  0.0000644
1.272080   0.005610  0.0000320  0.0000964
1.292080   0.006930  0.0000429  0.0001392
1.312080   0.008340  0.0000558  0.0001950
1.332080   0.009840  0.0000714  0.0002663
1.352080   0.011450  0.0000902  0.0003566
1.372080   0.013200  0.0001134  0.0004699
1.392080   0.015160  0.0001421  0.0006120
1.412080   0.017420  0.0001788  0.0007908
1.432080   0.020080  0.0002257  0.0010166
1.452080   0.023210  0.0002868  0.0013034
1.472080   0.026920  0.0003668  0.0016702
1.492080   0.031280  0.0004712  0.0021414
1.512080   0.036350  0.0006075  0.0027489
1.532080   0.042210  0.0007857  0.0035346
1.552080   0.048890  0.0010176  0.0045521
1.572080   0.056430  0.0013186  0.0058707
1.592080   0.064830  0.0017089  0.0075796
1.612080   0.074090  0.0022144  0.0097940
1.632080   0.084190  0.0028680  0.0126620
1.652080   0.095100  0.0037131  0.0163751
1.672080   0.106810  0.0048074  0.0211825
1.692080   0.119170  0.0062199  0.0274024
1.712080   0.132260  0.0080496  0.0354520
1.732080   0.146030  0.0104150  0.0458670
1.752080   0.160350  0.0134503  0.0593174
1.772080   0.175000  0.0172935  0.0766109
1.792080   0.189820  0.0220630  0.0986738
1.812080   0.204630  0.0277992  0.1264730
1.832080   0.219230  0.0343733  0.1608463
1.852080   0.233470  0.0413897  0.2022360
1.872080   0.247250  0.0481300  0.2503660
1.892080   0.260620  0.0536390  0.3040050
1.912080   0.273780  0.0569989  0.3610039
1.932080   0.287160  0.0576876  0.4186915
1.952080   0.301560  0.0557861  0.4744776
1.972080   0.318200  0.0518897  0.5263673
1.992080   0.339070  0.0468004  0.5731677
2.012080   0.367440  0.0412290  0.6143967
2.032080   0.409060  0.0356250  0.6500217
2.052080   0.475310  0.0301162  0.6801379
2.072080   0.592190  0.0244914  0.7046293
2.092080   0.818040  0.0184868  0.7231161
2.112080   1.225880  0.0128920  0.7360081
2.132080   1.825860  0.0088912  0.7448994
2.152080   2.559380  0.0064286  0.7513279
2.172080   3.347400  0.0049483  0.7562762
2.192080   4.121470  0.0040328  0.7603090
2.212080   4.833380  0.0034454  0.7637544
2.232080   5.454230  0.0030562  0.7668106
2.252080   5.970140  0.0027934  0.7696039
2.272080   6.377720  0.0026152  0.7722191
2.292080   6.680400  0.0024963  0.7747154
2.312080   6.885740  0.0024208  0.7771362
2.332080   7.003510  0.0023786  0.7795148
2.352080   7.044500  0.0023628  0.7818776
2.372080   7.019530  0.0023685  0.7842461
2.392080   6.939120  0.0023927  0.7866389
2.412080   6.813030  0.0024331  0.7890720
2.432080   6.650160  0.0024877  0.7915597
2.452080   6.458430  0.0025555  0.7941152
2.472080   6.244820  0.0026355  0.7967507
2.492080   6.015380  0.0027267  0.7994774
2.512080   5.775260  0.0028288  0.8023062
2.532080   5.528830  0.0029412  0.8052474
2.552080   5.279710  0.0030630  0.8083104
2.572080   5.030910  0.0031936  0.8115040
2.592080   4.784840  0.0033322  0.8148362
2.612080   4.543430  0.0034782  0.8183144
2.632080   4.308190  0.0036299  0.8219443
2.652080   4.080260  0.0037861  0.8257304
2.672080   3.860490  0.0039454  0.8296759
2.692080   3.649440  0.0041058  0.8337816
2.712080   3.447500  0.0042649  0.8380465
2.732080   3.254880  0.0044201  0.8424666
2.752080   3.071610  0.0045685  0.8470352
2.772080   2.897640  0.0047073  0.8517425
2.792080   2.732840  0.0048332  0.8565757
2.812080   2.576990  0.0049429  0.8615187
2.832080   2.429810  0.0050336  0.8665522
2.852080   2.291020  0.0051020  0.8716543
2.872080   2.160260  0.0051461  0.8768004
2.892080   2.037200  0.0051640  0.8819643
2.912080   1.921480  0.0051545  0.8871188
2.932080   1.812720  0.0051176  0.8922365
2.952080   1.710580  0.0050539  0.8972903
2.972080   1.614700  0.0049647  0.9022550
2.992080   1.524730  0.0048521  0.9071071
3.012080   1.440330  0.0047188  0.9118259
3.032080   1.361170  0.0045677  0.9163936
3.052080   1.286950  0.0044025  0.9207961
3.072080   1.217360  0.0042261  0.9250222
3.092080   1.152130  0.0040424  0.9290646
3.112080   1.090980  0.0038538  0.9329184
3.132080   1.033650  0.0036635  0.9365820
3.152080   0.979910  0.0034741  0.9400560
3.172080   0.929520  0.0032871  0.9433431
3.192080   0.882280  0.0031044  0.9464475
3.212080   0.837970  0.0029277  0.9493752
3.232080   0.796420  0.0027575  0.9521327
3.252080   0.757450  0.0025947  0.9547273
3.272080   0.720880  0.0024397  0.9571670
3.292080   0.686570  0.0022929  0.9594599
3.312080   0.654360  0.0021541  0.9616140
3.332080   0.624130  0.0020237  0.9636377
3.352080   0.595730  0.0019009  0.9655385
3.372080   0.569060  0.0017860  0.9673246
3.392080   0.544010  0.0016784  0.9690030
3.412080   0.520460  0.0015779  0.9705809
3.432080   0.498320  0.0014840  0.9720649
3.452080   0.477510  0.0013965  0.9734614
3.472080   0.457930  0.0013151  0.9747765
3.492080   0.439510  0.0012390  0.9760155
3.512080   0.422170  0.0011683  0.9771838
3.532080   0.405850  0.0011025  0.9782862
3.552080   0.390480  0.0010412  0.9793274
3.572080   0.376000  0.0009840  0.9803113
3.592080   0.362360  0.0009308  0.9812422
3.612080   0.349500  0.0008812  0.9821234
3.632080   0.337370  0.0008351  0.9829585
3.652080   0.325940  0.0007922  0.9837507
3.672080   0.315150  0.0007521  0.9845028
3.692080   0.304970  0.0007147  0.9852176
3.712080   0.295360  0.0006797  0.9858972
3.732080   0.286280  0.0006471  0.9865443
3.752080   0.277710  0.0006167  0.9871611
3.772080   0.269610  0.0005882  0.9877493
3.792080   0.261950  0.0005616  0.9883109
3.812080   0.254710  0.0005366  0.9888475
3.832080   0.247870  0.0005132  0.9893606
3.852080   0.241410  0.0004915  0.9898521
3.872080   0.235290  0.0004710  0.9903231
3.892080   0.229510  0.0004517  0.9907748
3.912080   0.224050  0.0004336  0.9912084
3.932080   0.218870  0.0004166  0.9916250
3.952080   0.213980  0.0004006  0.9920257
3.972080   0.209340  0.0003857  0.9924113
3.992080   0.204940  0.0003715  0.9927828
4.012080   0.200780  0.0003582  0.9931410
4.032080   0.196840  0.0003457  0.9934867
4.052080   0.193100  0.0003338  0.9938205
4.072080   0.189550  0.0003227  0.9941432
4.092080   0.186180  0.0003121  0.9944553
4.112080   0.182990  0.0003020  0.9947573
4.132080   0.179950  0.0002926  0.9950499
4.152080   0.177070  0.0002836  0.9953335
4.172080   0.174340  0.0002752  0.9956086
4.192080   0.171740  0.0002670  0.9958756
4.212080   0.169270  0.0002594  0.9961349
4.232080   0.166920  0.0002522  0.9963871
4.252080   0.164690  0.0002452  0.9966323
4.272080   0.162560  0.0002387  0.9968710
4.292080   0.160540  0.0002323  0.9971033
4.312080   0.158620  0.0002264  0.9973297
4.332080   0.156790  0.0002206  0.9975503
4.352080   0.155040  0.0002153  0.9977656
4.372080   0.153390  0.0002100  0.9979755
4.392080   0.151800  0.0002050  0.9981805
4.412080   0.150300  0.0002003  0.9983809
4.432080   0.148860  0.0001958  0.9985767
4.452080   0.147490  0.0001913  0.9987680
4.472080   0.146190  0.0001872  0.9989552
4.492080   0.144940  0.0001833  0.9991385
4.512080   0.143760  0.0001794  0.9993179
4.532080   0.142630  0.0001757  0.9994936
4.552080   0.141550  0.0001722  0.9996658
4.572080   0.140520  0.0001687  0.9998345
4.592080   0.139530  0.0001655  1.0000000
