1.089040   0.000010  0.0000000  0.0000000
1.109040   0.000110  0.0000008  0.0000008
1.129040   0.000370  0.0000027  0.0000035
1.149040   0.000850  0.0000070  0.0000105
1.169040   0.001580  0.0000142  0.0000246
1.189040   0.002590  0.0000255  0.0000501
1.209040   0.003870  0.0000421  0.0000922
1.229040   0.005430  0.0000653  0.0001575
1.249040   0.007270  0.0000969  0.0002544
1.269040   0.009430  0.0001398  0.0003942
1.289040   0.012000  0.0001985  0.0005927
1.309040   0.015160  0.0002815  0.0008742
1.329040   0.019260  0.0004028  0.0012770
1.349040   0.024690  0.0005849  0.0018620
1.369040   0.031550  0.0008506  0.0027126
1.389040   0.039410  0.0012169  0.0039294
1.409040   0.047840  0.0017033  0.0056327
1.429040   0.056650  0.0023426  0.0079753
1.449040   0.065800  0.0031862  0.0111615
1.469040   0.075330  0.0043105  0.0154720
1.489040   0.085320  0.0058253  0.0212973
1.509040   0.095840  0.0078893  0.0291865
1.529040   0.107000  0.0107291  0.0399157
1.549040   0.118900  0.0146600  0.0545757
1.569040   0.131710  0.0200907  0.0746663
1.589040   0.145680  0.0274517  0.1021180
1.609040   0.161160  0.0369142  0.1390322
1.629040   0.178730  0.0477251  0.1867573
1.649040   0.199370  0.0573989  0.2441562
1.669040   0.224700  0.0622108  0.3063669
1.689040   0.256710  0.0602439  0.3666108
1.709040   0.297770  0.0533364  0.4199472
1.729040   0.351200  0.0447035  0.4646507
1.749040   0.421730  0.0364396  0.5010903
1.769040   0.511690  0.0295196  0.5306099
1.789040   0.614590  0.0243049  0.5549147
1.809040   0.719220  0.0206046  0.5755193
1.829040   0.818050  0.0179889  0.5935082
1.849040   0.908010  0.0160935  0.6096017
1.869040   0.988320  0.0146766  0.6242783
1.889040   1.059100  0.0135868  0.6378651
1.909040   1.120780  0.0127284  0.6505936
1.929040   1.173890  0.0120384  0.6626320
1.949040   1.218970  0.0114744  0.6741064
1.969040   1.256550  0.0110069  0.6851133
1.989040   1.287130  0.0106141  0.6957274
2.009040   1.311200  0.0102805  0.7060079
2.029040   1.329210  0.0099939  0.7160018
2.049040   1.341600  0.0097442  0.7257461
2.069040   1.348790  0.0095242  0.7352702
2.089040   1.351200  0.0093271  0.7445973
2.109040   1.349200  0.0091480  0.7537453
2.129040   1.343190  0.0089821  0.7627275
2.149040   1.333530  0.0088255  0.7715529
2.169040   1.320570  0.0086748  0.7802277
2.189040   1.304640  0.0085268  0.7887545
2.209040   1.286070  0.0083789  0.7971334
2.229040   1.265160  0.0082288  0.8053623
2.249040   1.242220  0.0080745  0.8134367
2.269040   1.217520  0.0079141  0.8213508
2.289040   1.191330  0.0077464  0.8290972
2.309040   1.163890  0.0075704  0.8366676
2.329040   1.135440  0.0073856  0.8440533
2.349040   1.106190  0.0071916  0.8512449
2.369040   1.076340  0.0069886  0.8582334
2.389040   1.046080  0.0067767  0.8650101
2.409040   1.015580  0.0065570  0.8715671
2.429040   0.984990  0.0063301  0.8778973
2.449040   0.954450  0.0060975  0.8839948
2.469040   0.924090  0.0058602  0.8898550
2.489040   0.894010  0.0056202  0.8954751
2.509040   0.864320  0.0053785  0.9008537
2.529040   0.835090  0.0051369  0.9059905
2.549040   0.806420  0.0048967  0.9108872
2.569040   0.778350  0.0046595  0.9155467
2.589040   0.750940  0.0044265  0.9199732
2.609040   0.724240  0.0041988  0.9241720
2.629040   0.698270  0.0039775  0.9281495
2.649040   0.673080  0.0037631  0.9319126
2.669040   0.648670  0.0035568  0.9354694
2.689040   0.625070  0.0033587  0.9388281
2.709040   0.602280  0.0031690  0.9419971
2.729040   0.580300  0.0029883  0.9449854
2.749040   0.559130  0.0028165  0.9478018
2.769040   0.538770  0.0026534  0.9504553
2.789040   0.519210  0.0024995  0.9529547
2.809040   0.500440  0.0023539  0.9553086
2.829040   0.482440  0.0022169  0.9575255
2.849040   0.465190  0.0020880  0.9596136
2.869040   0.448680  0.0019669  0.9615804
2.889040   0.432890  0.0018531  0.9634336
2.909040   0.417800  0.0017466  0.9651801
2.929040   0.403390  0.0016468  0.9668269
2.949040   0.389630  0.0015534  0.9683803
2.969040   0.376510  0.0014661  0.9698464
2.989040   0.363990  0.0013844  0.9712309
3.009040   0.352060  0.0013082  0.9725391
3.029040   0.340700  0.0012368  0.9737759
3.049040   0.329870  0.0011703  0.9749462
3.069040   0.319570  0.0011081  0.9760542
3.089040   0.309770  0.0010500  0.9771042
3.109040   0.300440  0.0009956  0.9780997
3.129040   0.291570  0.0009448  0.9790446
3.149040   0.283130  0.0008974  0.9799420
3.169040   0.275110  0.0008531  0.9807950
3.189040   0.267490  0.0008116  0.9816066
3.209040   0.260240  0.0007730  0.9823796
3.229040   0.253360  0.0007367  0.9831163
3.249040   0.246830  0.0007028  0.9838191
3.269040   0.240620  0.0006710  0.9844900
3.289040   0.234720  0.0006412  0.9851312
3.309040   0.229130  0.0006133  0.9857445
3.329040   0.223810  0.0005870  0.9863314
3.349040   0.218770  0.0005623  0.9868938
3.369040   0.213980  0.0005394  0.9874331
3.389040   0.209430  0.0005176  0.9879507
3.409040   0.205110  0.0004973  0.9884480
3.429040   0.201010  0.0004782  0.9889262
3.449040   0.197120  0.0004601  0.9893863
3.469040   0.193430  0.0004431  0.9898293
3.489040   0.189920  0.0004270  0.9902564
3.509040   0.186590  0.0004119  0.9906682
3.529040   0.183420  0.0003977  0.9910659
3.549040   0.180420  0.0003841  0.9914500
3.569040   0.177560  0.0003714  0.9918215
3.589040   0.174850  0.0003593  0.9921807
3.609040   0.172280  0.0003480  0.9925287
3.629040   0.169830  0.0003371  0.9928659
3.649040   0.167510  0.0003269  0.9931927
3.669040   0.165310  0.0003172  0.9935099
3.689040   0.163210  0.0003080  0.9938179
3.709040   0.161230  0.0002993  0.9941172
3.729040   0.159340  0.0002909  0.9944082
3.749040   0.157550  0.0002831  0.9946913
3.769040   0.155840  0.0002755  0.9949668
3.789040   0.154220  0.0002683  0.9952352
3.809040   0.152690  0.0002616  0.9954967
3.829040   0.151230  0.0002550  0.9957517
3.849040   0.149840  0.0002488  0.9960005
3.869040   0.148520  0.0002429  0.9962434
3.889040   0.147260  0.0002371  0.9964806
3.909040   0.146070  0.0002316  0.9967122
3.929040   0.144930  0.0002265  0.9969386
3.949040   0.143850  0.0002215  0.9971601
3.969040   0.142830  0.0002166  0.9973767
3.989040   0.141850  0.0002121  0.9975888
4.009040   0.140920  0.0002078  0.9977966
4.029040   0.140040  0.0002035  0.9980001
4.049040   0.139190  0.0001994  0.9981994
4.069040   0.138390  0.0001955  0.9983949
4.089040   0.137630  0.0001918  0.9985866
4.109040   0.136910  0.0001881  0.9987747
4.129040   0.136220  0.0001846  0.9989593
4.149040   0.135560  0.0001813  0.9991406
4.169040   0.134930  0.0001780  0.9993186
4.189040   0.134340  0.0001747  0.9994933
4.209040   0.133770  0.0001718  0.9996651
4.229040   0.133230  0.0001688  0.9998339
4.249040   0.132720  0.0001661  1.0000000
