1.275920   0.000010  0.0000002  0.0000002
1.295920   0.000050  0.0000008  0.0000010
1.315920   0.000150  0.0000025  0.0000035
1.335920   0.000310  0.0000060  0.0000095
1.355920   0.000610  0.0000132  0.0000226
1.375920   0.001110  0.0000282  0.0000508
1.395920   0.001880  0.0000558  0.0001066
1.415920   0.002950  0.0001033  0.0002099
1.435920   0.004340  0.0001817  0.0003917
1.455920   0.006160  0.0003124  0.0007041
1.475920   0.008510  0.0005329  0.0012370
1.495920   0.011430  0.0009017  0.0021387
1.515920   0.015100  0.0015406  0.0036793
1.535920   0.019700  0.0026842  0.0063635
1.555920   0.024610  0.0046667  0.0110302
1.575920   0.029540  0.0082431  0.0192733
1.595920   0.034460  0.0152885  0.0345619
1.615920   0.039400  0.0309613  0.0655232
1.635920   0.044500  0.0709702  0.1364934
1.655920   0.051060  0.1607004  0.2971938
1.675920   0.065300  0.1589978  0.4561915
1.695920   0.087840  0.0908958  0.5470873
1.715920   0.114650  0.0575672  0.6046545
1.735920   0.143440  0.0412319  0.6458864
1.755920   0.172770  0.0319676  0.6778540
1.775920   0.201770  0.0260820  0.7039360
1.795920   0.229820  0.0220279  0.7259639
1.815920   0.256540  0.0190661  0.7450300
1.835920   0.281680  0.0168046  0.7618346
1.855920   0.305070  0.0150173  0.7768519
1.875920   0.326640  0.0135650  0.7904168
1.895920   0.346340  0.0123580  0.8027748
1.915920   0.364160  0.0113357  0.8141105
1.935920   0.380130  0.0104557  0.8245662
1.955920   0.394280  0.0096876  0.8342538
1.975920   0.406670  0.0090092  0.8432630
1.995920   0.417370  0.0084037  0.8516667
2.015920   0.426440  0.0078582  0.8595249
2.035920   0.433970  0.0073630  0.8668879
2.055920   0.440030  0.0069104  0.8737983
2.075920   0.444730  0.0064942  0.8802925
2.095920   0.448130  0.0061097  0.8864023
2.115920   0.450340  0.0057528  0.8921551
2.135920   0.451440  0.0054204  0.8975755
2.155920   0.451500  0.0051098  0.9026853
2.175920   0.450610  0.0048190  0.9075043
2.195920   0.448860  0.0045461  0.9120504
2.215920   0.446320  0.0042894  0.9163398
2.235920   0.443080  0.0040480  0.9203878
2.255920   0.439200  0.0038207  0.9242086
2.275920   0.434770  0.0036065  0.9278150
2.295920   0.429840  0.0034046  0.9312196
2.315920   0.424500  0.0032144  0.9344340
2.335920   0.418790  0.0030351  0.9374691
2.355920   0.412780  0.0028661  0.9403352
2.375920   0.406530  0.0027070  0.9430422
2.395920   0.400080  0.0025572  0.9455994
2.415920   0.393480  0.0024160  0.9480154
2.435920   0.386770  0.0022834  0.9502988
2.455920   0.380000  0.0021585  0.9524573
2.475920   0.373200  0.0020412  0.9544985
2.495920   0.366400  0.0019311  0.9564296
2.515920   0.359630  0.0018275  0.9582571
2.535920   0.352920  0.0017302  0.9599873
2.555920   0.346280  0.0016390  0.9616262
2.575920   0.339740  0.0015534  0.9631796
2.595920   0.333320  0.0014731  0.9646527
2.615920   0.327020  0.0013978  0.9660505
2.635920   0.320870  0.0013270  0.9673774
2.655920   0.314860  0.0012607  0.9686381
2.675920   0.309020  0.0011985  0.9698366
2.695920   0.303340  0.0011403  0.9709769
2.715920   0.297830  0.0010857  0.9720626
2.735920   0.292500  0.0010345  0.9730971
2.755920   0.287340  0.0009863  0.9740834
2.775920   0.282370  0.0009412  0.9750247
2.795920   0.277570  0.0008988  0.9759235
2.815920   0.272950  0.0008591  0.9767826
2.835920   0.268510  0.0008217  0.9776043
2.855920   0.264240  0.0007867  0.9783910
2.875920   0.260150  0.0007537  0.9791447
2.895920   0.256220  0.0007227  0.9798674
2.915920   0.252460  0.0006936  0.9805610
2.935920   0.248870  0.0006661  0.9812270
2.955920   0.245430  0.0006403  0.9818674
2.975920   0.242140  0.0006160  0.9824834
2.995920   0.239010  0.0005930  0.9830764
3.015920   0.236020  0.0005714  0.9836478
3.035920   0.233170  0.0005510  0.9841988
3.055920   0.230450  0.0005319  0.9847306
3.075920   0.227870  0.0005135  0.9852441
3.095920   0.225410  0.0004965  0.9857406
3.115920   0.223070  0.0004802  0.9862208
3.135920   0.220850  0.0004648  0.9866855
3.155920   0.218740  0.0004501  0.9871357
3.175920   0.216730  0.0004364  0.9875720
3.195920   0.214830  0.0004232  0.9879952
3.215920   0.213030  0.0004106  0.9884058
3.235920   0.211320  0.0003989  0.9888047
3.255920   0.209700  0.0003876  0.9891923
3.275920   0.208170  0.0003769  0.9895692
3.295920   0.206720  0.0003668  0.9899359
3.315920   0.205350  0.0003571  0.9902930
3.335920   0.204060  0.0003478  0.9906409
3.355920   0.202840  0.0003390  0.9909799
3.375920   0.201700  0.0003306  0.9913104
3.395920   0.200620  0.0003225  0.9916330
3.415920   0.199600  0.0003149  0.9919479
3.435920   0.198640  0.0003075  0.9922554
3.455920   0.197730  0.0003005  0.9925559
3.475920   0.196880  0.0002937  0.9928496
3.495920   0.196080  0.0002873  0.9931369
3.515920   0.195330  0.0002812  0.9934181
3.535920   0.194620  0.0002752  0.9936933
3.555920   0.193960  0.0002694  0.9939627
3.575920   0.193330  0.0002639  0.9942266
3.595920   0.192750  0.0002587  0.9944853
3.615920   0.192200  0.0002536  0.9947389
3.635920   0.191690  0.0002486  0.9949875
3.655920   0.191200  0.0002439  0.9952314
3.675920   0.190750  0.0002394  0.9954708
3.695920   0.190330  0.0002348  0.9957057
3.715920   0.189940  0.0002307  0.9959364
3.735920   0.189570  0.0002266  0.9961630
3.755920   0.189220  0.0002225  0.9963855
3.775920   0.188900  0.0002188  0.9966043
3.795920   0.188610  0.0002151  0.9968194
3.815920   0.188330  0.0002114  0.9970308
3.835920   0.188070  0.0002079  0.9972386
3.855920   0.187840  0.0002046  0.9974432
3.875920   0.187620  0.0002013  0.9976445
3.895920   0.187410  0.0001980  0.9978425
3.915920   0.187230  0.0001949  0.9980375
3.935920   0.187050  0.0001918  0.9982293
3.955920   0.186900  0.0001889  0.9984182
3.975920   0.186750  0.0001861  0.9986043
3.995920   0.186620  0.0001834  0.9987877
4.015920   0.186500  0.0001807  0.9989684
4.035920   0.186390  0.0001780  0.9991464
4.055920   0.186300  0.0001756  0.9993220
4.075920   0.186210  0.0001731  0.9994951
4.095920   0.186130  0.0001706  0.9996657
4.115920   0.186060  0.0001684  0.9998341
4.135920   0.186000  0.0001659  1.0000000
