1.255520   0.000010  0.0000002  0.0000002
1.275520   0.000500  0.0000113  0.0000115
1.295520   0.001270  0.0000325  0.0000441
1.315520   0.002150  0.0000626  0.0001067
1.335520   0.003230  0.0001079  0.0002145
1.355520   0.004880  0.0001882  0.0004027
1.375520   0.006750  0.0003029  0.0007056
1.395520   0.008700  0.0004590  0.0011646
1.415520   0.010670  0.0006686  0.0018331
1.435520   0.012940  0.0009762  0.0028093
1.455520   0.018810  0.0017345  0.0045438
1.475520   0.025070  0.0028750  0.0074188
1.495520   0.031010  0.0045199  0.0119388
1.515520   0.036690  0.0069809  0.0189197
1.535520   0.042480  0.0109078  0.0298275
1.555520   0.048630  0.0175572  0.0473847
1.575520   0.055040  0.0293976  0.0767823
1.595520   0.061670  0.0516827  0.1284650
1.615520   0.068750  0.0945911  0.2230561
1.635520   0.077360  0.1626092  0.3856652
1.655520   0.093290  0.1879270  0.5735922
1.675520   0.155960  0.1091734  0.6827657
1.695520   0.364200  0.0468393  0.7296050
1.715520   0.816840  0.0212811  0.7508861
1.735520   1.590360  0.0110308  0.7619169
1.755520   2.734950  0.0064400  0.7683568
1.775520   4.271740  0.0041308  0.7724876
1.795520   6.193060  0.0028521  0.7753398
1.815520   8.466300  0.0020874  0.7774272
1.835520  11.039290  0.0016013  0.7790285
1.855520  13.847120  0.0012770  0.7803055
1.875520  16.818490  0.0010515  0.7813570
1.895520  19.881530  0.0008895  0.7822465
1.915520  22.967290  0.0007701  0.7830166
1.935520  26.014000  0.0006799  0.7836965
1.955520  28.968140  0.0006107  0.7843072
1.975520  31.784890  0.0005566  0.7848637
1.995520  34.428310  0.0005137  0.7853775
2.015520  36.871760  0.0004798  0.7858572
2.035520  39.095440  0.0004524  0.7863096
2.055520  41.087590  0.0004305  0.7867401
2.075520  42.841570  0.0004128  0.7871529
2.095520  44.355430  0.0003988  0.7875518
2.115520  45.632950  0.0003877  0.7879395
2.135520  46.678980  0.0003789  0.7883183
2.155520  47.501950  0.0003723  0.7886906
2.175520  48.112700  0.0003675  0.7890582
2.195520  48.523140  0.0003644  0.7894226
2.215520  48.744710  0.0003628  0.7897854
2.235520  48.792400  0.0003626  0.7901480
2.255520  48.678450  0.0003634  0.7905114
2.275520  48.417840  0.0003653  0.7908767
2.295520  48.022290  0.0003684  0.7912450
2.315520  47.506650  0.0003723  0.7916173
2.335520  46.882880  0.0003772  0.7919945
2.355520  46.163870  0.0003830  0.7923775
2.375520  45.361740  0.0003898  0.7927673
2.395520  44.486090  0.0003974  0.7931647
2.415520  43.549630  0.0004060  0.7935707
2.435520  42.560550  0.0004153  0.7939860
2.455520  41.529100  0.0004256  0.7944116
2.475520  40.463290  0.0004367  0.7948483
2.495520  39.370890  0.0004489  0.7952972
2.515520  38.259400  0.0004618  0.7957590
2.535520  37.135400  0.0004758  0.7962348
2.555520  36.004450  0.0004907  0.7967255
2.575520  34.871450  0.0005065  0.7972320
2.595520  33.741770  0.0005234  0.7977554
2.615520  32.619490  0.0005411  0.7982965
2.635520  31.508640  0.0005601  0.7988566
2.655520  30.411000  0.0005802  0.7994368
2.675520  29.330780  0.0006014  0.8000383
2.695520  28.269910  0.0006237  0.8006619
2.715520  27.230180  0.0006474  0.8013093
2.735520  26.213710  0.0006721  0.8019813
2.755520  25.221110  0.0006982  0.8026796
2.775520  24.254560  0.0007256  0.8034052
2.795520  23.313900  0.0007544  0.8041596
2.815520  22.400200  0.0007847  0.8049443
2.835520  21.514340  0.0008164  0.8057607
2.855520  20.655660  0.0008495  0.8066102
2.875520  19.824780  0.0008843  0.8074946
2.895520  19.022080  0.0009206  0.8084151
2.915520  18.246660  0.0009585  0.8093736
2.935520  17.498300  0.0009982  0.8103718
2.955520  16.777740  0.0010396  0.8114114
2.975520  16.082960  0.0010826  0.8124941
2.995520  15.414340  0.0011275  0.8136216
3.015520  14.771510  0.0011740  0.8147956
3.035520  14.153500  0.0012226  0.8160183
3.055520  13.559980  0.0012729  0.8172911
3.075520  12.989920  0.0013248  0.8186159
3.095520  12.442810  0.0013787  0.8199946
3.115520  11.918340  0.0014343  0.8214289
3.135520  11.415180  0.0014918  0.8229207
3.155520  10.933230  0.0015508  0.8244715
3.175520  10.471240  0.0016116  0.8260831
3.195520  10.028740  0.0016738  0.8277569
3.215520   9.605220  0.0017374  0.8294943
3.235520   9.199780  0.0018023  0.8312966
3.255520   8.811600  0.0018683  0.8331649
3.275520   8.440380  0.0019355  0.8351004
3.295520   8.086020  0.0020030  0.8371034
3.315520   7.747930  0.0020708  0.8391741
3.335520   7.425360  0.0021387  0.8413128
3.355520   7.117560  0.0022062  0.8435191
3.375520   6.823840  0.0022734  0.8457924
3.395520   6.543540  0.0023392  0.8481317
3.415520   6.276020  0.0024039  0.8505356
3.435520   6.020670  0.0024669  0.8530025
3.455520   5.776920  0.0025279  0.8555303
3.475520   5.544210  0.0025861  0.8581164
3.495520   5.322030  0.0026413  0.8607578
3.515520   5.109860  0.0026932  0.8634509
3.535520   4.907230  0.0027412  0.8661921
3.555520   4.713700  0.0027848  0.8689769
3.575520   4.528820  0.0028239  0.8718009
3.595520   4.352180  0.0028579  0.8746588
3.615520   4.183410  0.0028867  0.8775455
3.635520   4.022110  0.0029098  0.8804553
3.655520   3.867950  0.0029273  0.8833826
3.675520   3.720570  0.0029386  0.8863212
3.695520   3.579670  0.0029440  0.8892652
3.715520   3.444930  0.0029432  0.8922084
3.735520   3.316070  0.0029362  0.8951445
3.755520   3.192810  0.0029234  0.8980679
3.775520   3.074880  0.0029047  0.9009726
3.795520   2.962050  0.0028804  0.9038529
3.815520   2.854070  0.0028509  0.9067038
3.835520   2.750710  0.0028163  0.9095201
3.855520   2.651760  0.0027770  0.9122971
3.875520   2.557020  0.0027333  0.9150305
3.895520   2.466300  0.0026860  0.9177165
3.915520   2.379400  0.0026351  0.9203516
3.935520   2.296150  0.0025814  0.9229330
3.955520   2.216390  0.0025248  0.9254577
3.975520   2.139960  0.0024663  0.9279240
3.995520   2.066700  0.0024060  0.9303300
4.015520   1.996470  0.0023442  0.9326742
4.035520   1.929130  0.0022814  0.9349555
4.055520   1.864560  0.0022180  0.9371735
4.075520   1.802630  0.0021543  0.9393279
4.095520   1.743220  0.0020907  0.9414186
4.115520   1.686220  0.0020273  0.9434459
4.135520   1.631520  0.0019643  0.9454102
4.155520   1.579020  0.0019019  0.9473121
4.175520   1.528620  0.0018406  0.9491527
4.195520   1.480230  0.0017800  0.9509327
4.215520   1.433760  0.0017209  0.9526536
4.235520   1.389130  0.0016629  0.9543165
4.255520   1.346260  0.0016062  0.9559227
4.275520   1.305070  0.0015511  0.9574737
4.295520   1.265490  0.0014975  0.9589713
4.315520   1.227450  0.0014454  0.9604167
4.335520   1.190880  0.0013948  0.9618115
4.355520   1.155730  0.0013458  0.9631572
4.375520   1.121920  0.0012984  0.9644557
4.395520   1.089410  0.0012525  0.9657082
4.415520   1.058130  0.0012084  0.9669166
4.435520   1.028040  0.0011656  0.9680822
4.455520   0.999090  0.0011244  0.9692066
4.475520   0.971230  0.0010849  0.9702915
4.495520   0.944410  0.0010466  0.9713381
4.515520   0.918590  0.0010099  0.9723481
4.535520   0.893730  0.0009745  0.9733226
4.555520   0.869790  0.0009406  0.9742632
4.575520   0.846730  0.0009078  0.9751710
4.595520   0.824520  0.0008763  0.9760473
4.615520   0.803120  0.0008463  0.9768935
4.635520   0.782500  0.0008172  0.9777108
4.655520   0.762630  0.0007894  0.9785002
4.675520   0.743470  0.0007627  0.9792628
4.695520   0.725000  0.0007369  0.9799998
4.715520   0.707190  0.0007124  0.9807122
4.735520   0.690020  0.0006887  0.9814009
4.755520   0.673460  0.0006659  0.9820668
4.775520   0.657480  0.0006443  0.9827111
4.795520   0.642060  0.0006233  0.9833343
4.815520   0.627190  0.0006031  0.9839374
4.835520   0.612830  0.0005839  0.9845214
4.855520   0.598980  0.0005654  0.9850868
4.875520   0.585600  0.0005477  0.9856345
4.895520   0.572680  0.0005306  0.9861651
4.915520   0.560210  0.0005141  0.9866792
4.935520   0.548170  0.0004985  0.9871777
4.955520   0.536540  0.0004833  0.9876609
4.975520   0.525300  0.0004688  0.9881298
4.995520   0.514440  0.0004548  0.9885846
5.015520   0.503950  0.0004415  0.9890261
5.035520   0.493800  0.0004285  0.9894546
5.055520   0.484000  0.0004161  0.9898707
5.075520   0.474530  0.0004042  0.9902749
5.095520   0.465370  0.0003929  0.9906677
5.115520   0.456510  0.0003817  0.9910495
5.135520   0.447940  0.0003712  0.9914207
5.155520   0.439650  0.0003609  0.9917817
5.175520   0.431640  0.0003513  0.9921329
5.195520   0.423880  0.0003418  0.9924747
5.215520   0.416380  0.0003327  0.9928075
5.235520   0.409110  0.0003239  0.9931313
5.255520   0.402090  0.0003156  0.9934470
5.275520   0.395280  0.0003074  0.9937544
5.295520   0.388690  0.0002996  0.9940540
5.315520   0.382320  0.0002922  0.9943462
5.335520   0.376140  0.0002848  0.9946309
5.355520   0.370160  0.0002778  0.9949087
5.375520   0.364370  0.0002712  0.9951798
5.395520   0.358760  0.0002646  0.9954444
5.415520   0.353320  0.0002584  0.9957028
5.435520   0.348050  0.0002522  0.9959551
5.455520   0.342950  0.0002465  0.9962015
5.475520   0.338000  0.0002407  0.9964422
5.495520   0.333210  0.0002353  0.9966776
5.515520   0.328560  0.0002300  0.9969076
5.535520   0.324050  0.0002251  0.9971326
5.555520   0.319680  0.0002201  0.9973527
5.575520   0.315450  0.0002154  0.9975681
5.595520   0.311340  0.0002108  0.9977789
5.615520   0.307350  0.0002063  0.9979853
5.635520   0.303490  0.0002020  0.9981872
5.655520   0.299740  0.0001979  0.9983851
5.675520   0.296100  0.0001940  0.9985791
5.695520   0.292570  0.0001900  0.9987691
5.715520   0.289140  0.0001861  0.9989553
5.735520   0.285810  0.0001826  0.9991379
5.755520   0.282590  0.0001791  0.9993170
5.775520   0.279450  0.0001756  0.9994927
5.795520   0.276410  0.0001723  0.9996650
5.815520   0.273460  0.0001690  0.9998340
5.835520   0.270590  0.0001660  1.0000000
