1.327000   0.000140  0.0000664  0.0000664
1.347000   0.024870  0.0214234  0.0214898
1.367000   0.035560  0.0623561  0.0838459
1.387000   0.043970  0.1710524  0.2548983
1.407000   0.051180  0.2452358  0.5001341
1.427000   0.057610  0.1392267  0.6393608
1.447000   0.063470  0.0736603  0.7130211
1.467000   0.068890  0.0446596  0.7576807
1.487000   0.073930  0.0302148  0.7878954
1.507000   0.078670  0.0220580  0.8099534
1.527000   0.083130  0.0169904  0.8269439
1.547000   0.087350  0.0136097  0.8405535
1.567000   0.091360  0.0112285  0.8517820
1.587000   0.095180  0.0094792  0.8612613
1.607000   0.098820  0.0081503  0.8694116
1.627000   0.102290  0.0071126  0.8765242
1.647000   0.105620  0.0062839  0.8828081
1.667000   0.108810  0.0056093  0.8884173
1.687000   0.111860  0.0050512  0.8934686
1.707000   0.114790  0.0045831  0.8980517
1.727000   0.117610  0.0041856  0.9022373
1.747000   0.120330  0.0038447  0.9060820
1.767000   0.122940  0.0035493  0.9096313
1.787000   0.125450  0.0032914  0.9129227
1.807000   0.127880  0.0030645  0.9159872
1.827000   0.130210  0.0028635  0.9188507
1.847000   0.132470  0.0026844  0.9215351
1.867000   0.134650  0.0025238  0.9240589
1.887000   0.136750  0.0023795  0.9264384
1.907000   0.138790  0.0022489  0.9286873
1.927000   0.140760  0.0021300  0.9308173
1.947000   0.142660  0.0020218  0.9328390
1.967000   0.144510  0.0019228  0.9347619
1.987000   0.146290  0.0018318  0.9365937
2.007000   0.148020  0.0017480  0.9383417
2.027000   0.149700  0.0016707  0.9400124
2.047000   0.151330  0.0015991  0.9416115
2.067000   0.152900  0.0015326  0.9431441
2.087000   0.154430  0.0014708  0.9446148
2.107000   0.155920  0.0014129  0.9460277
2.127000   0.157360  0.0013590  0.9473867
2.147000   0.158760  0.0013086  0.9486953
2.167000   0.160120  0.0012611  0.9499564
2.187000   0.161440  0.0012167  0.9511731
2.207000   0.162730  0.0011748  0.9523479
2.227000   0.163980  0.0011352  0.9534831
2.247000   0.165190  0.0010979  0.9545810
2.267000   0.166380  0.0010626  0.9556436
2.287000   0.167530  0.0010292  0.9566729
2.307000   0.168650  0.0009977  0.9576706
2.327000   0.169740  0.0009676  0.9586382
2.347000   0.170800  0.0009390  0.9595773
2.367000   0.171840  0.0009119  0.9604891
2.387000   0.172850  0.0008859  0.9613751
2.407000   0.173830  0.0008615  0.9622365
2.427000   0.174790  0.0008378  0.9630743
2.447000   0.175730  0.0008154  0.9638898
2.467000   0.176640  0.0007939  0.9646836
2.487000   0.177530  0.0007733  0.9654570
2.507000   0.178400  0.0007538  0.9662108
2.527000   0.179240  0.0007350  0.9669458
2.547000   0.180070  0.0007169  0.9676627
2.567000   0.180880  0.0006995  0.9683622
2.587000   0.181660  0.0006829  0.9690451
2.607000   0.182430  0.0006667  0.9697118
2.627000   0.183190  0.0006514  0.9703632
2.647000   0.183920  0.0006367  0.9709999
2.667000   0.184640  0.0006224  0.9716222
2.687000   0.185340  0.0006087  0.9722309
2.707000   0.186030  0.0005954  0.9728263
2.727000   0.186700  0.0005825  0.9734088
2.747000   0.187360  0.0005701  0.9739789
2.767000   0.188000  0.0005583  0.9745372
2.787000   0.188630  0.0005467  0.9750838
2.807000   0.189240  0.0005357  0.9756195
2.827000   0.189840  0.0005249  0.9761444
2.847000   0.190430  0.0005145  0.9766589
2.867000   0.191010  0.0005044  0.9771633
2.887000   0.191570  0.0004946  0.9776579
2.907000   0.192120  0.0004853  0.9781432
2.927000   0.192660  0.0004759  0.9786191
2.947000   0.193190  0.0004670  0.9790861
2.967000   0.193710  0.0004585  0.9795446
2.987000   0.194220  0.0004502  0.9799949
3.007000   0.194720  0.0004419  0.9804368
3.027000   0.195210  0.0004341  0.9808709
3.047000   0.195690  0.0004266  0.9812974
3.067000   0.196160  0.0004191  0.9817166
3.087000   0.196620  0.0004119  0.9821284
3.107000   0.197070  0.0004048  0.9825332
3.127000   0.197510  0.0003980  0.9829312
3.147000   0.197950  0.0003913  0.9833225
3.167000   0.198370  0.0003849  0.9837074
3.187000   0.198790  0.0003785  0.9840859
3.207000   0.199200  0.0003725  0.9844584
3.227000   0.199600  0.0003664  0.9848248
3.247000   0.200000  0.0003606  0.9851854
3.267000   0.200380  0.0003548  0.9855403
3.287000   0.200770  0.0003494  0.9858897
3.307000   0.201140  0.0003440  0.9862338
3.327000   0.201510  0.0003387  0.9865724
3.347000   0.201870  0.0003335  0.9869059
3.367000   0.202220  0.0003285  0.9872344
3.387000   0.202570  0.0003237  0.9875581
3.407000   0.202910  0.0003187  0.9878768
3.427000   0.203240  0.0003142  0.9881910
3.447000   0.203570  0.0003096  0.9885007
3.467000   0.203900  0.0003051  0.9888057
3.487000   0.204210  0.0003007  0.9891064
3.507000   0.204530  0.0002966  0.9894030
3.527000   0.204830  0.0002924  0.9896954
3.547000   0.205140  0.0002883  0.9899836
3.567000   0.205430  0.0002843  0.9902680
3.587000   0.205730  0.0002804  0.9905483
3.607000   0.206010  0.0002766  0.9908250
3.627000   0.206300  0.0002729  0.9910979
3.647000   0.206570  0.0002692  0.9913671
3.667000   0.206850  0.0002657  0.9916327
3.687000   0.207120  0.0002621  0.9918949
3.707000   0.207380  0.0002588  0.9921537
3.727000   0.207640  0.0002555  0.9924092
3.747000   0.207900  0.0002522  0.9926614
3.767000   0.208150  0.0002489  0.9929102
3.787000   0.208400  0.0002457  0.9931560
3.807000   0.208640  0.0002426  0.9933986
3.827000   0.208880  0.0002397  0.9936383
3.847000   0.209120  0.0002366  0.9938750
3.867000   0.209350  0.0002337  0.9941087
3.887000   0.209580  0.0002308  0.9943395
3.907000   0.209800  0.0002281  0.9945676
3.927000   0.210030  0.0002254  0.9947930
3.947000   0.210240  0.0002227  0.9950158
3.967000   0.210460  0.0002200  0.9952358
3.987000   0.210670  0.0002173  0.9954531
4.007000   0.210880  0.0002148  0.9956680
4.027000   0.211090  0.0002124  0.9958804
4.047000   0.211290  0.0002099  0.9960902
4.067000   0.211490  0.0002074  0.9962976
4.087000   0.211690  0.0002051  0.9965027
4.107000   0.211880  0.0002028  0.9967055
4.127000   0.212070  0.0002005  0.9969061
4.147000   0.212260  0.0001983  0.9971043
4.167000   0.212450  0.0001960  0.9973003
4.187000   0.212630  0.0001939  0.9974942
4.207000   0.212810  0.0001918  0.9976860
4.227000   0.212990  0.0001895  0.9978756
4.247000   0.213160  0.0001877  0.9980633
4.267000   0.213340  0.0001856  0.9982489
4.287000   0.213510  0.0001835  0.9984324
4.307000   0.213670  0.0001817  0.9986141
4.327000   0.213840  0.0001796  0.9987937
4.347000   0.214000  0.0001777  0.9989714
4.367000   0.214160  0.0001759  0.9991472
4.387000   0.214320  0.0001740  0.9993212
4.407000   0.214480  0.0001723  0.9994936
4.427000   0.214630  0.0001705  0.9996640
4.447000   0.214790  0.0001688  0.9998328
4.467000   0.214940  0.0001672  1.0000000
