1.275920   0.000010  0.0000002  0.0000002
1.295920   0.000050  0.0000008  0.0000010
1.315920   0.000150  0.0000025  0.0000035
1.335920   0.000310  0.0000060  0.0000095
1.355920   0.000610  0.0000132  0.0000226
1.375920   0.001110  0.0000282  0.0000508
1.395920   0.001880  0.0000558  0.0001066
1.415920   0.002950  0.0001033  0.0002099
1.435920   0.004340  0.0001817  0.0003917
1.455920   0.006160  0.0003124  0.0007041
1.475920   0.008510  0.0005327  0.0012368
1.495920   0.011420  0.0009015  0.0021383
1.515920   0.015090  0.0015398  0.0036781
1.535920   0.019690  0.0026829  0.0063611
1.555920   0.024600  0.0046642  0.0110253
1.575920   0.029520  0.0082390  0.0192643
1.595920   0.034450  0.0152826  0.0345469
1.615920   0.039390  0.0309536  0.0655006
1.635920   0.044490  0.0709642  0.1364648
1.655920   0.051060  0.1607068  0.2971716
1.675920   0.065300  0.1589933  0.4561649
1.695920   0.087850  0.0908913  0.5470562
1.715920   0.114670  0.0575653  0.6046216
1.735920   0.143460  0.0412309  0.6458525
1.755920   0.172810  0.0319673  0.6778199
1.775920   0.201810  0.0260821  0.7039020
1.795920   0.229870  0.0220280  0.7259299
1.815920   0.256600  0.0190665  0.7449965
1.835920   0.281750  0.0168051  0.7618016
1.855920   0.305150  0.0150177  0.7768193
1.875920   0.326730  0.0135656  0.7903849
1.895920   0.346440  0.0123586  0.8027435
1.915920   0.364270  0.0113365  0.8140801
1.935920   0.380240  0.0104566  0.8245367
1.955920   0.394400  0.0096885  0.8342251
1.975920   0.406800  0.0090101  0.8432352
1.995920   0.417500  0.0084045  0.8516397
2.015920   0.426580  0.0078591  0.8594987
2.035920   0.434110  0.0073641  0.8668628
2.055920   0.440180  0.0069114  0.8737743
2.075920   0.444880  0.0064953  0.8802695
2.095920   0.448290  0.0061108  0.8863803
2.115920   0.450500  0.0057539  0.8921342
2.135920   0.451590  0.0054215  0.8975556
2.155920   0.451660  0.0051109  0.9026665
2.175920   0.450770  0.0048200  0.9074866
2.195920   0.449020  0.0045469  0.9120335
2.215920   0.446480  0.0042905  0.9163239
2.235920   0.443240  0.0040490  0.9203729
2.255920   0.439360  0.0038216  0.9241945
2.275920   0.434930  0.0036075  0.9278020
2.295920   0.430000  0.0034056  0.9312077
2.315920   0.424650  0.0032152  0.9344229
2.335920   0.418930  0.0030359  0.9374588
2.355920   0.412920  0.0028670  0.9403258
2.375920   0.406670  0.0027076  0.9430334
2.395920   0.400210  0.0025578  0.9455912
2.415920   0.393610  0.0024166  0.9480078
2.435920   0.386900  0.0022839  0.9502917
2.455920   0.380120  0.0021591  0.9524508
2.475920   0.373320  0.0020418  0.9544926
2.495920   0.366510  0.0019315  0.9564241
2.515920   0.359740  0.0018279  0.9582520
2.535920   0.353020  0.0017306  0.9599826
2.555920   0.346380  0.0016394  0.9616220
2.575920   0.339840  0.0015538  0.9631758
2.595920   0.333410  0.0014733  0.9646491
2.615920   0.327100  0.0013980  0.9660471
2.635920   0.320950  0.0013274  0.9673744
2.655920   0.314940  0.0012611  0.9686355
2.675920   0.309090  0.0011989  0.9698345
2.695920   0.303410  0.0011405  0.9709750
2.715920   0.297900  0.0010859  0.9720609
2.735920   0.292560  0.0010345  0.9730954
2.755920   0.287400  0.0009865  0.9740819
2.775920   0.282420  0.0009412  0.9750232
2.795920   0.277620  0.0008990  0.9759222
2.815920   0.273000  0.0008591  0.9767813
2.835920   0.268560  0.0008219  0.9776032
2.855920   0.264280  0.0007867  0.9783899
2.875920   0.260190  0.0007537  0.9791436
2.895920   0.256260  0.0007229  0.9798665
2.915920   0.252500  0.0006936  0.9805601
2.935920   0.248900  0.0006663  0.9812264
2.955920   0.245460  0.0006403  0.9818667
2.975920   0.242180  0.0006160  0.9824827
2.995920   0.239040  0.0005932  0.9830759
3.015920   0.236050  0.0005716  0.9836475
3.035920   0.233190  0.0005510  0.9841985
3.055920   0.230480  0.0005319  0.9847304
3.075920   0.227890  0.0005135  0.9852439
3.095920   0.225430  0.0004965  0.9857403
3.115920   0.223090  0.0004802  0.9862205
3.135920   0.220870  0.0004648  0.9866853
3.155920   0.218750  0.0004501  0.9871354
3.175920   0.216750  0.0004364  0.9875718
3.195920   0.214850  0.0004232  0.9879950
3.215920   0.213040  0.0004108  0.9884058
3.235920   0.211330  0.0003989  0.9888047
3.255920   0.209710  0.0003876  0.9891923
3.275920   0.208180  0.0003769  0.9895691
3.295920   0.206730  0.0003668  0.9899359
3.315920   0.205360  0.0003571  0.9902930
3.335920   0.204070  0.0003478  0.9906409
3.355920   0.202850  0.0003390  0.9909799
3.375920   0.201710  0.0003306  0.9913104
3.395920   0.200620  0.0003225  0.9916329
3.415920   0.199610  0.0003149  0.9919479
3.435920   0.198640  0.0003075  0.9922554
3.455920   0.197740  0.0003005  0.9925559
3.475920   0.196890  0.0002937  0.9928496
3.495920   0.196090  0.0002873  0.9931369
3.515920   0.195340  0.0002812  0.9934181
3.535920   0.194630  0.0002752  0.9936933
3.555920   0.193960  0.0002694  0.9939627
3.575920   0.193340  0.0002639  0.9942266
3.595920   0.192750  0.0002587  0.9944853
3.615920   0.192200  0.0002536  0.9947389
3.635920   0.191690  0.0002486  0.9949875
3.655920   0.191210  0.0002439  0.9952314
3.675920   0.190760  0.0002394  0.9954708
3.695920   0.190330  0.0002348  0.9957056
3.715920   0.189940  0.0002307  0.9959364
3.735920   0.189570  0.0002266  0.9961630
3.755920   0.189230  0.0002225  0.9963855
3.775920   0.188910  0.0002188  0.9966043
3.795920   0.188610  0.0002151  0.9968194
3.815920   0.188330  0.0002114  0.9970307
3.835920   0.188080  0.0002079  0.9972386
3.855920   0.187840  0.0002046  0.9974432
3.875920   0.187620  0.0002013  0.9976445
3.895920   0.187410  0.0001980  0.9978425
3.915920   0.187230  0.0001949  0.9980374
3.935920   0.187050  0.0001918  0.9982293
3.955920   0.186900  0.0001889  0.9984182
3.975920   0.186750  0.0001861  0.9986043
3.995920   0.186620  0.0001834  0.9987877
4.015920   0.186500  0.0001807  0.9989684
4.035920   0.186390  0.0001780  0.9991464
4.055920   0.186300  0.0001756  0.9993220
4.075920   0.186210  0.0001731  0.9994951
4.095920   0.186130  0.0001706  0.9996657
4.115920   0.186060  0.0001684  0.9998341
4.135920   0.186000  0.0001659  1.0000000
