1.344190   0.000010  0.0000000  0.0000000
1.364190   0.000020  0.0000002  0.0000002
1.384190   0.000040  0.0000004  0.0000006
1.404190   0.000080  0.0000008  0.0000014
1.424190   0.000140  0.0000014  0.0000029
1.444190   0.000230  0.0000025  0.0000053
1.464190   0.000370  0.0000045  0.0000099
1.484190   0.000590  0.0000080  0.0000179
1.504190   0.000940  0.0000144  0.0000323
1.524190   0.001490  0.0000255  0.0000578
1.544190   0.002320  0.0000446  0.0001024
1.564190   0.003450  0.0000753  0.0001777
1.584190   0.004870  0.0001209  0.0002986
1.604190   0.006550  0.0001869  0.0004855
1.624190   0.008480  0.0002801  0.0007655
1.644190   0.010650  0.0004108  0.0011764
1.664190   0.013060  0.0005949  0.0017712
1.684190   0.015890  0.0008655  0.0026367
1.704190   0.019420  0.0012831  0.0039197
1.724190   0.023900  0.0019483  0.0058680
1.744190   0.029520  0.0030292  0.0088972
1.764190   0.036380  0.0048146  0.0137118
1.784190   0.044510  0.0078165  0.0215282
1.804190   0.053850  0.0129695  0.0344977
1.824190   0.064280  0.0219888  0.0564866
1.844190   0.075630  0.0377838  0.0942703
1.864190   0.087690  0.0635679  0.1578383
1.884190   0.100240  0.0956161  0.2534544
1.904190   0.113040  0.1131923  0.3666467
1.924190   0.125890  0.1031938  0.4698405
1.944190   0.138590  0.0814853  0.5513258
1.964190   0.150970  0.0621461  0.6134719
1.984190   0.162870  0.0480029  0.6614748
2.004190   0.174200  0.0380338  0.6995085
2.024190   0.184840  0.0309171  0.7304256
2.044190   0.194740  0.0256992  0.7561249
2.064190   0.203830  0.0217626  0.7778875
2.084190   0.212100  0.0187119  0.7965994
2.104190   0.219530  0.0162907  0.8128900
2.124190   0.226120  0.0143291  0.8272191
2.144190   0.231880  0.0127108  0.8399299
2.164190   0.236830  0.0113554  0.8512853
2.184190   0.241000  0.0102049  0.8614903
2.204190   0.244430  0.0092171  0.8707074
2.224190   0.247150  0.0083609  0.8790683
2.244190   0.249200  0.0076123  0.8866806
2.264190   0.250630  0.0069528  0.8936334
2.284190   0.251480  0.0063685  0.9000019
2.304190   0.251810  0.0058478  0.9058498
2.324190   0.251640  0.0053817  0.9112315
2.344190   0.251040  0.0049626  0.9161941
2.364190   0.250040  0.0045847  0.9207788
2.384190   0.248690  0.0042426  0.9250214
2.404190   0.247020  0.0039323  0.9289537
2.424190   0.245080  0.0036502  0.9326038
2.444190   0.242910  0.0033929  0.9359968
2.464190   0.240530  0.0031581  0.9391549
2.484190   0.237990  0.0029435  0.9420984
2.504190   0.235300  0.0027469  0.9448452
2.524190   0.232510  0.0025666  0.9474118
2.544190   0.229640  0.0024010  0.9498128
2.564190   0.226700  0.0022489  0.9520617
2.584190   0.223730  0.0021088  0.9541705
2.604190   0.220730  0.0019797  0.9561502
2.624190   0.217730  0.0018609  0.9580111
2.644190   0.214740  0.0017511  0.9597622
2.664190   0.211780  0.0016497  0.9614119
2.684190   0.208850  0.0015561  0.9629680
2.704190   0.205970  0.0014694  0.9644374
2.724190   0.203140  0.0013890  0.9658263
2.744190   0.200380  0.0013147  0.9671411
2.764190   0.197690  0.0012456  0.9683867
2.784190   0.195060  0.0011815  0.9695682
2.804190   0.192520  0.0011221  0.9706903
2.824190   0.190060  0.0010666  0.9717568
2.844190   0.187680  0.0010151  0.9727720
2.864190   0.185380  0.0009672  0.9737392
2.884190   0.183170  0.0009224  0.9746616
2.904190   0.181040  0.0008807  0.9755423
2.924190   0.179000  0.0008418  0.9763841
2.944190   0.177040  0.0008052  0.9771893
2.964190   0.175170  0.0007713  0.9779606
2.984190   0.173380  0.0007394  0.9787000
3.004190   0.171680  0.0007094  0.9794094
3.024190   0.170050  0.0006814  0.9800908
3.044190   0.168500  0.0006551  0.9807459
3.064190   0.167020  0.0006304  0.9813764
3.084190   0.165620  0.0006072  0.9819835
3.104190   0.164290  0.0005852  0.9825687
3.124190   0.163030  0.0005646  0.9831334
3.144190   0.161840  0.0005451  0.9836785
3.164190   0.160710  0.0005268  0.9842053
3.184190   0.159640  0.0005095  0.9847148
3.204190   0.158630  0.0004931  0.9852079
3.224190   0.157680  0.0004777  0.9856855
3.244190   0.156780  0.0004631  0.9861486
3.264190   0.155940  0.0004491  0.9865977
3.284190   0.155140  0.0004359  0.9870336
3.304190   0.154400  0.0004234  0.9874570
3.324190   0.153710  0.0004114  0.9878684
3.344190   0.153060  0.0004001  0.9882685
3.364190   0.152450  0.0003892  0.9886578
3.384190   0.151890  0.0003792  0.9890369
3.404190   0.151360  0.0003693  0.9894062
3.424190   0.150880  0.0003600  0.9897663
3.444190   0.150420  0.0003510  0.9901173
3.464190   0.150000  0.0003426  0.9904598
3.484190   0.149610  0.0003343  0.9907942
3.504190   0.149250  0.0003265  0.9911207
3.524190   0.148920  0.0003191  0.9914398
3.544190   0.148610  0.0003119  0.9917517
3.564190   0.148330  0.0003051  0.9920569
3.584190   0.148070  0.0002986  0.9923554
3.604190   0.147830  0.0002922  0.9926476
3.624190   0.147610  0.0002860  0.9929337
3.644190   0.147420  0.0002803  0.9932139
3.664190   0.147240  0.0002745  0.9934884
3.684190   0.147080  0.0002692  0.9937576
3.704190   0.146930  0.0002638  0.9940214
3.724190   0.146800  0.0002587  0.9942801
3.744190   0.146690  0.0002539  0.9945340
3.764190   0.146590  0.0002492  0.9947832
3.784190   0.146500  0.0002447  0.9950279
3.804190   0.146430  0.0002402  0.9952681
3.824190   0.146360  0.0002358  0.9955039
3.844190   0.146310  0.0002317  0.9957356
3.864190   0.146260  0.0002278  0.9959635
3.884190   0.146230  0.0002239  0.9961874
3.904190   0.146200  0.0002200  0.9964074
3.924190   0.146190  0.0002165  0.9966239
3.944190   0.146180  0.0002130  0.9968369
3.964190   0.146180  0.0002095  0.9970465
3.984190   0.146180  0.0002062  0.9972527
4.004190   0.146190  0.0002029  0.9974557
4.024190   0.146210  0.0001997  0.9976553
4.044190   0.146240  0.0001966  0.9978519
4.064190   0.146270  0.0001937  0.9980456
4.084190   0.146300  0.0001908  0.9982364
4.104190   0.146340  0.0001879  0.9984243
4.124190   0.146380  0.0001853  0.9986096
4.144190   0.146430  0.0001826  0.9987922
4.164190   0.146480  0.0001799  0.9989721
4.184190   0.146540  0.0001772  0.9991493
4.204190   0.146590  0.0001748  0.9993241
4.224190   0.146650  0.0001725  0.9994966
4.244190   0.146720  0.0001700  0.9996667
4.264190   0.146780  0.0001678  0.9998345
4.284190   0.146850  0.0001655  1.0000000
