0.887080   0.000010  0.0000000  0.0000000
0.907080   0.000020  0.0000002  0.0000002
0.927080   0.000050  0.0000004  0.0000006
0.947080   0.000080  0.0000008  0.0000014
0.967080   0.000140  0.0000014  0.0000028
0.987080   0.000220  0.0000026  0.0000054
1.007080   0.000330  0.0000044  0.0000098
1.027080   0.000500  0.0000074  0.0000172
1.047080   0.000730  0.0000124  0.0000296
1.067080   0.001080  0.0000208  0.0000504
1.087080   0.001600  0.0000352  0.0000857
1.107080   0.002440  0.0000621  0.0001477
1.127080   0.003860  0.0001141  0.0002618
1.147080   0.006090  0.0002106  0.0004724
1.167080   0.009020  0.0003687  0.0008412
1.187080   0.012460  0.0006096  0.0014507
1.207080   0.016250  0.0009635  0.0024142
1.227080   0.020250  0.0014780  0.0038922
1.247080   0.024340  0.0022289  0.0061210
1.267080   0.028420  0.0033425  0.0094635
1.287080   0.032410  0.0050421  0.0145056
1.307080   0.036250  0.0077455  0.0222511
1.327080   0.039890  0.0123011  0.0345523
1.347080   0.043290  0.0206070  0.0551593
1.367080   0.046430  0.0374433  0.0926026
1.387080   0.049290  0.0761805  0.1687831
1.407080   0.051830  0.1676602  0.3364433
1.427080   0.054070  0.2511288  0.5875722
1.447080   0.055990  0.1578038  0.7453759
1.467080   0.057580  0.0802230  0.8255989
1.487080   0.058860  0.0454469  0.8710459
1.507080   0.059830  0.0287852  0.8998310
1.527080   0.060500  0.0197712  0.9196022
1.547080   0.060880  0.0143845  0.9339867
1.567080   0.060990  0.0109127  0.9448994
1.587080   0.060840  0.0085409  0.9534403
1.607080   0.060450  0.0068461  0.9602864
1.627080   0.059840  0.0055910  0.9658773
1.647080   0.059030  0.0046343  0.9705116
1.667080   0.058030  0.0038876  0.9743992
1.687080   0.056880  0.0032934  0.9776926
1.707080   0.055590  0.0028128  0.9805054
1.727080   0.054180  0.0024186  0.9829240
1.747080   0.052660  0.0020917  0.9850158
1.767080   0.051070  0.0018179  0.9868337
1.787080   0.049400  0.0015867  0.9884203
1.807080   0.047690  0.0013899  0.9898102
1.827080   0.045950  0.0012213  0.9910315
1.847080   0.044180  0.0010762  0.9921077
1.867080   0.042400  0.0009507  0.9930584
1.887080   0.040630  0.0008416  0.9939000
1.907080   0.038880  0.0007467  0.9946467
1.927080   0.037140  0.0006636  0.9953103
1.947080   0.035430  0.0005905  0.9959008
1.967080   0.033760  0.0005265  0.9964273
1.987080   0.032130  0.0004700  0.9968973
2.007080   0.030550  0.0004202  0.9973175
2.027080   0.029010  0.0003761  0.9976937
2.047080   0.027530  0.0003371  0.9980308
2.067080   0.026100  0.0003023  0.9983331
2.087080   0.024730  0.0002715  0.9986045
2.107080   0.023410  0.0002440  0.9988485
2.127080   0.022150  0.0002196  0.9990681
2.147080   0.020940  0.0001978  0.9992659
2.167080   0.019790  0.0001782  0.9994441
2.187080   0.018700  0.0001607  0.9996048
2.207080   0.017660  0.0001451  0.9997500
2.227080   0.016670  0.0001313  0.9998813
2.247080   0.015730  0.0001187  1.0000000
