2.032760   0.000010  0.0000006  0.0000006
2.052760   0.000100  0.0000072  0.0000078
2.072760   0.000500  0.0000452  0.0000530
2.092760   0.001540  0.0001781  0.0002311
2.112760   0.003540  0.0005421  0.0007733
2.132760   0.006780  0.0014303  0.0022036
2.152760   0.011460  0.0035120  0.0057156
2.172760   0.017630  0.0084850  0.0142006
2.192760   0.025280  0.0212885  0.0354891
2.212760   0.034280  0.0583840  0.0938731
2.232760   0.044410  0.1624601  0.2563332
2.252760   0.055440  0.2285718  0.4849049
2.272760   0.067060  0.1370496  0.6219545
2.292760   0.079010  0.0784609  0.7004154
2.312760   0.090990  0.0509197  0.7513351
2.332760   0.102750  0.0364475  0.7877826
2.352760   0.114080  0.0278721  0.8156546
2.372760   0.124780  0.0222953  0.8379500
2.392760   0.134690  0.0184053  0.8563552
2.412760   0.143710  0.0155420  0.8718973
2.432760   0.151740  0.0133453  0.8852425
2.452760   0.158750  0.0116031  0.8968457
2.472760   0.164690  0.0101851  0.9070307
2.492760   0.169570  0.0090059  0.9160366
2.512760   0.173400  0.0080087  0.9240453
2.532760   0.176220  0.0071537  0.9311990
2.552760   0.178080  0.0064123  0.9376113
2.572760   0.179020  0.0057635  0.9433747
2.592760   0.179130  0.0051917  0.9485664
2.612760   0.178450  0.0046848  0.9532512
2.632760   0.177070  0.0042331  0.9574843
2.652760   0.175050  0.0038292  0.9613135
2.672760   0.172470  0.0034670  0.9647805
2.692760   0.169400  0.0031414  0.9679219
2.712760   0.165900  0.0028482  0.9707701
2.732760   0.162050  0.0025838  0.9733539
2.752760   0.157890  0.0023451  0.9756990
2.772760   0.153500  0.0021293  0.9778284
2.792760   0.148920  0.0019340  0.9797624
2.812760   0.144190  0.0017575  0.9815199
2.832760   0.139370  0.0015976  0.9831175
2.852760   0.134480  0.0014529  0.9845704
2.872760   0.129580  0.0013218  0.9858923
2.892760   0.124680  0.0012030  0.9870952
2.912760   0.119810  0.0010953  0.9881905
2.932760   0.114990  0.0009976  0.9891882
2.952760   0.110250  0.0009092  0.9900973
2.972760   0.105610  0.0008287  0.9909261
2.992760   0.101070  0.0007559  0.9916819
3.012760   0.096640  0.0006898  0.9923718
3.032760   0.092340  0.0006298  0.9930016
3.052760   0.088170  0.0005752  0.9935767
3.072760   0.084140  0.0005255  0.9941023
3.092760   0.080250  0.0004805  0.9945828
3.112760   0.076500  0.0004397  0.9950224
3.132760   0.072900  0.0004025  0.9954249
3.152760   0.069440  0.0003684  0.9957933
3.172760   0.066110  0.0003376  0.9961309
3.192760   0.062930  0.0003096  0.9964405
3.212760   0.059890  0.0002840  0.9967245
3.232760   0.056980  0.0002606  0.9969851
3.252760   0.054200  0.0002394  0.9972244
3.272760   0.051550  0.0002199  0.9974444
3.292760   0.049030  0.0002023  0.9976467
3.312760   0.046620  0.0001861  0.9978328
3.332760   0.044330  0.0001713  0.9980041
3.352760   0.042140  0.0001577  0.9981618
3.372760   0.040070  0.0001453  0.9983071
3.392760   0.038090  0.0001341  0.9984412
3.412760   0.036220  0.0001237  0.9985649
3.432760   0.034430  0.0001141  0.9986790
3.452760   0.032740  0.0001055  0.9987844
3.472760   0.031130  0.0000975  0.9988819
3.492760   0.029610  0.0000901  0.9989719
3.512760   0.028160  0.0000835  0.9990554
3.532760   0.026780  0.0000772  0.9991327
3.552760   0.025480  0.0000714  0.9992041
3.572760   0.024240  0.0000662  0.9992703
3.592760   0.023060  0.0000614  0.9993318
3.612760   0.021950  0.0000570  0.9993888
3.632760   0.020890  0.0000530  0.9994418
3.652760   0.019880  0.0000492  0.9994911
3.672760   0.018930  0.0000456  0.9995367
3.692760   0.018030  0.0000424  0.9995791
3.712760   0.017170  0.0000396  0.9996188
3.732760   0.016350  0.0000368  0.9996556
3.752760   0.015580  0.0000342  0.9996898
3.772760   0.014850  0.0000320  0.9997218
3.792760   0.014150  0.0000298  0.9997516
3.812760   0.013490  0.0000278  0.9997795
3.832760   0.012860  0.0000258  0.9998053
3.852760   0.012270  0.0000242  0.9998295
3.872760   0.011700  0.0000226  0.9998521
3.892760   0.011170  0.0000210  0.9998731
3.912760   0.010660  0.0000198  0.9998929
3.932760   0.010170  0.0000184  0.9999113
3.952760   0.009710  0.0000172  0.9999286
3.972760   0.009270  0.0000162  0.9999448
3.992760   0.008860  0.0000152  0.9999600
4.012760   0.008460  0.0000142  0.9999742
4.032760   0.008090  0.0000134  0.9999876
4.052760   0.007730  0.0000124  1.0000000
