0.592810   0.000010  0.0000000  0.0000000
0.612810   0.000020  0.0000000  0.0000000
0.632810   0.000030  0.0000002  0.0000002
0.652810   0.000060  0.0000002  0.0000004
0.672810   0.000100  0.0000004  0.0000008
0.692810   0.000170  0.0000006  0.0000014
0.712810   0.000280  0.0000014  0.0000028
0.732810   0.000490  0.0000026  0.0000055
0.752810   0.000820  0.0000047  0.0000101
0.772810   0.001330  0.0000085  0.0000186
0.792810   0.002050  0.0000146  0.0000332
0.812810   0.003050  0.0000243  0.0000574
0.832810   0.004420  0.0000392  0.0000967
0.852810   0.006260  0.0000623  0.0001590
0.872810   0.008710  0.0000973  0.0002563
0.892810   0.011980  0.0001505  0.0004068
0.912810   0.016280  0.0002312  0.0006379
0.932810   0.021880  0.0003527  0.0009907
0.952810   0.029020  0.0005332  0.0015239
0.972810   0.037830  0.0007957  0.0023196
0.992810   0.048250  0.0011681  0.0034876
1.012810   0.060020  0.0016818  0.0051695
1.032810   0.072640  0.0023703  0.0075398
1.052810   0.085410  0.0032672  0.0108070
1.072810   0.097570  0.0044079  0.0152149
1.092810   0.108470  0.0058384  0.0210533
1.112810   0.117630  0.0076221  0.0286754
1.132810   0.124670  0.0098501  0.0385255
1.152810   0.129380  0.0126638  0.0511893
1.172810   0.131780  0.0162944  0.0674837
1.192810   0.132050  0.0211259  0.0886096
1.212810   0.130490  0.0278041  0.1164137
1.232810   0.127490  0.0374167  0.1538304
1.252810   0.123440  0.0517281  0.2055586
1.272810   0.118700  0.0730848  0.2786434
1.292810   0.113600  0.1019178  0.3805612
1.312810   0.108400  0.1274307  0.5079919
1.332810   0.103320  0.1252982  0.6332901
1.352810   0.098520  0.0958212  0.7291112
1.372810   0.094120  0.0647807  0.7938919
1.392810   0.090210  0.0431558  0.8370477
1.412810   0.086860  0.0296228  0.8666705
1.432810   0.084140  0.0211884  0.8878589
1.452810   0.082110  0.0157912  0.9036501
1.472810   0.080830  0.0122257  0.9158758
1.492810   0.080370  0.0097997  0.9256755
1.512810   0.080730  0.0081045  0.9337800
1.532810   0.081820  0.0068833  0.9406633
1.552810   0.083290  0.0059624  0.9466256
1.572810   0.084580  0.0052223  0.9518479
1.592810   0.085200  0.0045912  0.9564391
1.612810   0.084910  0.0040350  0.9604741
1.632810   0.083780  0.0035414  0.9640155
1.652810   0.081970  0.0031062  0.9671217
1.672810   0.079720  0.0027257  0.9698474
1.692810   0.077210  0.0023958  0.9722432
1.712810   0.074570  0.0021110  0.9743543
1.732810   0.071920  0.0018661  0.9762204
1.752810   0.069340  0.0016557  0.9778761
1.772810   0.066850  0.0014751  0.9793512
1.792810   0.064500  0.0013196  0.9806708
1.812810   0.062310  0.0011857  0.9818565
1.832810   0.060270  0.0010698  0.9829262
1.852810   0.058380  0.0009697  0.9838959
1.872810   0.056630  0.0008821  0.9847780
1.892810   0.055070  0.0008064  0.9855844
1.912810   0.053630  0.0007401  0.9863245
1.932810   0.052320  0.0006816  0.9870061
1.952810   0.051130  0.0006303  0.9876364
1.972810   0.050050  0.0005847  0.9882211
1.992810   0.049080  0.0005443  0.9887654
2.012810   0.048200  0.0005083  0.9892737
2.032810   0.047410  0.0004761  0.9897498
2.052810   0.046690  0.0004472  0.9901971
2.072810   0.046050  0.0004211  0.9906182
2.092810   0.045470  0.0003977  0.9910158
2.112810   0.044960  0.0003764  0.9913922
2.132810   0.044490  0.0003570  0.9917492
2.152810   0.044080  0.0003394  0.9920886
2.172810   0.043710  0.0003232  0.9924118
2.192810   0.043380  0.0003085  0.9927203
2.212810   0.043090  0.0002949  0.9930152
2.232810   0.042830  0.0002824  0.9932976
2.252810   0.042600  0.0002706  0.9935682
2.272810   0.042390  0.0002599  0.9938281
2.292810   0.042210  0.0002498  0.9940779
2.312810   0.042060  0.0002405  0.9943184
2.332810   0.041920  0.0002318  0.9945502
2.352810   0.041800  0.0002237  0.9947739
2.372810   0.041690  0.0002160  0.9949899
2.392810   0.041610  0.0002089  0.9951988
2.412810   0.041530  0.0002023  0.9954011
2.432810   0.041470  0.0001958  0.9955969
2.452810   0.041410  0.0001899  0.9957868
2.472810   0.041370  0.0001843  0.9959711
2.492810   0.041340  0.0001788  0.9961499
2.512810   0.041310  0.0001737  0.9963236
2.532810   0.041300  0.0001689  0.9964925
2.552810   0.041290  0.0001642  0.9966568
2.572810   0.041280  0.0001600  0.9968168
2.592810   0.041280  0.0001557  0.9969725
2.612810   0.041290  0.0001519  0.9971244
2.632810   0.041290  0.0001481  0.9972725
2.652810   0.041310  0.0001444  0.9974169
2.672810   0.041320  0.0001410  0.9975579
2.692810   0.041340  0.0001375  0.9976954
2.712810   0.041360  0.0001343  0.9978297
2.732810   0.041390  0.0001313  0.9979610
2.752810   0.041410  0.0001284  0.9980894
2.772810   0.041440  0.0001256  0.9982150
2.792810   0.041470  0.0001228  0.9983378
2.812810   0.041500  0.0001201  0.9984579
2.832810   0.041530  0.0001177  0.9985757
2.852810   0.041570  0.0001153  0.9986909
2.872810   0.041600  0.0001129  0.9988038
2.892810   0.041630  0.0001106  0.9989144
2.912810   0.041670  0.0001084  0.9990229
2.932810   0.041710  0.0001062  0.9991290
2.952810   0.041740  0.0001042  0.9992332
2.972810   0.041780  0.0001021  0.9993354
2.992810   0.041820  0.0001003  0.9994357
3.012810   0.041850  0.0000985  0.9995342
3.032810   0.041890  0.0000967  0.9996309
3.052810   0.041930  0.0000949  0.9997257
3.072810   0.041970  0.0000930  0.9998188
3.092810   0.042000  0.0000914  0.9999102
3.112810   0.042040  0.0000898  1.0000000
