1.088650   0.000010  0.0000000  0.0000000
1.108650   0.000110  0.0000008  0.0000008
1.128650   0.000390  0.0000027  0.0000035
1.148650   0.000900  0.0000070  0.0000105
1.168650   0.001690  0.0000144  0.0000248
1.188650   0.002770  0.0000263  0.0000511
1.208650   0.004160  0.0000435  0.0000946
1.228650   0.005830  0.0000681  0.0001628
1.248650   0.007780  0.0001014  0.0002641
1.268650   0.009960  0.0001455  0.0004096
1.288650   0.012350  0.0002032  0.0006128
1.308650   0.014910  0.0002775  0.0008903
1.328650   0.017630  0.0003733  0.0012636
1.348650   0.020520  0.0004973  0.0017609
1.368650   0.023600  0.0006596  0.0024205
1.388650   0.026960  0.0008757  0.0032963
1.408650   0.030700  0.0011696  0.0044659
1.428650   0.034930  0.0015772  0.0060431
1.448650   0.039760  0.0021533  0.0081964
1.468650   0.045260  0.0029819  0.0111783
1.488650   0.051520  0.0041948  0.0153731
1.508650   0.058570  0.0060054  0.0213785
1.528650   0.066470  0.0087641  0.0301426
1.548650   0.075180  0.0130480  0.0431906
1.568650   0.084660  0.0198002  0.0629908
1.588650   0.094850  0.0304404  0.0934311
1.608650   0.105660  0.0465031  0.1399342
1.628650   0.117030  0.0674415  0.2073757
1.648650   0.128860  0.0861424  0.2935181
1.668650   0.141090  0.0913055  0.3848237
1.688650   0.153640  0.0819633  0.4667869
1.708650   0.166440  0.0672492  0.5340361
1.728650   0.179430  0.0537509  0.5877870
1.748650   0.192540  0.0432144  0.6310014
1.768650   0.205700  0.0353557  0.6663571
1.788650   0.218830  0.0295057  0.6958628
1.808650   0.231850  0.0250881  0.7209509
1.828650   0.244660  0.0216859  0.7426368
1.848650   0.257170  0.0190105  0.7616473
1.868650   0.269270  0.0168643  0.7785116
1.888650   0.280850  0.0151102  0.7936218
1.908650   0.291800  0.0136514  0.8072731
1.928650   0.302010  0.0124189  0.8196921
1.948650   0.311390  0.0113626  0.8310547
1.968650   0.319860  0.0104454  0.8415001
1.988650   0.327350  0.0096392  0.8511393
2.008650   0.333810  0.0089236  0.8600629
2.028650   0.339220  0.0082820  0.8683450
2.048650   0.343560  0.0077024  0.8760474
2.068650   0.346830  0.0071750  0.8832224
2.088650   0.349080  0.0066921  0.8899145
2.108650   0.350320  0.0062480  0.8961624
2.128650   0.350620  0.0058377  0.9020001
2.148650   0.350030  0.0054574  0.9074575
2.168650   0.348620  0.0051042  0.9125617
2.188650   0.346460  0.0047754  0.9173371
2.208650   0.343630  0.0044690  0.9218061
2.228650   0.340200  0.0041833  0.9259894
2.248650   0.336240  0.0039165  0.9299059
2.268650   0.331830  0.0036675  0.9335734
2.288650   0.327040  0.0034352  0.9370086
2.308650   0.321930  0.0032183  0.9402269
2.328650   0.316560  0.0030159  0.9432428
2.348650   0.310990  0.0028271  0.9460699
2.368650   0.305280  0.0026512  0.9487211
2.388650   0.299470  0.0024872  0.9512084
2.408650   0.293600  0.0023345  0.9535429
2.428650   0.287700  0.0021923  0.9557352
2.448650   0.281830  0.0020599  0.9577952
2.468650   0.275990  0.0019366  0.9597318
2.488650   0.270230  0.0018221  0.9615538
2.508650   0.264550  0.0017153  0.9632692
2.528650   0.258980  0.0016162  0.9648854
2.548650   0.253540  0.0015241  0.9664095
2.568650   0.248230  0.0014383  0.9678478
2.588650   0.243060  0.0013584  0.9692062
2.608650   0.238050  0.0012844  0.9704906
2.628650   0.233200  0.0012152  0.9717058
2.648650   0.228520  0.0011510  0.9728567
2.668650   0.223990  0.0010912  0.9739479
2.688650   0.219640  0.0010354  0.9749834
2.708650   0.215460  0.0009837  0.9759670
2.728650   0.211440  0.0009353  0.9769023
2.748650   0.207580  0.0008901  0.9777924
2.768650   0.203890  0.0008480  0.9786404
2.788650   0.200360  0.0008086  0.9794491
2.808650   0.196990  0.0007721  0.9802211
2.828650   0.193760  0.0007376  0.9809588
2.848650   0.190690  0.0007056  0.9816644
2.868650   0.187760  0.0006754  0.9823398
2.888650   0.184970  0.0006473  0.9829871
2.908650   0.182310  0.0006210  0.9836081
2.928650   0.179780  0.0005962  0.9842043
2.948650   0.177370  0.0005730  0.9847773
2.968650   0.175090  0.0005513  0.9853286
2.988650   0.172920  0.0005307  0.9858593
3.008650   0.170860  0.0005114  0.9863708
3.028650   0.168910  0.0004932  0.9868640
3.048650   0.167050  0.0004759  0.9873399
3.068650   0.165300  0.0004597  0.9877996
3.088650   0.163630  0.0004445  0.9882442
3.108650   0.162060  0.0004302  0.9886743
3.128650   0.160560  0.0004164  0.9890908
3.148650   0.159150  0.0004035  0.9894943
3.168650   0.157810  0.0003914  0.9898856
3.188650   0.156550  0.0003797  0.9902653
3.208650   0.155360  0.0003686  0.9906339
3.228650   0.154230  0.0003581  0.9909921
3.248650   0.153160  0.0003483  0.9913403
3.268650   0.152160  0.0003388  0.9916792
3.288650   0.151210  0.0003298  0.9920090
3.308650   0.150310  0.0003212  0.9923302
3.328650   0.149470  0.0003130  0.9926432
3.348650   0.148670  0.0003052  0.9929483
3.368650   0.147930  0.0002978  0.9932461
3.388650   0.147220  0.0002906  0.9935368
3.408650   0.146560  0.0002838  0.9938206
3.428650   0.145930  0.0002773  0.9940979
3.448650   0.145340  0.0002709  0.9943688
3.468650   0.144790  0.0002650  0.9946337
3.488650   0.144260  0.0002592  0.9948929
3.508650   0.143770  0.0002537  0.9951466
3.528650   0.143310  0.0002483  0.9953949
3.548650   0.142880  0.0002432  0.9956382
3.568650   0.142470  0.0002383  0.9958764
3.588650   0.142090  0.0002336  0.9961100
3.608650   0.141730  0.0002290  0.9963390
3.628650   0.141400  0.0002247  0.9965638
3.648650   0.141080  0.0002204  0.9967842
3.668650   0.140790  0.0002163  0.9970005
3.688650   0.140510  0.0002124  0.9972129
3.708650   0.140250  0.0002085  0.9974214
3.728650   0.140010  0.0002048  0.9976263
3.748650   0.139790  0.0002013  0.9978276
3.768650   0.139580  0.0001978  0.9980254
3.788650   0.139380  0.0001944  0.9982198
3.808650   0.139200  0.0001911  0.9984109
3.828650   0.139030  0.0001880  0.9985989
3.848650   0.138870  0.0001849  0.9987838
3.868650   0.138720  0.0001820  0.9989658
3.888650   0.138590  0.0001792  0.9991450
3.908650   0.138460  0.0001763  0.9993213
3.928650   0.138340  0.0001736  0.9994949
3.948650   0.138240  0.0001710  0.9996659
3.968650   0.138140  0.0001683  0.9998342
3.988650   0.138050  0.0001658  1.0000000
