1.076220   0.000010  0.0000011  0.0000011
1.096220   0.008400  0.0011799  0.0011809
1.116220   0.022110  0.0043195  0.0055004
1.136220   0.037950  0.0107392  0.0162396
1.156220   0.054670  0.0232382  0.0394778
1.176220   0.071580  0.0460399  0.0855177
1.196220   0.088290  0.0789304  0.1644480
1.216220   0.104560  0.1023130  0.2667611
1.236220   0.120260  0.0966889  0.3634500
1.256220   0.135340  0.0767038  0.4401538
1.276220   0.149750  0.0583710  0.4985248
1.296220   0.163510  0.0450359  0.5435607
1.316220   0.176610  0.0357189  0.5792795
1.336220   0.189090  0.0291191  0.6083987
1.356220   0.200970  0.0243133  0.6327119
1.376220   0.212280  0.0207106  0.6534226
1.396220   0.223040  0.0179365  0.6713591
1.416220   0.233300  0.0157495  0.6871086
1.436220   0.243080  0.0139897  0.7010983
1.456220   0.252400  0.0125484  0.7136467
1.476220   0.261290  0.0113498  0.7249966
1.496220   0.269780  0.0103393  0.7353359
1.516220   0.277900  0.0094777  0.7448136
1.536220   0.285650  0.0087352  0.7535488
1.556220   0.293080  0.0080896  0.7616384
1.576220   0.300180  0.0075238  0.7691622
1.596220   0.306990  0.0070242  0.7761864
1.616220   0.313520  0.0065799  0.7827664
1.636220   0.319780  0.0061830  0.7889494
1.656220   0.325790  0.0058261  0.7947755
1.676220   0.331560  0.0055038  0.8002793
1.696220   0.337110  0.0052114  0.8054907
1.716220   0.342440  0.0049451  0.8104358
1.736220   0.347580  0.0047015  0.8151373
1.756220   0.352520  0.0044779  0.8196152
1.776220   0.357280  0.0042724  0.8238876
1.796220   0.361860  0.0040825  0.8279701
1.816220   0.366280  0.0039066  0.8318767
1.836220   0.370550  0.0037436  0.8356203
1.856220   0.374660  0.0035917  0.8392120
1.876220   0.378640  0.0034502  0.8426622
1.896220   0.382480  0.0033178  0.8459800
1.916220   0.386190  0.0031942  0.8491742
1.936220   0.389770  0.0030778  0.8522520
1.956220   0.393240  0.0029687  0.8552207
1.976220   0.396600  0.0028660  0.8580867
1.996220   0.399850  0.0027690  0.8608558
2.016220   0.403000  0.0026778  0.8635335
2.036220   0.406040  0.0025913  0.8661248
2.056220   0.409000  0.0025093  0.8686341
2.076220   0.411860  0.0024316  0.8710657
2.096220   0.414640  0.0023580  0.8734237
2.116220   0.417330  0.0022880  0.8757117
2.136220   0.419940  0.0022215  0.8779332
2.156220   0.422480  0.0021580  0.8800912
2.176220   0.424950  0.0020976  0.8821888
2.196220   0.427340  0.0020398  0.8842286
2.216220   0.429660  0.0019846  0.8862132
2.236220   0.431920  0.0019321  0.8881453
2.256220   0.434120  0.0018816  0.8900269
2.276220   0.436260  0.0018334  0.8918603
2.296220   0.438330  0.0017871  0.8936474
2.316220   0.440350  0.0017427  0.8953901
2.336220   0.442320  0.0017003  0.8970904
2.356220   0.444240  0.0016592  0.8987496
2.376220   0.446100  0.0016199  0.9003695
2.396220   0.447920  0.0015823  0.9019518
2.416220   0.449690  0.0015459  0.9034977
2.436220   0.451410  0.0015107  0.9050084
2.456220   0.453090  0.0014771  0.9064855
2.476220   0.454730  0.0014445  0.9079299
2.496220   0.456330  0.0014131  0.9093431
2.516220   0.457890  0.0013828  0.9107259
2.536220   0.459410  0.0013536  0.9120795
2.556220   0.460890  0.0013252  0.9134047
2.576220   0.462340  0.0012981  0.9147028
2.596220   0.463750  0.0012716  0.9159743
2.616220   0.465130  0.0012461  0.9172204
2.636220   0.466480  0.0012213  0.9184417
2.656220   0.467790  0.0011973  0.9196390
2.676220   0.469080  0.0011742  0.9208132
2.696220   0.470340  0.0011517  0.9219649
2.716220   0.471560  0.0011298  0.9230947
2.736220   0.472760  0.0011088  0.9242034
2.756220   0.473940  0.0010881  0.9252916
2.776220   0.475080  0.0010684  0.9263599
2.796220   0.476200  0.0010490  0.9274089
2.816220   0.477300  0.0010303  0.9284392
2.836220   0.478370  0.0010120  0.9294512
2.856220   0.479430  0.0009943  0.9304456
2.876220   0.480450  0.0009771  0.9314226
2.896220   0.481460  0.0009602  0.9323829
2.916220   0.482440  0.0009438  0.9333267
2.936220   0.483410  0.0009281  0.9342548
2.956220   0.484350  0.0009125  0.9351673
2.976220   0.485280  0.0008976  0.9360648
2.996220   0.486180  0.0008828  0.9369477
3.016220   0.487070  0.0008685  0.9378162
3.036220   0.487940  0.0008547  0.9386709
3.056220   0.488790  0.0008412  0.9395120
3.076220   0.489630  0.0008279  0.9403400
3.096220   0.490450  0.0008149  0.9411549
3.116220   0.491250  0.0008025  0.9419574
3.136220   0.492040  0.0007901  0.9427474
3.156220   0.492810  0.0007781  0.9435255
3.176220   0.493560  0.0007665  0.9442920
3.196220   0.494310  0.0007549  0.9450470
3.216220   0.495030  0.0007438  0.9457908
3.236220   0.495750  0.0007331  0.9465238
3.256220   0.496450  0.0007223  0.9472462
3.276220   0.497140  0.0007118  0.9479580
3.296220   0.497810  0.0007017  0.9486597
3.316220   0.498480  0.0006918  0.9493516
3.336220   0.499130  0.0006822  0.9500337
3.356220   0.499770  0.0006725  0.9507062
3.376220   0.500390  0.0006632  0.9513695
3.396220   0.501010  0.0006542  0.9520236
3.416220   0.501610  0.0006451  0.9526688
3.436220   0.502210  0.0006365  0.9533053
3.456220   0.502790  0.0006279  0.9539332
3.476220   0.503370  0.0006197  0.9545529
3.496220   0.503930  0.0006115  0.9551644
3.516220   0.504480  0.0006035  0.9557679
3.536220   0.505030  0.0005955  0.9563634
3.556220   0.505560  0.0005879  0.9569513
3.576220   0.506090  0.0005804  0.9575317
3.596220   0.506610  0.0005730  0.9581046
3.616220   0.507110  0.0005656  0.9586703
3.636220   0.507610  0.0005587  0.9592290
3.656220   0.508110  0.0005517  0.9597807
3.676220   0.508590  0.0005448  0.9603255
3.696220   0.509060  0.0005381  0.9608636
3.716220   0.509530  0.0005316  0.9613951
3.736220   0.509990  0.0005250  0.9619202
3.756220   0.510440  0.0005187  0.9624389
3.776220   0.510890  0.0005126  0.9629515
3.796220   0.511330  0.0005065  0.9634580
3.816220   0.511760  0.0005004  0.9639585
3.836220   0.512180  0.0004945  0.9644530
3.856220   0.512600  0.0004889  0.9649419
3.876220   0.513010  0.0004832  0.9654250
3.896220   0.513420  0.0004777  0.9659027
3.916220   0.513820  0.0004722  0.9663750
3.936220   0.514210  0.0004668  0.9668417
3.956220   0.514600  0.0004615  0.9673032
3.976220   0.514980  0.0004565  0.9677597
3.996220   0.515350  0.0004512  0.9682109
4.016220   0.515720  0.0004464  0.9686573
4.036220   0.516080  0.0004413  0.9690986
4.056220   0.516440  0.0004365  0.9695351
4.076220   0.516790  0.0004318  0.9699669
4.096220   0.517140  0.0004270  0.9703939
4.116220   0.517480  0.0004226  0.9708165
4.136220   0.517820  0.0004180  0.9712345
4.156220   0.518150  0.0004135  0.9716480
4.176220   0.518480  0.0004091  0.9720571
4.196220   0.518800  0.0004049  0.9724621
4.216220   0.519120  0.0004007  0.9728628
4.236220   0.519440  0.0003965  0.9732593
4.256220   0.519750  0.0003923  0.9736516
4.276220   0.520050  0.0003883  0.9740399
4.296220   0.520350  0.0003843  0.9744242
4.316220   0.520650  0.0003805  0.9748047
4.336220   0.520940  0.0003767  0.9751815
4.356220   0.521230  0.0003730  0.9755544
4.376220   0.521510  0.0003692  0.9759236
4.396220   0.521790  0.0003654  0.9762890
4.416220   0.522070  0.0003618  0.9766508
4.436220   0.522340  0.0003582  0.9770090
4.456220   0.522610  0.0003549  0.9773638
4.476220   0.522880  0.0003513  0.9777151
4.496220   0.523140  0.0003479  0.9780630
4.516220   0.523400  0.0003446  0.9784076
4.536220   0.523650  0.0003414  0.9787490
4.556220   0.523900  0.0003380  0.9790870
4.576220   0.524150  0.0003349  0.9794219
4.596220   0.524400  0.0003317  0.9797536
4.616220   0.524640  0.0003286  0.9800822
4.636220   0.524880  0.0003254  0.9804076
4.656220   0.525110  0.0003225  0.9807301
4.676220   0.525340  0.0003195  0.9810496
4.696220   0.525570  0.0003166  0.9813662
4.716220   0.525800  0.0003136  0.9816798
4.736220   0.526020  0.0003109  0.9819907
4.756220   0.526240  0.0003080  0.9822987
4.776220   0.526460  0.0003052  0.9826039
4.796220   0.526680  0.0003025  0.9829064
4.816220   0.526890  0.0002997  0.9832061
4.836220   0.527100  0.0002970  0.9835031
4.856220   0.527310  0.0002945  0.9837976
4.876220   0.527510  0.0002920  0.9840896
4.896220   0.527710  0.0002894  0.9843790
4.916220   0.527910  0.0002869  0.9846659
4.936220   0.528110  0.0002844  0.9849503
4.956220   0.528310  0.0002819  0.9852322
4.976220   0.528500  0.0002793  0.9855115
4.996220   0.528690  0.0002770  0.9857886
5.016220   0.528880  0.0002747  0.9860633
5.036220   0.529060  0.0002724  0.9863357
5.056220   0.529240  0.0002701  0.9866058
5.076220   0.529430  0.0002678  0.9868735
5.096220   0.529600  0.0002655  0.9871390
5.116220   0.529780  0.0002634  0.9874024
5.136220   0.529960  0.0002610  0.9876634
5.156220   0.530130  0.0002589  0.9879224
5.176220   0.530300  0.0002568  0.9881792
5.196220   0.530470  0.0002547  0.9884339
5.216220   0.530640  0.0002526  0.9886866
5.236220   0.530800  0.0002505  0.9889371
5.256220   0.530960  0.0002486  0.9891857
5.276220   0.531120  0.0002465  0.9894322
5.296220   0.531280  0.0002446  0.9896769
5.316220   0.531440  0.0002427  0.9899196
5.336220   0.531600  0.0002406  0.9901603
5.356220   0.531750  0.0002387  0.9903990
5.376220   0.531900  0.0002369  0.9906359
5.396220   0.532050  0.0002352  0.9908710
5.416220   0.532200  0.0002333  0.9911043
5.436220   0.532350  0.0002314  0.9913357
5.456220   0.532500  0.0002297  0.9915654
5.476220   0.532640  0.0002278  0.9917932
5.496220   0.532780  0.0002261  0.9920193
5.516220   0.532920  0.0002244  0.9922438
5.536220   0.533060  0.0002228  0.9924665
5.556220   0.533200  0.0002211  0.9926876
5.576220   0.533340  0.0002194  0.9929070
5.596220   0.533470  0.0002177  0.9931247
5.616220   0.533610  0.0002160  0.9933407
5.636220   0.533740  0.0002143  0.9935551
5.656220   0.533870  0.0002129  0.9937680
5.676220   0.534000  0.0002112  0.9939792
5.696220   0.534120  0.0002097  0.9941889
5.716220   0.534250  0.0002080  0.9943969
5.736220   0.534380  0.0002066  0.9946035
5.756220   0.534500  0.0002051  0.9948086
5.776220   0.534620  0.0002036  0.9950122
5.796220   0.534740  0.0002021  0.9952143
5.816220   0.534860  0.0002007  0.9954150
5.836220   0.534980  0.0001992  0.9956142
5.856220   0.535100  0.0001977  0.9958119
5.876220   0.535220  0.0001965  0.9960084
5.896220   0.535330  0.0001950  0.9962034
5.916220   0.535450  0.0001935  0.9963969
5.936220   0.535560  0.0001923  0.9965892
5.956220   0.535670  0.0001908  0.9967800
5.976220   0.535780  0.0001895  0.9969695
5.996220   0.535890  0.0001883  0.9971578
6.016220   0.536000  0.0001870  0.9973448
6.036220   0.536110  0.0001855  0.9975303
6.056220   0.536210  0.0001843  0.9977146
6.076220   0.536320  0.0001830  0.9978976
6.096220   0.536420  0.0001817  0.9980793
6.116220   0.536530  0.0001805  0.9982598
6.136220   0.536630  0.0001794  0.9984392
6.156220   0.536730  0.0001782  0.9986174
6.176220   0.536830  0.0001769  0.9987943
6.196220   0.536930  0.0001756  0.9989699
6.216220   0.537030  0.0001746  0.9991445
6.236220   0.537120  0.0001733  0.9993178
6.256220   0.537220  0.0001723  0.9994901
6.276220   0.537310  0.0001710  0.9996611
6.296220   0.537410  0.0001700  0.9998311
6.316220   0.537500  0.0001689  1.0000000
