0.183770   0.000020  0.0000000  0.0000000
0.203770   0.000040  0.0000000  0.0000000
0.223770   0.000060  0.0000001  0.0000001
0.243770   0.000100  0.0000001  0.0000002
0.263770   0.000130  0.0000002  0.0000005
0.283770   0.000170  0.0000004  0.0000009
0.303770   0.000210  0.0000005  0.0000014
0.323770   0.000250  0.0000007  0.0000021
0.343770   0.000300  0.0000011  0.0000032
0.363770   0.000340  0.0000015  0.0000047
0.383770   0.000380  0.0000020  0.0000066
0.403770   0.000420  0.0000026  0.0000092
0.423770   0.000460  0.0000033  0.0000125
0.443770   0.000490  0.0000042  0.0000167
0.463770   0.000530  0.0000054  0.0000221
0.483770   0.000570  0.0000069  0.0000290
0.503770   0.000610  0.0000090  0.0000379
0.523770   0.000670  0.0000119  0.0000498
0.543770   0.000740  0.0000163  0.0000662
0.563770   0.000850  0.0000232  0.0000894
0.583770   0.001000  0.0000344  0.0001237
0.603770   0.001210  0.0000533  0.0001770
0.623770   0.001480  0.0000862  0.0002632
0.643770   0.001850  0.0001456  0.0004088
0.663770   0.002330  0.0002581  0.0006669
0.683770   0.002930  0.0004844  0.0011513
0.703770   0.003680  0.0009834  0.0021347
0.723770   0.004600  0.0022601  0.0043948
0.743770   0.005700  0.0065448  0.0109396
0.763770   0.007010  0.0335081  0.0444477
0.783770   0.008550  0.8478175  0.8922652
0.803770   0.010360  0.0433629  0.9356281
0.823770   0.012500  0.0144327  0.9500608
0.843770   0.015010  0.0080506  0.9581115
0.863770   0.017980  0.0055987  0.9637101
0.883770   0.021480  0.0043963  0.9681064
0.903770   0.025550  0.0037164  0.9718227
0.923770   0.030050  0.0032812  0.9751039
0.943770   0.034680  0.0029595  0.9780634
0.963770   0.039050  0.0026850  0.9807484
0.983770   0.042770  0.0024284  0.9831768
1.003770   0.045590  0.0021806  0.9853574
1.023770   0.047410  0.0019415  0.9872989
1.043770   0.048240  0.0017146  0.9890135
1.063770   0.048180  0.0015032  0.9905167
1.083770   0.047360  0.0013099  0.9918266
1.103770   0.045930  0.0011357  0.9929623
1.123770   0.044060  0.0009808  0.9939431
1.143770   0.041860  0.0008444  0.9947875
1.163770   0.039470  0.0007255  0.9955130
1.183770   0.036970  0.0006224  0.9961354
1.203770   0.034450  0.0005334  0.9966687
1.223770   0.031960  0.0004570  0.9971257
1.243770   0.029540  0.0003916  0.9975173
1.263770   0.027230  0.0003357  0.9978530
1.283770   0.025040  0.0002881  0.9981411
1.303770   0.022990  0.0002475  0.9983886
1.323770   0.021070  0.0002129  0.9986015
1.343770   0.019300  0.0001834  0.9987849
1.363770   0.017670  0.0001582  0.9989431
1.383770   0.016180  0.0001369  0.9990800
1.403770   0.014810  0.0001186  0.9991985
1.423770   0.013560  0.0001029  0.9993014
1.443770   0.012420  0.0000895  0.9993909
1.463770   0.011390  0.0000781  0.9994690
1.483770   0.010450  0.0000683  0.9995372
1.503770   0.009590  0.0000598  0.9995970
1.523770   0.008820  0.0000525  0.9996495
1.543770   0.008120  0.0000463  0.9996958
1.563770   0.007490  0.0000409  0.9997367
1.583770   0.006910  0.0000361  0.9997728
1.603770   0.006390  0.0000320  0.9998048
1.623770   0.005920  0.0000286  0.9998334
1.643770   0.005500  0.0000255  0.9998590
1.663770   0.005110  0.0000228  0.9998818
1.683770   0.004760  0.0000205  0.9999023
1.703770   0.004440  0.0000184  0.9999207
1.723770   0.004150  0.0000166  0.9999373
1.743770   0.003890  0.0000150  0.9999522
1.763770   0.003660  0.0000136  0.9999659
1.783770   0.003440  0.0000124  0.9999783
1.803770   0.003240  0.0000113  0.9999896
1.823770   0.003070  0.0000104  1.0000000
