1.254470   0.000010  0.0000015  0.0000015
1.274470   0.002760  0.0006084  0.0006099
1.294470   0.007210  0.0024069  0.0030168
1.314470   0.012370  0.0068719  0.0098887
1.334470   0.018060  0.0194031  0.0292918
1.354470   0.024900  0.0659641  0.0952559
1.374470   0.032140  0.2549885  0.3502444
1.394470   0.039460  0.2422684  0.5925128
1.414470   0.046690  0.0982616  0.6907743
1.434470   0.053750  0.0511497  0.7419240
1.454470   0.060580  0.0322517  0.7741757
1.474470   0.067160  0.0227884  0.7969640
1.494470   0.073480  0.0173005  0.8142645
1.514470   0.079540  0.0137858  0.8280503
1.534470   0.085330  0.0113699  0.8394202
1.554470   0.090880  0.0096207  0.8490409
1.574470   0.096190  0.0083020  0.8573429
1.594470   0.101270  0.0072765  0.8646194
1.614470   0.106130  0.0064582  0.8710776
1.634470   0.110780  0.0057916  0.8768692
1.654470   0.115240  0.0052390  0.8821081
1.674470   0.119510  0.0047742  0.8868823
1.694470   0.123610  0.0043781  0.8912604
1.714470   0.127540  0.0040371  0.8952975
1.734470   0.131310  0.0037407  0.8990382
1.754470   0.134930  0.0034808  0.9025190
1.774470   0.138420  0.0032511  0.9057701
1.794470   0.141770  0.0030470  0.9088171
1.814470   0.144990  0.0028644  0.9116815
1.834470   0.148090  0.0027002  0.9143817
1.854470   0.151080  0.0025520  0.9169336
1.874470   0.153970  0.0024173  0.9193510
1.894470   0.156750  0.0022945  0.9216455
1.914470   0.159430  0.0021822  0.9238277
1.934470   0.162020  0.0020792  0.9259069
1.954470   0.164520  0.0019844  0.9278913
1.974470   0.166940  0.0018966  0.9297879
1.994470   0.169280  0.0018155  0.9316034
2.014470   0.171540  0.0017401  0.9333435
2.034470   0.173730  0.0016700  0.9350135
2.054470   0.175850  0.0016046  0.9366181
2.074470   0.177900  0.0015435  0.9381616
2.094470   0.179880  0.0014862  0.9396478
2.114470   0.181810  0.0014326  0.9410804
2.134470   0.183680  0.0013822  0.9424626
2.154470   0.185490  0.0013347  0.9437973
2.174470   0.187250  0.0012898  0.9450871
2.194470   0.188950  0.0012475  0.9463346
2.214470   0.190610  0.0012075  0.9475422
2.234470   0.192220  0.0011696  0.9487117
2.254470   0.193780  0.0011337  0.9498454
2.274470   0.195300  0.0010995  0.9509450
2.294470   0.196770  0.0010670  0.9520120
2.314470   0.198210  0.0010362  0.9530482
2.334470   0.199610  0.0010070  0.9540551
2.354470   0.200960  0.0009788  0.9550340
2.374470   0.202290  0.0009522  0.9559862
2.394470   0.203570  0.0009267  0.9569129
2.414470   0.204830  0.0009023  0.9578152
2.434470   0.206050  0.0008788  0.9586940
2.454470   0.207240  0.0008565  0.9595505
2.474470   0.208400  0.0008350  0.9603855
2.494470   0.209530  0.0008146  0.9612001
2.514470   0.210630  0.0007948  0.9619949
2.534470   0.211700  0.0007758  0.9627707
2.554470   0.212750  0.0007577  0.9635284
2.574470   0.213770  0.0007402  0.9642686
2.594470   0.214770  0.0007233  0.9649919
2.614470   0.215740  0.0007070  0.9656989
2.634470   0.216690  0.0006914  0.9663903
2.654470   0.217620  0.0006764  0.9670667
2.674470   0.218530  0.0006618  0.9677285
2.694470   0.219410  0.0006476  0.9683762
2.714470   0.220280  0.0006341  0.9690103
2.734470   0.221120  0.0006209  0.9696312
2.754470   0.221950  0.0006084  0.9702396
2.774470   0.222760  0.0005961  0.9708358
2.794470   0.223550  0.0005843  0.9714201
2.814470   0.224320  0.0005728  0.9719929
2.834470   0.225080  0.0005618  0.9725546
2.854470   0.225820  0.0005509  0.9731055
2.874470   0.226540  0.0005405  0.9736460
2.894470   0.227250  0.0005303  0.9741763
2.914470   0.227940  0.0005205  0.9746968
2.934470   0.228620  0.0005111  0.9752079
2.954470   0.229280  0.0005017  0.9757096
2.974470   0.229930  0.0004928  0.9762023
2.994470   0.230570  0.0004840  0.9766864
3.014470   0.231190  0.0004757  0.9771620
3.034470   0.231800  0.0004673  0.9776293
3.054470   0.232400  0.0004594  0.9780888
3.074470   0.232990  0.0004517  0.9785404
3.094470   0.233560  0.0004440  0.9789844
3.114470   0.234130  0.0004367  0.9794211
3.134470   0.234680  0.0004294  0.9798505
3.154470   0.235220  0.0004225  0.9802730
3.174470   0.235750  0.0004156  0.9806887
3.194470   0.236270  0.0004090  0.9810976
3.214470   0.236780  0.0004025  0.9815001
3.234470   0.237290  0.0003962  0.9818964
3.254470   0.237780  0.0003900  0.9822864
3.274470   0.238260  0.0003842  0.9826705
3.294470   0.238730  0.0003783  0.9830488
3.314470   0.239200  0.0003725  0.9834213
3.334470   0.239660  0.0003669  0.9837882
3.354470   0.240100  0.0003614  0.9841496
3.374470   0.240540  0.0003562  0.9845059
3.394470   0.240980  0.0003510  0.9848569
3.414470   0.241400  0.0003460  0.9852029
3.434470   0.241820  0.0003410  0.9855439
3.454470   0.242230  0.0003362  0.9858801
3.474470   0.242630  0.0003314  0.9862115
3.494470   0.243020  0.0003268  0.9865384
3.514470   0.243410  0.0003223  0.9868606
3.534470   0.243790  0.0003179  0.9871785
3.554470   0.244170  0.0003135  0.9874920
3.574470   0.244540  0.0003091  0.9878011
3.594470   0.244900  0.0003052  0.9881063
3.614470   0.245250  0.0003010  0.9884073
3.634470   0.245610  0.0002970  0.9887043
3.654470   0.245950  0.0002931  0.9889974
3.674470   0.246290  0.0002893  0.9892867
3.694470   0.246620  0.0002856  0.9895723
3.714470   0.246950  0.0002818  0.9898541
3.734470   0.247270  0.0002783  0.9901323
3.754470   0.247590  0.0002747  0.9904071
3.774470   0.247900  0.0002714  0.9906785
3.794470   0.248210  0.0002681  0.9909465
3.814470   0.248510  0.0002647  0.9912112
3.834470   0.248810  0.0002614  0.9914726
3.854470   0.249100  0.0002583  0.9917309
3.874470   0.249390  0.0002551  0.9919860
3.894470   0.249670  0.0002520  0.9922380
3.914470   0.249950  0.0002491  0.9924871
3.934470   0.250220  0.0002460  0.9927331
3.954470   0.250490  0.0002433  0.9929763
3.974470   0.250760  0.0002403  0.9932167
3.994470   0.251020  0.0002374  0.9934541
4.014470   0.251280  0.0002347  0.9936888
4.034470   0.251530  0.0002320  0.9939208
4.054470   0.251790  0.0002295  0.9941503
4.074470   0.252030  0.0002268  0.9943771
4.094470   0.252280  0.0002243  0.9946013
4.114470   0.252520  0.0002218  0.9948231
4.134470   0.252750  0.0002193  0.9950424
4.154470   0.252980  0.0002168  0.9952592
4.174470   0.253210  0.0002145  0.9954737
4.194470   0.253440  0.0002122  0.9956859
4.214470   0.253660  0.0002099  0.9958958
4.234470   0.253880  0.0002076  0.9961034
4.254470   0.254100  0.0002053  0.9963087
4.274470   0.254310  0.0002032  0.9965119
4.294470   0.254520  0.0002009  0.9967129
4.314470   0.254730  0.0001989  0.9969117
4.334470   0.254930  0.0001968  0.9971085
4.354470   0.255130  0.0001947  0.9973032
4.374470   0.255330  0.0001928  0.9974960
4.394470   0.255530  0.0001907  0.9976867
4.414470   0.255720  0.0001888  0.9978756
4.434470   0.255910  0.0001870  0.9980625
4.454470   0.256100  0.0001851  0.9982476
4.474470   0.256290  0.0001832  0.9984308
4.494470   0.256470  0.0001813  0.9986122
4.514470   0.256650  0.0001795  0.9987917
4.534470   0.256830  0.0001778  0.9989695
4.554470   0.257000  0.0001759  0.9991454
4.574470   0.257180  0.0001743  0.9993196
4.594470   0.257350  0.0001726  0.9994922
4.614470   0.257520  0.0001709  0.9996632
4.634470   0.257680  0.0001693  0.9998324
4.654470   0.257850  0.0001676  1.0000000
