1.273250   0.000010  0.0000000  0.0000000
1.293250   0.000060  0.0000006  0.0000006
1.313250   0.000180  0.0000021  0.0000027
1.333250   0.000390  0.0000047  0.0000074
1.353250   0.000710  0.0000097  0.0000171
1.373250   0.001160  0.0000178  0.0000349
1.393250   0.001740  0.0000301  0.0000650
1.413250   0.002460  0.0000481  0.0001131
1.433250   0.003310  0.0000735  0.0001866
1.453250   0.004560  0.0001162  0.0003029
1.473250   0.006660  0.0001959  0.0004988
1.493250   0.009630  0.0003297  0.0008285
1.513250   0.013320  0.0005359  0.0013644
1.533250   0.017570  0.0008400  0.0022045
1.553250   0.022270  0.0012816  0.0034861
1.573250   0.027330  0.0019225  0.0054086
1.593250   0.032690  0.0028628  0.0082714
1.613250   0.038330  0.0042706  0.0125420
1.633250   0.044240  0.0064400  0.0189820
1.653250   0.050600  0.0099376  0.0289196
1.673250   0.058810  0.0161462  0.0450658
1.693250   0.069340  0.0274904  0.0725562
1.713250   0.081150  0.0471914  0.1197475
1.733250   0.093600  0.0766459  0.1963935
1.753250   0.106270  0.1047633  0.3011567
1.773250   0.118900  0.1094274  0.4105841
1.793250   0.131290  0.0921420  0.5027261
1.813250   0.143280  0.0710567  0.5737828
1.833250   0.154790  0.0543271  0.6281099
1.853250   0.165720  0.0423720  0.6704819
1.873250   0.176040  0.0339105  0.7043924
1.893250   0.185690  0.0278031  0.7321956
1.913250   0.194670  0.0232736  0.7554692
1.933250   0.202940  0.0198222  0.7752914
1.953250   0.210530  0.0171262  0.7924176
1.973250   0.217420  0.0149738  0.8073914
1.993250   0.223630  0.0132222  0.8206136
2.013250   0.229180  0.0117730  0.8323866
2.033250   0.234080  0.0105566  0.8429432
2.053250   0.238360  0.0095227  0.8524658
2.073250   0.242060  0.0086345  0.8611004
2.093250   0.245180  0.0078643  0.8689646
2.113250   0.247780  0.0071908  0.8761555
2.133250   0.249870  0.0065975  0.8827530
2.153250   0.251500  0.0060715  0.8888244
2.173250   0.252680  0.0056024  0.8944268
2.193250   0.253460  0.0051823  0.8996091
2.213250   0.253870  0.0048043  0.9044134
2.233250   0.253930  0.0044630  0.9088764
2.253250   0.253680  0.0041536  0.9130300
2.273250   0.253160  0.0038722  0.9169021
2.293250   0.252390  0.0036158  0.9205179
2.313250   0.251390  0.0033816  0.9238995
2.333250   0.250200  0.0031671  0.9270667
2.353250   0.248850  0.0029704  0.9300371
2.373250   0.247350  0.0027895  0.9328266
2.393250   0.245730  0.0026231  0.9354497
2.413250   0.244010  0.0024698  0.9379195
2.433250   0.242200  0.0023283  0.9402478
2.453250   0.240340  0.0021974  0.9424453
2.473250   0.238430  0.0020765  0.9445217
2.493250   0.236500  0.0019644  0.9464861
2.513250   0.234540  0.0018603  0.9483464
2.533250   0.232580  0.0017639  0.9501103
2.553250   0.230630  0.0016743  0.9517846
2.573250   0.228680  0.0015911  0.9533757
2.593250   0.226770  0.0015135  0.9548892
2.613250   0.224880  0.0014412  0.9563304
2.633250   0.223030  0.0013739  0.9577043
2.653250   0.221220  0.0013110  0.9590153
2.673250   0.219460  0.0012523  0.9602676
2.693250   0.217750  0.0011974  0.9614650
2.713250   0.216100  0.0011460  0.9626110
2.733250   0.214500  0.0010979  0.9637089
2.753250   0.212950  0.0010529  0.9647618
2.773250   0.211470  0.0010106  0.9657724
2.793250   0.210040  0.0009709  0.9667433
2.813250   0.208670  0.0009336  0.9676769
2.833250   0.207370  0.0008985  0.9685753
2.853250   0.206120  0.0008654  0.9694408
2.873250   0.204930  0.0008343  0.9702750
2.893250   0.203800  0.0008049  0.9710800
2.913250   0.202720  0.0007773  0.9718573
2.933250   0.201700  0.0007511  0.9726083
2.953250   0.200740  0.0007263  0.9733346
2.973250   0.199830  0.0007030  0.9740376
2.993250   0.198970  0.0006809  0.9747184
3.013250   0.198160  0.0006598  0.9753783
3.033250   0.197390  0.0006398  0.9760180
3.053250   0.196680  0.0006210  0.9766390
3.073250   0.196000  0.0006030  0.9772421
3.093250   0.195370  0.0005859  0.9778280
3.113250   0.194790  0.0005696  0.9783976
3.133250   0.194240  0.0005541  0.9789517
3.153250   0.193730  0.0005392  0.9794909
3.173250   0.193250  0.0005252  0.9800161
3.193250   0.192810  0.0005118  0.9805279
3.213250   0.192400  0.0004990  0.9810269
3.233250   0.192020  0.0004866  0.9815135
3.253250   0.191680  0.0004748  0.9819883
3.273250   0.191360  0.0004635  0.9824518
3.293250   0.191070  0.0004527  0.9829046
3.313250   0.190800  0.0004424  0.9833470
3.333250   0.190560  0.0004323  0.9837793
3.353250   0.190350  0.0004228  0.9842021
3.373250   0.190150  0.0004137  0.9846158
3.393250   0.189980  0.0004048  0.9850207
3.413250   0.189830  0.0003964  0.9854170
3.433250   0.189690  0.0003881  0.9858052
3.453250   0.189570  0.0003803  0.9861855
3.473250   0.189470  0.0003726  0.9865581
3.493250   0.189390  0.0003654  0.9869235
3.513250   0.189320  0.0003582  0.9872817
3.533250   0.189260  0.0003514  0.9876331
3.553250   0.189220  0.0003448  0.9879778
3.573250   0.189190  0.0003384  0.9883162
3.593250   0.189170  0.0003322  0.9886484
3.613250   0.189160  0.0003262  0.9889746
3.633250   0.189160  0.0003204  0.9892950
3.653250   0.189170  0.0003148  0.9896098
3.673250   0.189190  0.0003095  0.9899193
3.693250   0.189210  0.0003041  0.9902234
3.713250   0.189240  0.0002989  0.9905223
3.733250   0.189290  0.0002940  0.9908163
3.753250   0.189330  0.0002892  0.9911055
3.773250   0.189390  0.0002845  0.9913900
3.793250   0.189440  0.0002799  0.9916700
3.813250   0.189510  0.0002754  0.9919454
3.833250   0.189580  0.0002711  0.9922165
3.853250   0.189650  0.0002669  0.9924834
3.873250   0.189730  0.0002628  0.9927462
3.893250   0.189810  0.0002589  0.9930051
3.913250   0.189890  0.0002550  0.9932601
3.933250   0.189980  0.0002512  0.9935113
3.953250   0.190070  0.0002475  0.9937588
3.973250   0.190170  0.0002440  0.9940029
3.993250   0.190260  0.0002405  0.9942434
4.013250   0.190360  0.0002370  0.9944804
4.033250   0.190460  0.0002337  0.9947141
4.053250   0.190570  0.0002304  0.9949445
4.073250   0.190670  0.0002273  0.9951718
4.093250   0.190780  0.0002242  0.9953960
4.113250   0.190880  0.0002211  0.9956171
4.133250   0.190990  0.0002182  0.9958353
4.153250   0.191100  0.0002153  0.9960506
4.173250   0.191210  0.0002124  0.9962631
4.193250   0.191320  0.0002098  0.9964728
4.213250   0.191440  0.0002069  0.9966797
4.233250   0.191550  0.0002044  0.9968841
4.253250   0.191660  0.0002017  0.9970858
4.273250   0.191780  0.0001992  0.9972850
4.293250   0.191890  0.0001967  0.9974817
4.313250   0.192010  0.0001943  0.9976760
4.333250   0.192120  0.0001918  0.9978678
4.353250   0.192240  0.0001895  0.9980573
4.373250   0.192350  0.0001872  0.9982446
4.393250   0.192470  0.0001850  0.9984295
4.413250   0.192580  0.0001827  0.9986122
4.433250   0.192690  0.0001806  0.9987929
4.453250   0.192810  0.0001786  0.9989715
4.473250   0.192920  0.0001763  0.9991478
4.493250   0.193040  0.0001744  0.9993222
4.513250   0.193150  0.0001724  0.9994946
4.533250   0.193260  0.0001703  0.9996649
4.553250   0.193380  0.0001685  0.9998334
4.573250   0.193490  0.0001666  1.0000000
