1.411630   0.000010  0.0000002  0.0000002
1.431630   0.000020  0.0000004  0.0000006
1.451630   0.000050  0.0000010  0.0000017
1.471630   0.000170  0.0000033  0.0000050
1.491630   0.000490  0.0000108  0.0000158
1.511630   0.001140  0.0000294  0.0000452
1.531630   0.002310  0.0000689  0.0001141
1.551630   0.004140  0.0001443  0.0002584
1.571630   0.006650  0.0002747  0.0005331
1.591630   0.009840  0.0004869  0.0010200
1.611630   0.013660  0.0008228  0.0018429
1.631630   0.018090  0.0013491  0.0031920
1.651630   0.023070  0.0021761  0.0053681
1.671630   0.028530  0.0034954  0.0088634
1.691630   0.034420  0.0056573  0.0145208
1.711630   0.040670  0.0093439  0.0238647
1.731630   0.047230  0.0159754  0.0398401
1.751630   0.054060  0.0286908  0.0685309
1.771630   0.061130  0.0543255  0.1228564
1.791630   0.068510  0.1020742  0.2249306
1.811630   0.076420  0.1481273  0.3730579
1.831630   0.085440  0.1293501  0.5024080
1.851630   0.095970  0.0866327  0.5890407
1.871630   0.107190  0.0581797  0.6472204
1.891630   0.118210  0.0415859  0.6888063
1.911630   0.128610  0.0314413  0.7202476
1.931630   0.138270  0.0248106  0.7450582
1.951630   0.147170  0.0202177  0.7652759
1.971630   0.155330  0.0168843  0.7821601
1.991630   0.162800  0.0143731  0.7965333
2.011630   0.169630  0.0124238  0.8089571
2.031630   0.175860  0.0108736  0.8198306
2.051630   0.181550  0.0096157  0.8294463
2.071630   0.186740  0.0085777  0.8380240
2.091630   0.191480  0.0077091  0.8457331
2.111630   0.195820  0.0069735  0.8527066
2.131630   0.199790  0.0063444  0.8590510
2.151630   0.203440  0.0058010  0.8648520
2.171630   0.206800  0.0053285  0.8701805
2.191630   0.209910  0.0049147  0.8750951
2.211630   0.212800  0.0045498  0.8796450
2.231630   0.215490  0.0042266  0.8838715
2.251630   0.218010  0.0039388  0.8878103
2.271630   0.220380  0.0036814  0.8914917
2.291630   0.222620  0.0034502  0.8949419
2.311630   0.224760  0.0032417  0.8981836
2.331630   0.226790  0.0030533  0.9012369
2.351630   0.228740  0.0028821  0.9041190
2.371630   0.230620  0.0027263  0.9068453
2.391630   0.232440  0.0025841  0.9094293
2.411630   0.234210  0.0024537  0.9118830
2.431630   0.235920  0.0023342  0.9142172
2.451630   0.237600  0.0022240  0.9164412
2.471630   0.239240  0.0021226  0.9185637
2.491630   0.240850  0.0020286  0.9205924
2.511630   0.242430  0.0019416  0.9225340
2.531630   0.243980  0.0018608  0.9243947
2.551630   0.245510  0.0017856  0.9261803
2.571630   0.247020  0.0017154  0.9278958
2.591630   0.248510  0.0016500  0.9295458
2.611630   0.249970  0.0015888  0.9311346
2.631630   0.251420  0.0015313  0.9326659
2.651630   0.252850  0.0014774  0.9341433
2.671630   0.254270  0.0014268  0.9355701
2.691630   0.255660  0.0013789  0.9369489
2.711630   0.257040  0.0013339  0.9382828
2.731630   0.258410  0.0012914  0.9395742
2.751630   0.259750  0.0012512  0.9408254
2.771630   0.261080  0.0012131  0.9420385
2.791630   0.262390  0.0011771  0.9432156
2.811630   0.263690  0.0011427  0.9443583
2.831630   0.264970  0.0011102  0.9454686
2.851630   0.266230  0.0010792  0.9465477
2.871630   0.267480  0.0010496  0.9475974
2.891630   0.268710  0.0010215  0.9486189
2.911630   0.269920  0.0009946  0.9496135
2.931630   0.271120  0.0009690  0.9505825
2.951630   0.272300  0.0009444  0.9515270
2.971630   0.273460  0.0009209  0.9524479
2.991630   0.274600  0.0008984  0.9533463
3.011630   0.275730  0.0008770  0.9542233
3.031630   0.276850  0.0008561  0.9550794
3.051630   0.277940  0.0008364  0.9559158
3.071630   0.279020  0.0008172  0.9567330
3.091630   0.280090  0.0007989  0.9575319
3.111630   0.281140  0.0007812  0.9583131
3.131630   0.282170  0.0007643  0.9590774
3.151630   0.283180  0.0007479  0.9598252
3.171630   0.284180  0.0007320  0.9605572
3.191630   0.285170  0.0007168  0.9612741
3.211630   0.286140  0.0007022  0.9619763
3.231630   0.287090  0.0006879  0.9626642
3.251630   0.288030  0.0006741  0.9633383
3.271630   0.288960  0.0006610  0.9639993
3.291630   0.289870  0.0006481  0.9646474
3.311630   0.290760  0.0006356  0.9652830
3.331630   0.291640  0.0006237  0.9659068
3.351630   0.292510  0.0006121  0.9665188
3.371630   0.293360  0.0006008  0.9671196
3.391630   0.294200  0.0005898  0.9677094
3.411630   0.295030  0.0005792  0.9682886
3.431630   0.295840  0.0005690  0.9688576
3.451630   0.296640  0.0005590  0.9694165
3.471630   0.297430  0.0005492  0.9699657
3.491630   0.298200  0.0005398  0.9705055
3.511630   0.298960  0.0005306  0.9710361
3.531630   0.299710  0.0005217  0.9715578
3.551630   0.300450  0.0005129  0.9720708
3.571630   0.301180  0.0005046  0.9725754
3.591630   0.301890  0.0004963  0.9730717
3.611630   0.302590  0.0004884  0.9735600
3.631630   0.303290  0.0004807  0.9740407
3.651630   0.303970  0.0004730  0.9745136
3.671630   0.304640  0.0004657  0.9749793
3.691630   0.305300  0.0004584  0.9754377
3.711630   0.305950  0.0004515  0.9758892
3.731630   0.306590  0.0004446  0.9763338
3.751630   0.307210  0.0004380  0.9767718
3.771630   0.307830  0.0004315  0.9772033
3.791630   0.308440  0.0004251  0.9776283
3.811630   0.309040  0.0004188  0.9780471
3.831630   0.309630  0.0004128  0.9784599
3.851630   0.310220  0.0004069  0.9788668
3.871630   0.310790  0.0004011  0.9792679
3.891630   0.311350  0.0003955  0.9796634
3.911630   0.311910  0.0003901  0.9800535
3.931630   0.312450  0.0003847  0.9804381
3.951630   0.312990  0.0003792  0.9808174
3.971630   0.313520  0.0003742  0.9811916
3.991630   0.314040  0.0003690  0.9815607
4.011630   0.314560  0.0003642  0.9819249
4.031630   0.315060  0.0003592  0.9822841
4.051630   0.315560  0.0003547  0.9826388
4.071630   0.316060  0.0003501  0.9829889
4.091630   0.316540  0.0003455  0.9833344
4.111630   0.317020  0.0003411  0.9836755
4.131630   0.317490  0.0003368  0.9840123
4.151630   0.317950  0.0003324  0.9843446
4.171630   0.318410  0.0003282  0.9846729
4.191630   0.318860  0.0003243  0.9849971
4.211630   0.319300  0.0003201  0.9853172
4.231630   0.319740  0.0003161  0.9856333
4.251630   0.320170  0.0003124  0.9859457
4.271630   0.320590  0.0003086  0.9862544
4.291630   0.321010  0.0003049  0.9865593
4.311630   0.321420  0.0003013  0.9868606
4.331630   0.321830  0.0002978  0.9871584
4.351630   0.322230  0.0002943  0.9874527
4.371630   0.322620  0.0002907  0.9877434
4.391630   0.323010  0.0002874  0.9880308
4.411630   0.323400  0.0002841  0.9883149
4.431630   0.323780  0.0002809  0.9885958
4.451630   0.324150  0.0002776  0.9888734
4.471630   0.324520  0.0002745  0.9891479
4.491630   0.324880  0.0002716  0.9894195
4.511630   0.325240  0.0002684  0.9896879
4.531630   0.325590  0.0002655  0.9899534
4.551630   0.325940  0.0002626  0.9902161
4.571630   0.326280  0.0002597  0.9904758
4.591630   0.326620  0.0002570  0.9907327
4.611630   0.326960  0.0002541  0.9909868
4.631630   0.327290  0.0002514  0.9912382
4.651630   0.327620  0.0002487  0.9914868
4.671630   0.327940  0.0002462  0.9917330
4.691630   0.328250  0.0002435  0.9919765
4.711630   0.328570  0.0002410  0.9922174
4.731630   0.328880  0.0002385  0.9924559
4.751630   0.329180  0.0002360  0.9926918
4.771630   0.329480  0.0002337  0.9929255
4.791630   0.329780  0.0002312  0.9931567
4.811630   0.330070  0.0002289  0.9933855
4.831630   0.330360  0.0002266  0.9936121
4.851630   0.330650  0.0002243  0.9938364
4.871630   0.330930  0.0002220  0.9940584
4.891630   0.331210  0.0002199  0.9942783
4.911630   0.331490  0.0002178  0.9944962
4.931630   0.331760  0.0002155  0.9947117
4.951630   0.332030  0.0002135  0.9949252
4.971630   0.332290  0.0002114  0.9951366
4.991630   0.332550  0.0002095  0.9953461
5.011630   0.332810  0.0002074  0.9955535
5.031630   0.333070  0.0002053  0.9957588
5.051630   0.333320  0.0002035  0.9959623
5.071630   0.333570  0.0002016  0.9961639
5.091630   0.333820  0.0001997  0.9963636
5.111630   0.334060  0.0001978  0.9965615
5.131630   0.334300  0.0001960  0.9967574
5.151630   0.334540  0.0001943  0.9969517
5.171630   0.334770  0.0001924  0.9971442
5.191630   0.335000  0.0001908  0.9973349
5.211630   0.335230  0.0001889  0.9975238
5.231630   0.335460  0.0001872  0.9977110
5.251630   0.335680  0.0001856  0.9978966
5.271630   0.335900  0.0001839  0.9980805
5.291630   0.336120  0.0001822  0.9982627
5.311630   0.336340  0.0001806  0.9984433
5.331630   0.336550  0.0001791  0.9986224
5.351630   0.336760  0.0001774  0.9987998
5.371630   0.336970  0.0001760  0.9989758
5.391630   0.337180  0.0001745  0.9991503
5.411630   0.337380  0.0001729  0.9993232
5.431630   0.337580  0.0001714  0.9994946
5.451630   0.337780  0.0001699  0.9996645
5.471630   0.337980  0.0001685  0.9998330
5.491630   0.338170  0.0001670  1.0000000
