0.727760   0.000020  0.0000000  0.0000000
0.747760   0.000040  0.0000000  0.0000000
0.767760   0.000070  0.0000000  0.0000000
0.787760   0.000120  0.0000002  0.0000002
0.807760   0.000190  0.0000002  0.0000004
0.827760   0.000280  0.0000004  0.0000008
0.847760   0.000400  0.0000006  0.0000014
0.867760   0.000550  0.0000010  0.0000025
0.887760   0.000730  0.0000014  0.0000039
0.907760   0.000950  0.0000021  0.0000060
0.927760   0.001220  0.0000029  0.0000088
0.947760   0.001520  0.0000037  0.0000125
0.967760   0.001870  0.0000049  0.0000174
0.987760   0.002260  0.0000066  0.0000240
1.007760   0.002690  0.0000084  0.0000324
1.027760   0.003170  0.0000107  0.0000431
1.047760   0.003680  0.0000133  0.0000565
1.067760   0.004250  0.0000168  0.0000733
1.087760   0.004870  0.0000207  0.0000940
1.107760   0.005580  0.0000259  0.0001199
1.127760   0.006410  0.0000322  0.0001521
1.147760   0.007370  0.0000404  0.0001926
1.167760   0.008500  0.0000507  0.0002433
1.187760   0.009830  0.0000640  0.0003073
1.207760   0.011380  0.0000811  0.0003884
1.227760   0.013180  0.0001026  0.0004910
1.247760   0.015240  0.0001304  0.0006214
1.267760   0.017590  0.0001657  0.0007870
1.287760   0.020250  0.0002104  0.0009975
1.307760   0.023240  0.0002673  0.0012647
1.327760   0.026580  0.0003393  0.0016041
1.347760   0.030290  0.0004309  0.0020350
1.367760   0.034370  0.0005469  0.0025818
1.387760   0.038850  0.0006943  0.0032761
1.407760   0.043700  0.0008815  0.0041576
1.427760   0.048910  0.0011192  0.0052767
1.447760   0.054450  0.0014222  0.0066989
1.467760   0.060300  0.0018087  0.0085077
1.487760   0.066390  0.0023041  0.0108117
1.507760   0.072680  0.0029419  0.0137536
1.527760   0.079120  0.0037698  0.0175234
1.547760   0.085660  0.0048537  0.0223771
1.567760   0.092260  0.0062902  0.0286673
1.587760   0.098920  0.0082201  0.0368873
1.607760   0.105620  0.0108526  0.0477399
1.627760   0.112350  0.0144988  0.0622387
1.647760   0.119100  0.0196136  0.0818523
1.667760   0.125820  0.0268308  0.1086831
1.687760   0.132460  0.0369132  0.1455964
1.707760   0.138960  0.0503870  0.1959834
1.727760   0.145240  0.0664445  0.2624279
1.747760   0.151220  0.0812527  0.3436806
1.767760   0.156820  0.0884792  0.4321598
1.787760   0.161970  0.0848400  0.5169997
1.807760   0.166620  0.0736823  0.5906821
1.827760   0.170720  0.0605466  0.6512286
1.847760   0.174240  0.0487317  0.6999603
1.867760   0.177160  0.0391861  0.7391464
1.887760   0.179500  0.0317713  0.7709177
1.907760   0.181260  0.0260604  0.7969781
1.927760   0.182460  0.0216383  0.8186164
1.947760   0.183140  0.0181756  0.8367920
1.967760   0.183340  0.0154291  0.8522211
1.987760   0.183100  0.0132219  0.8654430
2.007760   0.182480  0.0114259  0.8768690
2.027760   0.181500  0.0099481  0.8868171
2.047760   0.180230  0.0087195  0.8955366
2.067760   0.178700  0.0076888  0.9032254
2.087760   0.176970  0.0068170  0.9100424
2.107760   0.175060  0.0060743  0.9161167
2.127760   0.173020  0.0054375  0.9215541
2.147760   0.170880  0.0048879  0.9264421
2.167760   0.168670  0.0044115  0.9308536
2.187760   0.166420  0.0039964  0.9348500
2.207760   0.164160  0.0036331  0.9384830
2.227760   0.161890  0.0033139  0.9417969
2.247760   0.159650  0.0030322  0.9448291
2.267760   0.157440  0.0027830  0.9476121
2.287760   0.155280  0.0025615  0.9501736
2.307760   0.153170  0.0023642  0.9525378
2.327760   0.151130  0.0021881  0.9547259
2.347760   0.149170  0.0020302  0.9567561
2.367760   0.147280  0.0018884  0.9586445
2.387760   0.145470  0.0017607  0.9604052
2.407760   0.143740  0.0016453  0.9620505
2.427760   0.142090  0.0015408  0.9635914
2.447760   0.140530  0.0014462  0.9650376
2.467760   0.139060  0.0013600  0.9663976
2.487760   0.137660  0.0012816  0.9676791
2.507760   0.136340  0.0012099  0.9688891
2.527760   0.135110  0.0011442  0.9700333
2.547760   0.133940  0.0010841  0.9711174
2.567760   0.132860  0.0010289  0.9721462
2.587760   0.131840  0.0009780  0.9731242
2.607760   0.130890  0.0009312  0.9740554
2.627760   0.130000  0.0008878  0.9749432
2.647760   0.129180  0.0008476  0.9757908
2.667760   0.128420  0.0008104  0.9766013
2.687760   0.127710  0.0007760  0.9773772
2.707760   0.127050  0.0007437  0.9781209
2.727760   0.126450  0.0007138  0.9788347
2.747760   0.125890  0.0006858  0.9795206
2.767760   0.125380  0.0006596  0.9801801
2.787760   0.124910  0.0006351  0.9808153
2.807760   0.124480  0.0006121  0.9814274
2.827760   0.124100  0.0005906  0.9820180
2.847760   0.123750  0.0005705  0.9825885
2.867760   0.123430  0.0005514  0.9831399
2.887760   0.123140  0.0005333  0.9836732
2.907760   0.122890  0.0005165  0.9841897
2.927760   0.122660  0.0005005  0.9846901
2.947760   0.122460  0.0004853  0.9851754
2.967760   0.122280  0.0004707  0.9856461
2.987760   0.122120  0.0004572  0.9861033
3.007760   0.121980  0.0004442  0.9865475
3.027760   0.121870  0.0004319  0.9869794
3.047760   0.121770  0.0004202  0.9873996
3.067760   0.121680  0.0004089  0.9878086
3.087760   0.121610  0.0003982  0.9882068
3.107760   0.121560  0.0003880  0.9885948
3.127760   0.121520  0.0003783  0.9889731
3.147760   0.121490  0.0003691  0.9893422
3.167760   0.121470  0.0003601  0.9897023
3.187760   0.121460  0.0003514  0.9900537
3.207760   0.121460  0.0003434  0.9903972
3.227760   0.121470  0.0003354  0.9907326
3.247760   0.121480  0.0003278  0.9910604
3.267760   0.121510  0.0003206  0.9913811
3.287760   0.121540  0.0003137  0.9916947
3.307760   0.121580  0.0003069  0.9920016
3.327760   0.121620  0.0003005  0.9923022
3.347760   0.121670  0.0002942  0.9925963
3.367760   0.121720  0.0002882  0.9928846
3.387760   0.121780  0.0002825  0.9931670
3.407760   0.121840  0.0002767  0.9934437
3.427760   0.121910  0.0002714  0.9937151
3.447760   0.121980  0.0002660  0.9939812
3.467760   0.122050  0.0002611  0.9942423
3.487760   0.122120  0.0002562  0.9944985
3.507760   0.122200  0.0002515  0.9947499
3.527760   0.122280  0.0002467  0.9949967
3.547760   0.122360  0.0002424  0.9952391
3.567760   0.122440  0.0002379  0.9954770
3.587760   0.122530  0.0002338  0.9957109
3.607760   0.122620  0.0002297  0.9959406
3.627760   0.122700  0.0002258  0.9961664
3.647760   0.122790  0.0002219  0.9963883
3.667760   0.122880  0.0002182  0.9966065
3.687760   0.122970  0.0002147  0.9968212
3.707760   0.123060  0.0002110  0.9970323
3.727760   0.123150  0.0002077  0.9972400
3.747760   0.123250  0.0002045  0.9974445
3.767760   0.123340  0.0002012  0.9976456
3.787760   0.123430  0.0001979  0.9978435
3.807760   0.123520  0.0001948  0.9980383
3.827760   0.123620  0.0001919  0.9982303
3.847760   0.123710  0.0001891  0.9984193
3.867760   0.123800  0.0001862  0.9986055
3.887760   0.123890  0.0001833  0.9987888
3.907760   0.123990  0.0001806  0.9989695
3.927760   0.124080  0.0001780  0.9991475
3.947760   0.124170  0.0001755  0.9993230
3.967760   0.124260  0.0001728  0.9994958
3.987760   0.124350  0.0001704  0.9996662
4.007760   0.124440  0.0001681  0.9998343
4.027760   0.124540  0.0001657  1.0000000
