1.273250   0.000010  0.0000000  0.0000000
1.293250   0.000060  0.0000006  0.0000006
1.313250   0.000180  0.0000021  0.0000027
1.333250   0.000390  0.0000047  0.0000074
1.353250   0.000710  0.0000097  0.0000171
1.373250   0.001160  0.0000178  0.0000349
1.393250   0.001740  0.0000299  0.0000648
1.413250   0.002460  0.0000481  0.0001129
1.433250   0.003310  0.0000735  0.0001864
1.453250   0.004560  0.0001162  0.0003027
1.473250   0.006660  0.0001959  0.0004986
1.493250   0.009630  0.0003295  0.0008281
1.513250   0.013320  0.0005357  0.0013638
1.533250   0.017570  0.0008398  0.0022036
1.553250   0.022270  0.0012812  0.0034848
1.573250   0.027330  0.0019218  0.0054067
1.593250   0.032690  0.0028616  0.0082682
1.613250   0.038320  0.0042685  0.0125367
1.633250   0.044230  0.0064366  0.0189733
1.653250   0.050580  0.0099322  0.0289055
1.673250   0.058790  0.0161372  0.0450427
1.693250   0.069320  0.0274771  0.0725198
1.713250   0.081130  0.0471736  0.1196935
1.733250   0.093580  0.0766271  0.1963205
1.753250   0.106260  0.1047429  0.3010635
1.773250   0.118900  0.1093981  0.4104616
1.793250   0.131300  0.0921084  0.5025700
1.813250   0.143320  0.0710282  0.5735982
1.833250   0.154850  0.0543068  0.6279050
1.853250   0.165810  0.0423591  0.6702641
1.873250   0.176150  0.0339034  0.7041675
1.893250   0.185840  0.0278004  0.7319679
1.913250   0.194850  0.0232741  0.7552420
1.933250   0.203160  0.0198251  0.7750671
1.953250   0.210780  0.0171310  0.7921981
1.973250   0.217710  0.0149798  0.8071779
1.993250   0.223960  0.0132294  0.8204073
2.013250   0.229540  0.0117807  0.8321880
2.033250   0.234480  0.0105649  0.8427529
2.053250   0.238800  0.0095315  0.8522844
2.073250   0.242520  0.0086435  0.8609280
2.093250   0.245680  0.0078735  0.8688014
2.113250   0.248300  0.0071999  0.8760013
2.133250   0.250420  0.0066065  0.8826078
2.153250   0.252060  0.0060803  0.8886881
2.173250   0.253270  0.0056110  0.8942991
2.193250   0.254060  0.0051907  0.8994898
2.213250   0.254480  0.0048125  0.9043023
2.233250   0.254550  0.0044708  0.9087732
2.253250   0.254310  0.0041609  0.9129341
2.273250   0.253790  0.0038794  0.9168135
2.293250   0.253010  0.0036225  0.9204360
2.313250   0.252020  0.0033880  0.9238240
2.333250   0.250820  0.0031731  0.9269971
2.353250   0.249460  0.0029761  0.9299733
2.373250   0.247950  0.0027949  0.9327681
2.393250   0.246320  0.0026283  0.9353964
2.413250   0.244590  0.0024745  0.9378709
2.433250   0.242770  0.0023326  0.9402035
2.453250   0.240900  0.0022016  0.9424051
2.473250   0.238970  0.0020802  0.9444853
2.493250   0.237020  0.0019679  0.9464531
2.513250   0.235040  0.0018636  0.9483167
2.533250   0.233070  0.0017670  0.9500837
2.553250   0.231090  0.0016772  0.9517609
2.573250   0.229140  0.0015936  0.9533545
2.593250   0.227200  0.0015157  0.9548702
2.613250   0.225300  0.0014433  0.9563135
2.633250   0.223430  0.0013758  0.9576892
2.653250   0.221600  0.0013128  0.9590020
2.673250   0.219830  0.0012540  0.9602560
2.693250   0.218100  0.0011988  0.9614548
2.713250   0.216430  0.0011474  0.9626023
2.733250   0.214810  0.0010991  0.9637014
2.753250   0.213250  0.0010539  0.9647553
2.773250   0.211750  0.0010116  0.9657669
2.793250   0.210310  0.0009717  0.9667386
2.813250   0.208930  0.0009344  0.9676730
2.833250   0.207610  0.0008993  0.9685723
2.853250   0.206350  0.0008660  0.9694384
2.873250   0.205140  0.0008349  0.9702732
2.893250   0.204000  0.0008056  0.9710788
2.913250   0.202920  0.0007777  0.9718565
2.933250   0.201890  0.0007515  0.9726079
2.953250   0.200910  0.0007267  0.9733346
2.973250   0.199990  0.0007034  0.9740380
2.993250   0.199120  0.0006811  0.9747191
3.013250   0.198300  0.0006600  0.9753791
3.033250   0.197530  0.0006402  0.9760193
3.053250   0.196800  0.0006212  0.9766405
3.073250   0.196120  0.0006032  0.9772437
3.093250   0.195490  0.0005861  0.9778298
3.113250   0.194890  0.0005698  0.9783996
3.133250   0.194340  0.0005543  0.9789539
3.153250   0.193820  0.0005394  0.9794934
3.173250   0.193340  0.0005254  0.9800188
3.193250   0.192890  0.0005118  0.9805306
3.213250   0.192480  0.0004990  0.9810295
3.233250   0.192100  0.0004866  0.9815161
3.253250   0.191740  0.0004748  0.9819910
3.273250   0.191420  0.0004635  0.9824544
3.293250   0.191130  0.0004527  0.9829072
3.313250   0.190860  0.0004424  0.9833496
3.333250   0.190610  0.0004323  0.9837819
3.353250   0.190390  0.0004228  0.9842047
3.373250   0.190200  0.0004137  0.9846184
3.393250   0.190020  0.0004048  0.9850233
3.413250   0.189870  0.0003964  0.9854197
3.433250   0.189730  0.0003881  0.9858078
3.453250   0.189610  0.0003803  0.9861881
3.473250   0.189510  0.0003726  0.9865607
3.493250   0.189420  0.0003652  0.9869259
3.513250   0.189350  0.0003582  0.9872841
3.533250   0.189290  0.0003514  0.9876355
3.553250   0.189240  0.0003448  0.9879802
3.573250   0.189210  0.0003384  0.9883186
3.593250   0.189190  0.0003322  0.9886508
3.613250   0.189180  0.0003262  0.9889769
3.633250   0.189170  0.0003204  0.9892974
3.653250   0.189180  0.0003148  0.9896122
3.673250   0.189200  0.0003093  0.9899214
3.693250   0.189220  0.0003041  0.9902255
3.713250   0.189260  0.0002989  0.9905245
3.733250   0.189300  0.0002940  0.9908185
3.753250   0.189340  0.0002890  0.9911075
3.773250   0.189390  0.0002845  0.9913920
3.793250   0.189450  0.0002799  0.9916719
3.813250   0.189510  0.0002754  0.9919473
3.833250   0.189580  0.0002711  0.9922184
3.853250   0.189660  0.0002669  0.9924853
3.873250   0.189730  0.0002628  0.9927481
3.893250   0.189810  0.0002589  0.9930070
3.913250   0.189900  0.0002550  0.9932620
3.933250   0.189980  0.0002512  0.9935132
3.953250   0.190080  0.0002475  0.9937607
3.973250   0.190170  0.0002438  0.9940046
3.993250   0.190270  0.0002403  0.9942449
4.013250   0.190360  0.0002370  0.9944819
4.033250   0.190460  0.0002337  0.9947156
4.053250   0.190570  0.0002304  0.9949460
4.073250   0.190670  0.0002273  0.9951733
4.093250   0.190780  0.0002242  0.9953975
4.113250   0.190880  0.0002211  0.9956186
4.133250   0.190990  0.0002182  0.9958368
4.153250   0.191100  0.0002151  0.9960519
4.173250   0.191210  0.0002124  0.9962643
4.193250   0.191320  0.0002095  0.9964739
4.213250   0.191440  0.0002069  0.9966807
4.233250   0.191550  0.0002042  0.9968849
4.253250   0.191660  0.0002017  0.9970866
4.273250   0.191780  0.0001990  0.9972856
4.293250   0.191890  0.0001965  0.9974822
4.313250   0.192010  0.0001943  0.9976764
4.333250   0.192120  0.0001918  0.9978682
4.353250   0.192230  0.0001895  0.9980577
4.373250   0.192350  0.0001872  0.9982450
4.393250   0.192460  0.0001850  0.9984300
4.413250   0.192580  0.0001827  0.9986127
4.433250   0.192690  0.0001806  0.9987933
4.453250   0.192810  0.0001784  0.9989717
4.473250   0.192920  0.0001763  0.9991480
4.493250   0.193030  0.0001742  0.9993222
4.513250   0.193150  0.0001724  0.9994946
4.533250   0.193260  0.0001703  0.9996649
4.553250   0.193370  0.0001685  0.9998334
4.573250   0.193490  0.0001666  1.0000000
