1.323920   0.000010  0.0000000  0.0000000
1.343920   0.000030  0.0000002  0.0000002
1.363920   0.000060  0.0000002  0.0000004
1.383920   0.000110  0.0000006  0.0000010
1.403920   0.000200  0.0000012  0.0000023
1.423920   0.000340  0.0000021  0.0000044
1.443920   0.000520  0.0000035  0.0000079
1.463920   0.000790  0.0000058  0.0000137
1.483920   0.001190  0.0000096  0.0000233
1.503920   0.001760  0.0000156  0.0000388
1.523920   0.002550  0.0000247  0.0000636
1.543920   0.003600  0.0000386  0.0001022
1.563920   0.004950  0.0000584  0.0001605
1.583920   0.006610  0.0000864  0.0002469
1.603920   0.008590  0.0001248  0.0003718
1.623920   0.010910  0.0001770  0.0005487
1.643920   0.013550  0.0002463  0.0007950
1.663920   0.016530  0.0003387  0.0011338
1.683920   0.019880  0.0004617  0.0015955
1.703920   0.023690  0.0006274  0.0022229
1.723920   0.028030  0.0008528  0.0030757
1.743920   0.032970  0.0011616  0.0042373
1.763920   0.038580  0.0015880  0.0058253
1.783920   0.044920  0.0021814  0.0080067
1.803920   0.052010  0.0030149  0.0110216
1.823920   0.059870  0.0041960  0.0152176
1.843920   0.068510  0.0058889  0.0211065
1.863920   0.077940  0.0083457  0.0294522
1.883920   0.088160  0.0119525  0.0414046
1.903920   0.099160  0.0172808  0.0586854
1.923920   0.110880  0.0250971  0.0837825
1.943920   0.123230  0.0361546  0.1199371
1.963920   0.136080  0.0503763  0.1703134
1.983920   0.149270  0.0652554  0.2355688
2.003920   0.162630  0.0753997  0.3109684
2.023920   0.175980  0.0765717  0.3875401
2.043920   0.189150  0.0700738  0.4576139
2.063920   0.201960  0.0603414  0.5179553
2.083920   0.214290  0.0506775  0.5686327
2.103920   0.226000  0.0423970  0.6110297
2.123920   0.237000  0.0356890  0.6467187
2.143920   0.247220  0.0303440  0.6770627
2.163920   0.256600  0.0260801  0.7031428
2.183920   0.265110  0.0226478  0.7257905
2.203920   0.272740  0.0198512  0.7456417
2.223920   0.279500  0.0175431  0.7631849
2.243920   0.285400  0.0156149  0.7787998
2.263920   0.290470  0.0139849  0.7927847
2.283920   0.294740  0.0125926  0.8053773
2.303920   0.298260  0.0113925  0.8167698
2.323920   0.301060  0.0103491  0.8271189
2.343920   0.303210  0.0094354  0.8365543
2.363920   0.304750  0.0086302  0.8451845
2.383920   0.305740  0.0079166  0.8531011
2.403920   0.306230  0.0072813  0.8603824
2.423920   0.306260  0.0067128  0.8670952
2.443920   0.305890  0.0062025  0.8732977
2.463920   0.305160  0.0057427  0.8790404
2.483920   0.304130  0.0053273  0.8843677
2.503920   0.302830  0.0049512  0.8893189
2.523920   0.301300  0.0046095  0.8939284
2.543920   0.299570  0.0042988  0.8982272
2.563920   0.297700  0.0040153  0.9022425
2.583920   0.295690  0.0037565  0.9059990
2.603920   0.293590  0.0035198  0.9095188
2.623920   0.291420  0.0033029  0.9128217
2.643920   0.289200  0.0031040  0.9159257
2.663920   0.286950  0.0029212  0.9188469
2.683920   0.284690  0.0027530  0.9215998
2.703920   0.282430  0.0025980  0.9241978
2.723920   0.280200  0.0024551  0.9266530
2.743920   0.278000  0.0023232  0.9289762
2.763920   0.275840  0.0022013  0.9311775
2.783920   0.273730  0.0020886  0.9332661
2.803920   0.271670  0.0019841  0.9352502
2.823920   0.269690  0.0018871  0.9371373
2.843920   0.267770  0.0017970  0.9389342
2.863920   0.265920  0.0017133  0.9406475
2.883920   0.264150  0.0016354  0.9422828
2.903920   0.262450  0.0015629  0.9438457
2.923920   0.260830  0.0014952  0.9453409
2.943920   0.259290  0.0014320  0.9467729
2.963920   0.257830  0.0013731  0.9481460
2.983920   0.256450  0.0013178  0.9494638
3.003920   0.255140  0.0012659  0.9507297
3.023920   0.253910  0.0012175  0.9519471
3.043920   0.252750  0.0011718  0.9531189
3.063920   0.251670  0.0011290  0.9542480
3.083920   0.250650  0.0010887  0.9553367
3.103920   0.249710  0.0010507  0.9563874
3.123920   0.248830  0.0010150  0.9574024
3.143920   0.248010  0.0009813  0.9583837
3.163920   0.247260  0.0009494  0.9593331
3.183920   0.246560  0.0009192  0.9602523
3.203920   0.245920  0.0008908  0.9611431
3.223920   0.245330  0.0008638  0.9620069
3.243920   0.244800  0.0008380  0.9628449
3.263920   0.244310  0.0008137  0.9636587
3.283920   0.243870  0.0007907  0.9644494
3.303920   0.243480  0.0007687  0.9652180
3.323920   0.243130  0.0007477  0.9659657
3.343920   0.242820  0.0007278  0.9666935
3.363920   0.242550  0.0007086  0.9674021
3.383920   0.242320  0.0006906  0.9680927
3.403920   0.242120  0.0006733  0.9687660
3.423920   0.241950  0.0006567  0.9694228
3.443920   0.241810  0.0006407  0.9700635
3.463920   0.241700  0.0006256  0.9706891
3.483920   0.241620  0.0006110  0.9713001
3.503920   0.241570  0.0005971  0.9718972
3.523920   0.241540  0.0005838  0.9724810
3.543920   0.241530  0.0005709  0.9730520
3.563920   0.241540  0.0005585  0.9736105
3.583920   0.241570  0.0005466  0.9741571
3.603920   0.241620  0.0005352  0.9746923
3.623920   0.241690  0.0005242  0.9752165
3.643920   0.241770  0.0005136  0.9757302
3.663920   0.241870  0.0005034  0.9762336
3.683920   0.241980  0.0004935  0.9767271
3.703920   0.242110  0.0004839  0.9772110
3.723920   0.242240  0.0004748  0.9776858
3.743920   0.242390  0.0004659  0.9781516
3.763920   0.242550  0.0004571  0.9786088
3.783920   0.242720  0.0004488  0.9790576
3.803920   0.242890  0.0004407  0.9794983
3.823920   0.243080  0.0004330  0.9799313
3.843920   0.243270  0.0004254  0.9803567
3.863920   0.243460  0.0004181  0.9807748
3.883920   0.243670  0.0004110  0.9811858
3.903920   0.243880  0.0004040  0.9815898
3.923920   0.244090  0.0003973  0.9819871
3.943920   0.244310  0.0003909  0.9823780
3.963920   0.244530  0.0003844  0.9827624
3.983920   0.244760  0.0003784  0.9831408
4.003920   0.244990  0.0003724  0.9835132
4.023920   0.245220  0.0003666  0.9838798
4.043920   0.245450  0.0003608  0.9842405
4.063920   0.245690  0.0003554  0.9845959
4.083920   0.245930  0.0003500  0.9849459
4.103920   0.246170  0.0003448  0.9852906
4.123920   0.246410  0.0003396  0.9856302
4.143920   0.246660  0.0003346  0.9859648
4.163920   0.246900  0.0003298  0.9862946
4.183920   0.247150  0.0003250  0.9866197
4.203920   0.247390  0.0003205  0.9869401
4.223920   0.247640  0.0003159  0.9872560
4.243920   0.247880  0.0003115  0.9875676
4.263920   0.248130  0.0003072  0.9878747
4.283920   0.248370  0.0003030  0.9881778
4.303920   0.248620  0.0002989  0.9884766
4.323920   0.248860  0.0002949  0.9887715
4.343920   0.249110  0.0002910  0.9890625
4.363920   0.249350  0.0002872  0.9893498
4.383920   0.249590  0.0002835  0.9896333
4.403920   0.249830  0.0002798  0.9899130
4.423920   0.250070  0.0002762  0.9901893
4.443920   0.250310  0.0002727  0.9904620
4.463920   0.250550  0.0002692  0.9907311
4.483920   0.250790  0.0002658  0.9909970
4.503920   0.251020  0.0002625  0.9912595
4.523920   0.251260  0.0002594  0.9915189
4.543920   0.251490  0.0002563  0.9917752
4.563920   0.251720  0.0002532  0.9920284
4.583920   0.251950  0.0002501  0.9922784
4.603920   0.252180  0.0002472  0.9925256
4.623920   0.252410  0.0002442  0.9927698
4.643920   0.252640  0.0002413  0.9930112
4.663920   0.252860  0.0002384  0.9932496
4.683920   0.253080  0.0002357  0.9934853
4.703920   0.253300  0.0002330  0.9937184
4.723920   0.253520  0.0002303  0.9939487
4.743920   0.253740  0.0002278  0.9941765
4.763920   0.253960  0.0002251  0.9944017
4.783920   0.254170  0.0002226  0.9946243
4.803920   0.254380  0.0002204  0.9948447
4.823920   0.254590  0.0002179  0.9950625
4.843920   0.254800  0.0002154  0.9952779
4.863920   0.255010  0.0002131  0.9954910
4.883920   0.255210  0.0002108  0.9957018
4.903920   0.255420  0.0002085  0.9959103
4.923920   0.255620  0.0002064  0.9961168
4.943920   0.255820  0.0002042  0.9963209
4.963920   0.256020  0.0002021  0.9965230
4.983920   0.256210  0.0002000  0.9967230
5.003920   0.256410  0.0001979  0.9969210
5.023920   0.256600  0.0001959  0.9971168
5.043920   0.256790  0.0001940  0.9973108
5.063920   0.256980  0.0001919  0.9975027
5.083920   0.257170  0.0001900  0.9976928
5.103920   0.257350  0.0001882  0.9978809
5.123920   0.257540  0.0001863  0.9980672
5.143920   0.257720  0.0001844  0.9982516
5.163920   0.257900  0.0001826  0.9984342
5.183920   0.258080  0.0001807  0.9986149
5.203920   0.258260  0.0001790  0.9987939
5.223920   0.258430  0.0001774  0.9989713
5.243920   0.258610  0.0001755  0.9991468
5.263920   0.258780  0.0001738  0.9993206
5.283920   0.258950  0.0001722  0.9994928
5.303920   0.259120  0.0001707  0.9996635
5.323920   0.259290  0.0001691  0.9998326
5.343920   0.259450  0.0001674  1.0000000
