1.076000   0.000070  0.0000004  0.0000004
1.096000   0.012500  0.0000846  0.0000851
1.116000   0.017790  0.0001324  0.0002175
1.136000   0.021890  0.0001798  0.0003973
1.156000   0.025370  0.0002300  0.0006273
1.176000   0.028440  0.0002859  0.0009132
1.196000   0.031200  0.0003485  0.0012616
1.216000   0.033730  0.0004201  0.0016817
1.236000   0.036070  0.0005029  0.0021847
1.256000   0.038240  0.0005993  0.0027840
1.276000   0.040290  0.0007132  0.0034971
1.296000   0.042230  0.0008485  0.0043456
1.316000   0.044090  0.0010116  0.0053572
1.336000   0.045890  0.0012103  0.0065676
1.356000   0.047660  0.0014560  0.0080236
1.376000   0.049440  0.0017649  0.0097886
1.396000   0.051290  0.0021599  0.0119485
1.416000   0.053240  0.0026760  0.0146245
1.436000   0.055350  0.0033658  0.0179903
1.456000   0.057690  0.0043106  0.0223009
1.476000   0.060300  0.0056427  0.0279436
1.496000   0.069870  0.0083051  0.0362487
1.516000   0.077930  0.0120494  0.0482982
1.536000   0.084780  0.0175302  0.0658284
1.556000   0.091270  0.0259768  0.0918052
1.576000   0.097590  0.0392152  0.1310204
1.596000   0.103780  0.0593038  0.1903242
1.616000   0.111840  0.0846892  0.2750134
1.636000   0.119920  0.1031268  0.3781402
1.656000   0.127090  0.1017523  0.4798926
1.676000   0.133850  0.0848643  0.5647568
1.696000   0.140290  0.0655629  0.6303198
1.716000   0.146450  0.0500085  0.6803283
1.736000   0.152330  0.0387104  0.7190387
1.756000   0.157910  0.0306551  0.7496938
1.776000   0.163190  0.0248411  0.7745348
1.796000   0.168140  0.0205508  0.7950856
1.816000   0.172740  0.0173076  0.8123932
1.836000   0.176990  0.0147984  0.8271916
1.856000   0.180880  0.0128157  0.8400073
1.876000   0.184400  0.0112193  0.8512266
1.896000   0.187540  0.0099125  0.8611391
1.916000   0.190330  0.0088270  0.8699661
1.936000   0.192760  0.0079138  0.8778799
1.956000   0.194850  0.0071368  0.8850167
1.976000   0.196620  0.0064693  0.8914861
1.996000   0.198070  0.0058908  0.8973769
2.016000   0.199240  0.0053859  0.9027628
2.036000   0.200140  0.0049418  0.9077046
2.056000   0.200790  0.0045491  0.9122538
2.076000   0.201220  0.0042000  0.9164538
2.096000   0.201430  0.0038880  0.9203418
2.116000   0.201460  0.0036084  0.9239502
2.136000   0.201320  0.0033563  0.9273065
2.156000   0.201020  0.0031287  0.9304352
2.176000   0.200600  0.0029224  0.9333575
2.196000   0.200050  0.0027347  0.9360923
2.216000   0.199400  0.0025636  0.9386559
2.236000   0.198670  0.0024075  0.9410634
2.256000   0.197860  0.0022644  0.9433277
2.276000   0.196990  0.0021332  0.9454609
2.296000   0.196070  0.0020125  0.9474734
2.316000   0.195110  0.0019015  0.9493749
2.336000   0.194120  0.0017989  0.9511738
2.356000   0.193110  0.0017042  0.9528780
2.376000   0.192080  0.0016167  0.9544947
2.396000   0.191050  0.0015355  0.9560302
2.416000   0.190020  0.0014601  0.9574903
2.436000   0.188990  0.0013901  0.9588805
2.456000   0.187970  0.0013248  0.9602053
2.476000   0.186970  0.0012643  0.9614696
2.496000   0.185980  0.0012077  0.9626773
2.516000   0.185010  0.0011547  0.9638320
2.536000   0.184070  0.0011053  0.9649373
2.556000   0.183160  0.0010592  0.9659965
2.576000   0.182270  0.0010159  0.9670124
2.596000   0.181400  0.0009751  0.9679875
2.616000   0.180570  0.0009370  0.9689246
2.636000   0.179770  0.0009012  0.9698258
2.656000   0.179000  0.0008674  0.9706932
2.676000   0.178270  0.0008357  0.9715290
2.696000   0.177560  0.0008059  0.9723348
2.716000   0.176890  0.0007776  0.9731125
2.736000   0.176250  0.0007511  0.9738636
2.756000   0.175640  0.0007257  0.9745893
2.776000   0.175060  0.0007021  0.9752914
2.796000   0.174500  0.0006794  0.9759708
2.816000   0.173980  0.0006580  0.9766288
2.836000   0.173490  0.0006376  0.9772664
2.856000   0.173030  0.0006185  0.9778848
2.876000   0.172590  0.0006001  0.9784850
2.896000   0.172180  0.0005826  0.9790676
2.916000   0.171790  0.0005661  0.9796337
2.936000   0.171430  0.0005503  0.9801840
2.956000   0.171100  0.0005353  0.9807192
2.976000   0.170780  0.0005208  0.9812401
2.996000   0.170490  0.0005072  0.9817473
3.016000   0.170210  0.0004941  0.9822414
3.036000   0.169960  0.0004815  0.9827229
3.056000   0.169730  0.0004696  0.9831924
3.076000   0.169510  0.0004580  0.9836505
3.096000   0.169310  0.0004469  0.9840974
3.116000   0.169130  0.0004364  0.9845338
3.136000   0.168970  0.0004263  0.9849601
3.156000   0.168820  0.0004164  0.9853765
3.176000   0.168680  0.0004072  0.9857836
3.196000   0.168550  0.0003981  0.9861817
3.216000   0.168440  0.0003894  0.9865712
3.236000   0.168340  0.0003812  0.9869524
3.256000   0.168260  0.0003732  0.9873255
3.276000   0.168180  0.0003653  0.9876909
3.296000   0.168120  0.0003579  0.9880488
3.316000   0.168060  0.0003507  0.9883995
3.336000   0.168010  0.0003437  0.9887433
3.356000   0.167970  0.0003369  0.9890802
3.376000   0.167940  0.0003305  0.9894107
3.396000   0.167920  0.0003242  0.9897349
3.416000   0.167910  0.0003180  0.9900529
3.436000   0.167900  0.0003122  0.9903651
3.456000   0.167900  0.0003064  0.9906715
3.476000   0.167900  0.0003009  0.9909724
3.496000   0.167910  0.0002955  0.9912679
3.516000   0.167920  0.0002904  0.9915583
3.536000   0.167940  0.0002852  0.9918436
3.556000   0.167960  0.0002805  0.9921241
3.576000   0.167990  0.0002758  0.9923998
3.596000   0.168020  0.0002710  0.9926708
3.616000   0.168060  0.0002665  0.9929373
3.636000   0.168100  0.0002622  0.9931995
3.656000   0.168140  0.0002580  0.9934575
3.676000   0.168180  0.0002539  0.9937115
3.696000   0.168230  0.0002498  0.9939613
3.716000   0.168280  0.0002459  0.9942072
3.736000   0.168330  0.0002420  0.9944492
3.756000   0.168390  0.0002383  0.9946875
3.776000   0.168440  0.0002348  0.9949222
3.796000   0.168500  0.0002313  0.9951535
3.816000   0.168560  0.0002278  0.9953813
3.836000   0.168620  0.0002245  0.9956058
3.856000   0.168680  0.0002212  0.9958269
3.876000   0.168750  0.0002179  0.9960448
3.896000   0.168810  0.0002148  0.9962596
3.916000   0.168880  0.0002119  0.9964715
3.936000   0.168940  0.0002088  0.9966804
3.956000   0.169010  0.0002059  0.9968863
3.976000   0.169080  0.0002031  0.9970894
3.996000   0.169150  0.0002004  0.9972898
4.016000   0.169220  0.0001977  0.9974875
4.036000   0.169290  0.0001950  0.9976825
4.056000   0.169360  0.0001924  0.9978749
4.076000   0.169430  0.0001899  0.9980647
4.096000   0.169500  0.0001874  0.9982521
4.116000   0.169570  0.0001849  0.9984371
4.136000   0.169640  0.0001825  0.9986196
4.156000   0.169710  0.0001802  0.9987998
4.176000   0.169780  0.0001779  0.9989777
4.196000   0.169850  0.0001757  0.9991534
4.216000   0.169920  0.0001736  0.9993270
4.236000   0.169990  0.0001713  0.9994983
4.256000   0.170070  0.0001693  0.9996676
4.276000   0.170140  0.0001672  0.9998348
4.296000   0.170210  0.0001652  1.0000000
