1.239700   0.000010  0.0000012  0.0000012
1.259700   0.000440  0.0000746  0.0000758
1.279700   0.003840  0.0009266  0.0010025
1.299700   0.008530  0.0031818  0.0041843
1.319700   0.013790  0.0088477  0.0130320
1.339700   0.019790  0.0258823  0.0389143
1.359700   0.026790  0.0935148  0.1324291
1.379700   0.034060  0.3107025  0.4431316
1.399700   0.041360  0.1871873  0.6303189
1.419700   0.048550  0.0798991  0.7102181
1.439700   0.055550  0.0441718  0.7543898
1.459700   0.062310  0.0288578  0.7832476
1.479700   0.068830  0.0208408  0.8040884
1.499700   0.075080  0.0160520  0.8201404
1.519700   0.081070  0.0129209  0.8330614
1.539700   0.086800  0.0107361  0.8437974
1.559700   0.092290  0.0091357  0.8529331
1.579700   0.097540  0.0079186  0.8608517
1.599700   0.102560  0.0069652  0.8678170
1.619700   0.107370  0.0062000  0.8740169
1.639700   0.111970  0.0055736  0.8795905
1.659700   0.116380  0.0050522  0.8846427
1.679700   0.120600  0.0046119  0.8892547
1.699700   0.124660  0.0042360  0.8934907
1.719700   0.128550  0.0039112  0.8974019
1.739700   0.132280  0.0036282  0.9010301
1.759700   0.135870  0.0033797  0.9044097
1.779700   0.139320  0.0031597  0.9075695
1.799700   0.142640  0.0029637  0.9105332
1.819700   0.145840  0.0027884  0.9133216
1.839700   0.148910  0.0026303  0.9159519
1.859700   0.151880  0.0024874  0.9184393
1.879700   0.154740  0.0023574  0.9207967
1.899700   0.157490  0.0022391  0.9230358
1.919700   0.160150  0.0021305  0.9251663
1.939700   0.162720  0.0020307  0.9271970
1.959700   0.165200  0.0019390  0.9291360
1.979700   0.167600  0.0018541  0.9309901
1.999700   0.169920  0.0017754  0.9327654
2.019700   0.172160  0.0017024  0.9344678
2.039700   0.174340  0.0016342  0.9361020
2.059700   0.176440  0.0015707  0.9376727
2.079700   0.178470  0.0015113  0.9391841
2.099700   0.180450  0.0014557  0.9406398
2.119700   0.182360  0.0014033  0.9420431
2.139700   0.184210  0.0013543  0.9433974
2.159700   0.186010  0.0013081  0.9447055
2.179700   0.187760  0.0012644  0.9459700
2.199700   0.189450  0.0012232  0.9471932
2.219700   0.191090  0.0011841  0.9483772
2.239700   0.192690  0.0011472  0.9495244
2.259700   0.194240  0.0011121  0.9506365
2.279700   0.195750  0.0010789  0.9517155
2.299700   0.197220  0.0010472  0.9527627
2.319700   0.198650  0.0010171  0.9537798
2.339700   0.200030  0.0009885  0.9547683
2.359700   0.201380  0.0009611  0.9557293
2.379700   0.202700  0.0009351  0.9566644
2.399700   0.203980  0.0009101  0.9575745
2.419700   0.205220  0.0008862  0.9584608
2.439700   0.206440  0.0008634  0.9593241
2.459700   0.207620  0.0008415  0.9601657
2.479700   0.208770  0.0008205  0.9609861
2.499700   0.209900  0.0008005  0.9617866
2.519700   0.210990  0.0007811  0.9625678
2.539700   0.212060  0.0007626  0.9633304
2.559700   0.213100  0.0007449  0.9640752
2.579700   0.214120  0.0007275  0.9648027
2.599700   0.215110  0.0007111  0.9655138
2.619700   0.216080  0.0006952  0.9662090
2.639700   0.217020  0.0006799  0.9668889
2.659700   0.217950  0.0006651  0.9675540
2.679700   0.218850  0.0006509  0.9682049
2.699700   0.219730  0.0006371  0.9688419
2.719700   0.220590  0.0006239  0.9694658
2.739700   0.221430  0.0006109  0.9700767
2.759700   0.222250  0.0005985  0.9706752
2.779700   0.223060  0.0005866  0.9712618
2.799700   0.223840  0.0005748  0.9718366
2.819700   0.224610  0.0005637  0.9724003
2.839700   0.225370  0.0005528  0.9729530
2.859700   0.226100  0.0005423  0.9734953
2.879700   0.226820  0.0005319  0.9740272
2.899700   0.227530  0.0005221  0.9745493
2.919700   0.228210  0.0005124  0.9750617
2.939700   0.228890  0.0005031  0.9755648
2.959700   0.229550  0.0004940  0.9760588
2.979700   0.230200  0.0004852  0.9765440
2.999700   0.230830  0.0004767  0.9770207
3.019700   0.231450  0.0004683  0.9774889
3.039700   0.232060  0.0004602  0.9779492
3.059700   0.232660  0.0004524  0.9784016
3.079700   0.233240  0.0004448  0.9788463
3.099700   0.233810  0.0004373  0.9792837
3.119700   0.234380  0.0004299  0.9797136
3.139700   0.234930  0.0004229  0.9801365
3.159700   0.235460  0.0004161  0.9805526
3.179700   0.235990  0.0004093  0.9809620
3.199700   0.236510  0.0004029  0.9813649
3.219700   0.237020  0.0003965  0.9817614
3.239700   0.237520  0.0003904  0.9821518
3.259700   0.238010  0.0003844  0.9825362
3.279700   0.238490  0.0003784  0.9829146
3.299700   0.238960  0.0003726  0.9832872
3.319700   0.239430  0.0003671  0.9836543
3.339700   0.239880  0.0003615  0.9840158
3.359700   0.240330  0.0003561  0.9843719
3.379700   0.240770  0.0003510  0.9847229
3.399700   0.241200  0.0003458  0.9850687
3.419700   0.241620  0.0003409  0.9854096
3.439700   0.242040  0.0003359  0.9857456
3.459700   0.242440  0.0003312  0.9860768
3.479700   0.242840  0.0003267  0.9864035
3.499700   0.243240  0.0003219  0.9867254
3.519700   0.243620  0.0003176  0.9870430
3.539700   0.244000  0.0003133  0.9873563
3.559700   0.244380  0.0003089  0.9876652
3.579700   0.244750  0.0003048  0.9879700
3.599700   0.245110  0.0003007  0.9882707
3.619700   0.245460  0.0002968  0.9885675
3.639700   0.245810  0.0002929  0.9888604
3.659700   0.246150  0.0002890  0.9891494
3.679700   0.246490  0.0002852  0.9894346
3.699700   0.246820  0.0002815  0.9897161
3.719700   0.247150  0.0002778  0.9899940
3.739700   0.247470  0.0002743  0.9902683
3.759700   0.247790  0.0002708  0.9905391
3.779700   0.248100  0.0002675  0.9908066
3.799700   0.248400  0.0002642  0.9910708
3.819700   0.248700  0.0002609  0.9913318
3.839700   0.249000  0.0002578  0.9915896
3.859700   0.249290  0.0002545  0.9918441
3.879700   0.249580  0.0002514  0.9920956
3.899700   0.249860  0.0002486  0.9923441
3.919700   0.250140  0.0002455  0.9925896
3.939700   0.250410  0.0002426  0.9928322
3.959700   0.250680  0.0002397  0.9930719
3.979700   0.250950  0.0002370  0.9933089
3.999700   0.251210  0.0002341  0.9935430
4.019700   0.251470  0.0002315  0.9937745
4.039700   0.251720  0.0002288  0.9940033
4.059700   0.251970  0.0002263  0.9942296
4.079700   0.252220  0.0002236  0.9944532
4.099700   0.252460  0.0002211  0.9946743
4.119700   0.252700  0.0002187  0.9948930
4.139700   0.252930  0.0002162  0.9951092
4.159700   0.253170  0.0002139  0.9953231
4.179700   0.253390  0.0002115  0.9955346
4.199700   0.253620  0.0002092  0.9957438
4.219700   0.253840  0.0002069  0.9959507
4.239700   0.254060  0.0002049  0.9961556
4.259700   0.254280  0.0002026  0.9963582
4.279700   0.254490  0.0002003  0.9965585
4.299700   0.254700  0.0001983  0.9967568
4.319700   0.254910  0.0001962  0.9969530
4.339700   0.255110  0.0001941  0.9971471
4.359700   0.255310  0.0001921  0.9973392
4.379700   0.255510  0.0001902  0.9975295
4.399700   0.255700  0.0001882  0.9977176
4.419700   0.255900  0.0001863  0.9979039
4.439700   0.256090  0.0001845  0.9980884
4.459700   0.256280  0.0001826  0.9982710
4.479700   0.256460  0.0001808  0.9984518
4.499700   0.256640  0.0001789  0.9986307
4.519700   0.256820  0.0001770  0.9988077
4.539700   0.257000  0.0001754  0.9989831
4.559700   0.257180  0.0001737  0.9991568
4.579700   0.257350  0.0001719  0.9993287
4.599700   0.257520  0.0001702  0.9994990
4.619700   0.257690  0.0001686  0.9996676
4.639700   0.257850  0.0001669  0.9998345
4.659700   0.258020  0.0001655  1.0000000
