0.632490   0.000010  0.0000004  0.0000004
0.652490   0.002510  0.0000988  0.0000993
0.672490   0.006450  0.0003135  0.0004128
0.692490   0.010920  0.0006635  0.0010762
0.712490   0.015540  0.0012035  0.0022797
0.732490   0.020140  0.0020333  0.0043131
0.752490   0.024620  0.0033343  0.0076474
0.772490   0.028900  0.0054552  0.0131026
0.792490   0.032980  0.0091200  0.0222226
0.812490   0.036830  0.0159958  0.0382184
0.832490   0.040460  0.0304583  0.0686767
0.852490   0.043870  0.0657018  0.1343785
0.872490   0.047070  0.1581236  0.2925021
0.892490   0.050070  0.2529932  0.5454954
0.912490   0.052890  0.1509850  0.6964804
0.932490   0.055530  0.0751850  0.7716654
0.952490   0.058010  0.0430249  0.8146903
0.972490   0.060340  0.0278521  0.8425425
0.992490   0.062530  0.0196553  0.8621978
1.012490   0.064590  0.0147385  0.8769363
1.032490   0.066530  0.0115501  0.8884864
1.052490   0.068360  0.0093566  0.8978430
1.072490   0.070090  0.0077765  0.9056195
1.092490   0.071720  0.0065963  0.9122158
1.112490   0.073250  0.0056883  0.9179041
1.132490   0.074710  0.0049725  0.9228766
1.152490   0.076090  0.0043962  0.9272728
1.172490   0.077390  0.0039247  0.9311974
1.192490   0.078630  0.0035326  0.9347300
1.212490   0.079810  0.0032025  0.9379325
1.232490   0.080930  0.0029215  0.9408540
1.252490   0.081990  0.0026800  0.9435340
1.272490   0.083000  0.0024705  0.9460045
1.292490   0.083960  0.0022871  0.9482916
1.312490   0.084880  0.0021256  0.9504173
1.332490   0.085750  0.0019826  0.9523998
1.352490   0.086590  0.0018551  0.9542550
1.372490   0.087390  0.0017409  0.9559959
1.392490   0.088150  0.0016380  0.9576338
1.412490   0.088880  0.0015451  0.9591789
1.432490   0.089580  0.0014605  0.9606395
1.452490   0.090250  0.0013836  0.9620231
1.472490   0.090890  0.0013132  0.9633363
1.492490   0.091500  0.0012485  0.9645848
1.512490   0.092090  0.0011890  0.9657738
1.532490   0.092660  0.0011341  0.9669079
1.552490   0.093200  0.0010834  0.9679913
1.572490   0.093720  0.0010361  0.9690274
1.592490   0.094230  0.0009923  0.9700198
1.612490   0.094710  0.0009516  0.9709714
1.632490   0.095170  0.0009135  0.9718849
1.652490   0.095620  0.0008779  0.9727628
1.672490   0.096050  0.0008444  0.9736072
1.692490   0.096470  0.0008131  0.9744202
1.712490   0.096870  0.0007836  0.9752038
1.732490   0.097260  0.0007560  0.9759598
1.752490   0.097630  0.0007298  0.9766895
1.772490   0.097990  0.0007050  0.9773945
1.792490   0.098340  0.0006817  0.9780762
1.812490   0.098680  0.0006594  0.9787356
1.832490   0.099000  0.0006385  0.9793741
1.852490   0.099320  0.0006186  0.9799927
1.872490   0.099620  0.0005996  0.9805923
1.892490   0.099910  0.0005816  0.9811739
1.912490   0.100200  0.0005644  0.9817383
1.932490   0.100480  0.0005482  0.9822866
1.952490   0.100740  0.0005327  0.9828193
1.972490   0.101000  0.0005178  0.9833370
1.992490   0.101250  0.0005034  0.9838404
2.012490   0.101500  0.0004899  0.9843304
2.032490   0.101730  0.0004768  0.9848072
2.052490   0.101960  0.0004645  0.9852717
2.072490   0.102190  0.0004525  0.9857242
2.092490   0.102400  0.0004410  0.9861652
2.112490   0.102610  0.0004300  0.9865952
2.132490   0.102820  0.0004195  0.9870147
2.152490   0.103020  0.0004093  0.9874240
2.172490   0.103210  0.0003997  0.9878236
2.192490   0.103400  0.0003903  0.9882139
2.212490   0.103580  0.0003810  0.9885949
2.232490   0.103750  0.0003725  0.9889674
2.252490   0.103930  0.0003641  0.9893315
2.272490   0.104100  0.0003559  0.9896873
2.292490   0.104260  0.0003481  0.9900354
2.312490   0.104420  0.0003405  0.9903760
2.332490   0.104570  0.0003332  0.9907091
2.352490   0.104720  0.0003262  0.9910353
2.372490   0.104870  0.0003195  0.9913548
2.392490   0.105020  0.0003129  0.9916677
2.412490   0.105160  0.0003064  0.9919740
2.432490   0.105290  0.0003002  0.9922743
2.452490   0.105420  0.0002943  0.9925685
2.472490   0.105550  0.0002885  0.9928571
2.492490   0.105680  0.0002828  0.9931399
2.512490   0.105800  0.0002775  0.9934174
2.532490   0.105930  0.0002722  0.9936896
2.552490   0.106040  0.0002671  0.9939566
2.572490   0.106160  0.0002621  0.9942188
2.592490   0.106270  0.0002572  0.9944760
2.612490   0.106380  0.0002525  0.9947286
2.632490   0.106490  0.0002480  0.9949766
2.652490   0.106590  0.0002435  0.9952201
2.672490   0.106690  0.0002392  0.9954593
2.692490   0.106800  0.0002351  0.9956945
2.712490   0.106890  0.0002310  0.9959255
2.732490   0.106990  0.0002270  0.9961525
2.752490   0.107080  0.0002233  0.9963757
2.772490   0.107170  0.0002194  0.9965951
2.792490   0.107260  0.0002157  0.9968108
2.812490   0.107350  0.0002122  0.9970230
2.832490   0.107440  0.0002087  0.9972318
2.852490   0.107520  0.0002055  0.9974372
2.872490   0.107600  0.0002020  0.9976392
2.892490   0.107680  0.0001989  0.9978381
2.912490   0.107760  0.0001956  0.9980338
2.932490   0.107840  0.0001926  0.9982263
2.952490   0.107920  0.0001897  0.9984161
2.972490   0.107990  0.0001868  0.9986029
2.992490   0.108060  0.0001840  0.9987869
3.012490   0.108130  0.0001811  0.9989680
3.032490   0.108200  0.0001785  0.9991464
3.052490   0.108270  0.0001758  0.9993222
3.072490   0.108340  0.0001731  0.9994953
3.092490   0.108400  0.0001707  0.9996660
3.112490   0.108470  0.0001682  0.9998342
3.132490   0.108530  0.0001658  1.0000000
