0.704740   0.000010  0.0000157  0.0000157
0.724740   0.000010  0.0000236  0.0000393
0.744740   0.000010  0.0000315  0.0000708
0.764740   0.000020  0.0000472  0.0001180
0.784740   0.000020  0.0000708  0.0001889
0.804740   0.000030  0.0001180  0.0003069
0.824740   0.000030  0.0001889  0.0004958
0.844740   0.000040  0.0003384  0.0008342
0.864740   0.000050  0.0006689  0.0015031
0.884740   0.000070  0.0015031  0.0030062
0.904740   0.000090  0.0039033  0.0069095
0.924740   0.000130  0.0136301  0.0205395
0.944740   0.000160  0.1149270  0.1354665
0.964740   0.000210  0.5867540  0.7222205
0.984740   0.000270  0.0484607  0.7706812
1.004740   0.000340  0.0203349  0.7910161
1.024740   0.000420  0.0126228  0.8036389
1.044740   0.000520  0.0093490  0.8129879
1.064740   0.000630  0.0076492  0.8206371
1.084740   0.000760  0.0066655  0.8273026
1.104740   0.000910  0.0060517  0.8333543
1.124740   0.001080  0.0056582  0.8390125
1.144740   0.001280  0.0054143  0.8444268
1.164740   0.001500  0.0052569  0.8496836
1.184740   0.001740  0.0051703  0.8548539
1.204740   0.002020  0.0051388  0.8599928
1.224740   0.002330  0.0051309  0.8651237
1.244740   0.002660  0.0051546  0.8702783
1.264740   0.003020  0.0051860  0.8754643
1.284740   0.003410  0.0052175  0.8806818
1.304740   0.003810  0.0052490  0.8859308
1.324740   0.004220  0.0052647  0.8911955
1.344740   0.004630  0.0052647  0.8964603
1.364740   0.005040  0.0052411  0.9017014
1.384740   0.005430  0.0051939  0.9068953
1.404740   0.005790  0.0051152  0.9120105
1.424740   0.006120  0.0050129  0.9170234
1.444740   0.006420  0.0048870  0.9219104
1.464740   0.006670  0.0047375  0.9266479
1.484740   0.006890  0.0045722  0.9312201
1.504740   0.007060  0.0043912  0.9356113
1.524740   0.007180  0.0042023  0.9398136
1.544740   0.007270  0.0040135  0.9438271
1.564740   0.007310  0.0038089  0.9476360
1.584740   0.007320  0.0036121  0.9512481
1.604740   0.007300  0.0034154  0.9546635
1.624740   0.007250  0.0032186  0.9578821
1.644740   0.007160  0.0030219  0.9609041
1.664740   0.007060  0.0028409  0.9637450
1.684740   0.006930  0.0026599  0.9664049
1.704740   0.006790  0.0024868  0.9688917
1.724740   0.006630  0.0023215  0.9712132
1.744740   0.006450  0.0021641  0.9733773
1.764740   0.006270  0.0020146  0.9753919
1.784740   0.006080  0.0018808  0.9772727
1.804740   0.005880  0.0017470  0.9790198
1.824740   0.005680  0.0016211  0.9806409
1.844740   0.005470  0.0015031  0.9821440
1.864740   0.005270  0.0013929  0.9835369
1.884740   0.005060  0.0012906  0.9848275
1.904740   0.004860  0.0011962  0.9860237
1.924740   0.004650  0.0011096  0.9871333
1.944740   0.004450  0.0010230  0.9881563
1.964740   0.004260  0.0009443  0.9891007
1.984740   0.004070  0.0008735  0.9899742
2.004740   0.003880  0.0008106  0.9907848
2.024740   0.003700  0.0007476  0.9915324
2.044740   0.003530  0.0006925  0.9922249
2.064740   0.003360  0.0006374  0.9928623
2.084740   0.003200  0.0005902  0.9934525
2.104740   0.003040  0.0005430  0.9939955
2.124740   0.002890  0.0005037  0.9944992
2.144740   0.002750  0.0004643  0.9949635
2.164740   0.002610  0.0004328  0.9953963
2.184740   0.002470  0.0003935  0.9957898
2.204740   0.002350  0.0003699  0.9961597
2.224740   0.002230  0.0003384  0.9964980
2.244740   0.002110  0.0003148  0.9968128
2.264740   0.002000  0.0002912  0.9971040
2.284740   0.001900  0.0002676  0.9973716
2.304740   0.001800  0.0002440  0.9976155
2.324740   0.001710  0.0002282  0.9978437
2.344740   0.001620  0.0002125  0.9980562
2.364740   0.001530  0.0001967  0.9982530
2.384740   0.001450  0.0001810  0.9984340
2.404740   0.001370  0.0001653  0.9985992
2.424740   0.001300  0.0001574  0.9987566
2.444740   0.001230  0.0001417  0.9988983
2.464740   0.001170  0.0001338  0.9990320
2.484740   0.001110  0.0001259  0.9991580
2.504740   0.001050  0.0001180  0.9992760
2.524740   0.000990  0.0001023  0.9993783
2.544740   0.000940  0.0001023  0.9994806
2.564740   0.000890  0.0000944  0.9995750
2.584740   0.000850  0.0000866  0.9996616
2.604740   0.000800  0.0000787  0.9997403
2.624740   0.000760  0.0000708  0.9998111
2.644740   0.000720  0.0000708  0.9998820
2.664740   0.000680  0.0000630  0.9999449
2.684740   0.000650  0.0000551  1.0000000
