0.616520   0.000010  0.0000001  0.0000001
0.636520   0.000010  0.0000001  0.0000003
0.656520   0.000020  0.0000001  0.0000004
0.676520   0.000030  0.0000003  0.0000007
0.696520   0.000040  0.0000004  0.0000012
0.716520   0.000050  0.0000007  0.0000019
0.736520   0.000060  0.0000012  0.0000031
0.756520   0.000070  0.0000018  0.0000049
0.776520   0.000090  0.0000027  0.0000076
0.796520   0.000120  0.0000040  0.0000117
0.816520   0.000150  0.0000063  0.0000180
0.836520   0.000180  0.0000099  0.0000279
0.856520   0.000220  0.0000157  0.0000436
0.876520   0.000270  0.0000256  0.0000692
0.896520   0.000330  0.0000433  0.0001126
0.916520   0.000400  0.0000763  0.0001888
0.936520   0.000470  0.0001428  0.0003317
0.956520   0.000540  0.0002939  0.0006256
0.976520   0.000610  0.0007291  0.0013547
0.996520   0.001310  0.0057139  0.0070686
1.016520   0.003910  0.8807097  0.8877783
1.036520   0.006660  0.0479451  0.9357235
1.056520   0.009240  0.0150917  0.9508151
1.076520   0.011600  0.0082495  0.9590646
1.096520   0.013730  0.0054878  0.9645524
1.116520   0.015670  0.0040311  0.9685835
1.136520   0.017430  0.0031428  0.9717264
1.156520   0.019030  0.0025495  0.9742759
1.176520   0.020500  0.0021281  0.9764039
1.196520   0.021850  0.0018147  0.9782186
1.216520   0.023100  0.0015735  0.9797921
1.236520   0.024250  0.0013830  0.9811751
1.256520   0.025320  0.0012291  0.9824043
1.276520   0.026320  0.0011026  0.9835069
1.296520   0.027250  0.0009968  0.9845037
1.316520   0.028130  0.0009075  0.9854112
1.336520   0.028950  0.0008310  0.9862422
1.356520   0.029720  0.0007650  0.9870072
1.376520   0.030450  0.0007073  0.9877144
1.396520   0.031140  0.0006567  0.9883712
1.416520   0.031790  0.0006121  0.9889833
1.436520   0.032410  0.0005724  0.9895556
1.456520   0.033000  0.0005367  0.9900923
1.476520   0.033550  0.0005048  0.9905971
1.496520   0.034080  0.0004758  0.9910729
1.516520   0.034590  0.0004498  0.9915227
1.536520   0.035070  0.0004259  0.9919486
1.556520   0.035530  0.0004041  0.9923527
1.576520   0.035960  0.0003841  0.9927368
1.596520   0.036380  0.0003657  0.9931025
1.616520   0.036780  0.0003488  0.9934513
1.636520   0.037160  0.0003332  0.9937844
1.656520   0.037530  0.0003186  0.9941031
1.676520   0.037880  0.0003051  0.9944082
1.696520   0.038220  0.0002926  0.9947008
1.716520   0.038540  0.0002807  0.9949815
1.736520   0.038850  0.0002698  0.9952513
1.756520   0.039150  0.0002596  0.9955108
1.776520   0.039440  0.0002498  0.9957607
1.796520   0.039720  0.0002408  0.9960015
1.816520   0.039980  0.0002323  0.9962338
1.836520   0.040240  0.0002242  0.9964580
1.856520   0.040490  0.0002166  0.9966746
1.876520   0.040720  0.0002094  0.9968840
1.896520   0.040950  0.0002026  0.9970866
1.916520   0.041180  0.0001962  0.9972828
1.936520   0.041390  0.0001900  0.9974728
1.956520   0.041600  0.0001842  0.9976570
1.976520   0.041800  0.0001788  0.9978358
1.996520   0.041990  0.0001734  0.9980092
2.016520   0.042180  0.0001685  0.9981777
2.036520   0.042360  0.0001637  0.9983414
2.056520   0.042530  0.0001592  0.9985005
2.076520   0.042700  0.0001547  0.9986552
2.096520   0.042870  0.0001506  0.9988058
2.116520   0.043030  0.0001466  0.9989524
2.136520   0.043180  0.0001428  0.9990952
2.156520   0.043330  0.0001391  0.9992343
2.176520   0.043480  0.0001356  0.9993699
2.196520   0.043620  0.0001322  0.9995021
2.216520   0.043750  0.0001290  0.9996312
2.236520   0.043890  0.0001259  0.9997571
2.256520   0.044020  0.0001229  0.9998800
2.276520   0.044140  0.0001200  1.0000000
