0.454390   0.000030  0.0000000  0.0000000
0.474390   0.000040  0.0000000  0.0000000
0.494390   0.000060  0.0000000  0.0000000
0.514390   0.000070  0.0000000  0.0000000
0.534390   0.000080  0.0000000  0.0000000
0.554390   0.000090  0.0000000  0.0000000
0.574390   0.000110  0.0000002  0.0000002
0.594390   0.000120  0.0000002  0.0000004
0.614390   0.000140  0.0000002  0.0000006
0.634390   0.000150  0.0000002  0.0000008
0.654390   0.000170  0.0000002  0.0000010
0.674390   0.000190  0.0000004  0.0000014
0.694390   0.000200  0.0000004  0.0000018
0.714390   0.000220  0.0000004  0.0000023
0.734390   0.000230  0.0000004  0.0000027
0.754390   0.000250  0.0000006  0.0000033
0.774390   0.000260  0.0000006  0.0000039
0.794390   0.000280  0.0000008  0.0000047
0.814390   0.000300  0.0000008  0.0000055
0.834390   0.000310  0.0000010  0.0000066
0.854390   0.000320  0.0000012  0.0000078
0.874390   0.000340  0.0000014  0.0000092
0.894390   0.000350  0.0000016  0.0000109
0.914390   0.000360  0.0000018  0.0000127
0.934390   0.000380  0.0000021  0.0000148
0.954390   0.000390  0.0000023  0.0000170
0.974390   0.000400  0.0000027  0.0000197
0.994390   0.000420  0.0000031  0.0000228
1.014390   0.000740  0.0000060  0.0000287
1.034390   0.001630  0.0000144  0.0000431
1.054390   0.003110  0.0000302  0.0000733
1.074390   0.005120  0.0000554  0.0001287
1.094390   0.007560  0.0000915  0.0002202
1.114390   0.010360  0.0001408  0.0003610
1.134390   0.013470  0.0002065  0.0005675
1.154390   0.016820  0.0002923  0.0008597
1.174390   0.020340  0.0004027  0.0012624
1.194390   0.023950  0.0005433  0.0018057
1.214390   0.027600  0.0007222  0.0025279
1.234390   0.031240  0.0009502  0.0034781
1.254390   0.034830  0.0012423  0.0047204
1.274390   0.038350  0.0016203  0.0063408
1.294390   0.041770  0.0021154  0.0084562
1.314390   0.045090  0.0027752  0.0112314
1.334390   0.048290  0.0036727  0.0149041
1.354390   0.051370  0.0049253  0.0198294
1.374390   0.054330  0.0067283  0.0265577
1.394390   0.057170  0.0094259  0.0359836
1.414390   0.059900  0.0136583  0.0496419
1.434390   0.062510  0.0206998  0.0703417
1.454390   0.065010  0.0332599  0.1036015
1.474390   0.067400  0.0572703  0.1608718
1.494390   0.069690  0.1032889  0.2641608
1.514390   0.071880  0.1645692  0.4287300
1.534390   0.073970  0.1634576  0.5921876
1.554390   0.075980  0.1066823  0.6988699
1.574390   0.077900  0.0645685  0.7634384
1.594390   0.079740  0.0413868  0.8048253
1.614390   0.081510  0.0284501  0.8332754
1.634390   0.083200  0.0207306  0.8540060
1.654390   0.084820  0.0158104  0.8698164
1.674390   0.086380  0.0124954  0.8823118
1.694390   0.087880  0.0101578  0.8924696
1.714390   0.089310  0.0084469  0.9009166
1.734390   0.090690  0.0071558  0.9080724
1.754390   0.092020  0.0061559  0.9142282
1.774390   0.093290  0.0053647  0.9195929
1.794390   0.094520  0.0047270  0.9243199
1.814390   0.095700  0.0042047  0.9285246
1.834390   0.096840  0.0037710  0.9322956
1.854390   0.097940  0.0034065  0.9357022
1.874390   0.099000  0.0030966  0.9387988
1.894390   0.100020  0.0028308  0.9416296
1.914390   0.101000  0.0026010  0.9442306
1.934390   0.101950  0.0024005  0.9466310
1.954390   0.102870  0.0022246  0.9488556
1.974390   0.103750  0.0020690  0.9509246
1.994390   0.104610  0.0019309  0.9528555
2.014390   0.105440  0.0018075  0.9546630
2.034390   0.106240  0.0016967  0.9563597
2.054390   0.107010  0.0015969  0.9579566
2.074390   0.107760  0.0015064  0.9594631
2.094390   0.108490  0.0014243  0.9608874
2.114390   0.109190  0.0013494  0.9622368
2.134390   0.109870  0.0012809  0.9635177
2.154390   0.110530  0.0012179  0.9647356
2.174390   0.111170  0.0011600  0.9658956
2.194390   0.111790  0.0011066  0.9670022
2.214390   0.112400  0.0010572  0.9680594
2.234390   0.112980  0.0010114  0.9690708
2.254390   0.113550  0.0009687  0.9700395
2.274390   0.114100  0.0009291  0.9709686
2.294390   0.114640  0.0008920  0.9718606
2.314390   0.115160  0.0008573  0.9727179
2.334390   0.115660  0.0008248  0.9735427
2.354390   0.116150  0.0007945  0.9743372
2.374390   0.116630  0.0007659  0.9751031
2.394390   0.117100  0.0007389  0.9758420
2.414390   0.117550  0.0007136  0.9765556
2.434390   0.117990  0.0006896  0.9772452
2.454390   0.118420  0.0006670  0.9779122
2.474390   0.118840  0.0006455  0.9785577
2.494390   0.119250  0.0006252  0.9791828
2.514390   0.119640  0.0006059  0.9797887
2.534390   0.120030  0.0005876  0.9803763
2.554390   0.120410  0.0005701  0.9809464
2.574390   0.120780  0.0005535  0.9814999
2.594390   0.121130  0.0005379  0.9820379
2.614390   0.121480  0.0005227  0.9825606
2.634390   0.121830  0.0005084  0.9830690
2.654390   0.122160  0.0004946  0.9835636
2.674390   0.122480  0.0004817  0.9840453
2.694390   0.122800  0.0004690  0.9845143
2.714390   0.123110  0.0004571  0.9849713
2.734390   0.123410  0.0004456  0.9854169
2.754390   0.123710  0.0004345  0.9858514
2.774390   0.124000  0.0004238  0.9862752
2.794390   0.124280  0.0004138  0.9866890
2.814390   0.124550  0.0004039  0.9870929
2.834390   0.124820  0.0003945  0.9874873
2.854390   0.125090  0.0003854  0.9878728
2.874390   0.125350  0.0003766  0.9882494
2.894390   0.125600  0.0003684  0.9886178
2.914390   0.125840  0.0003602  0.9889780
2.934390   0.126090  0.0003524  0.9893304
2.954390   0.126320  0.0003448  0.9896751
2.974390   0.126550  0.0003376  0.9900128
2.994390   0.126780  0.0003306  0.9903434
3.014390   0.127000  0.0003239  0.9906673
3.034390   0.127220  0.0003173  0.9909846
3.054390   0.127430  0.0003109  0.9912955
3.074390   0.127640  0.0003048  0.9916003
3.094390   0.127840  0.0002988  0.9918991
3.114390   0.128040  0.0002931  0.9921922
3.134390   0.128240  0.0002875  0.9924797
3.154390   0.128430  0.0002820  0.9927617
3.174390   0.128620  0.0002769  0.9930386
3.194390   0.128800  0.0002717  0.9933103
3.214390   0.128980  0.0002668  0.9935771
3.234390   0.129160  0.0002619  0.9938390
3.254390   0.129330  0.0002574  0.9940964
3.274390   0.129500  0.0002529  0.9943492
3.294390   0.129670  0.0002483  0.9945976
3.314390   0.129830  0.0002440  0.9948416
3.334390   0.129990  0.0002399  0.9950815
3.354390   0.130150  0.0002358  0.9953173
3.374390   0.130310  0.0002319  0.9955492
3.394390   0.130460  0.0002282  0.9957775
3.414390   0.130610  0.0002245  0.9960020
3.434390   0.130760  0.0002208  0.9962228
3.454390   0.130900  0.0002173  0.9964402
3.474390   0.131040  0.0002139  0.9966540
3.494390   0.131180  0.0002104  0.9968644
3.514390   0.131320  0.0002073  0.9970717
3.534390   0.131450  0.0002040  0.9972757
3.554390   0.131580  0.0002009  0.9974766
3.574390   0.131710  0.0001978  0.9976745
3.594390   0.131840  0.0001950  0.9978694
3.614390   0.131960  0.0001919  0.9980613
3.634390   0.132090  0.0001892  0.9982506
3.654390   0.132210  0.0001864  0.9984369
3.674390   0.132330  0.0001837  0.9986206
3.694390   0.132440  0.0001810  0.9988016
3.714390   0.132560  0.0001786  0.9989802
3.734390   0.132670  0.0001759  0.9991561
3.754390   0.132780  0.0001734  0.9993295
3.774390   0.132890  0.0001712  0.9995007
3.794390   0.133000  0.0001687  0.9996694
3.814390   0.133100  0.0001664  0.9998358
3.834390   0.133210  0.0001642  1.0000000
