1.328660   0.000010  0.0000002  0.0000002
1.348660   0.000450  0.0000057  0.0000060
1.368660   0.001120  0.0000160  0.0000220
1.388660   0.001900  0.0000302  0.0000521
1.408660   0.002720  0.0000482  0.0001003
1.428660   0.003550  0.0000710  0.0001713
1.448660   0.007450  0.0001683  0.0003396
1.468660   0.013110  0.0003369  0.0006765
1.488660   0.018540  0.0005456  0.0012221
1.508660   0.023580  0.0008005  0.0020226
1.528660   0.028410  0.0011212  0.0031438
1.548660   0.033240  0.0015396  0.0046834
1.568660   0.038060  0.0020920  0.0067754
1.588660   0.042810  0.0028278  0.0096032
1.608660   0.047450  0.0038230  0.0134262
1.628660   0.052010  0.0052015  0.0186277
1.648660   0.056550  0.0071695  0.0257972
1.668660   0.061180  0.0100864  0.0358836
1.688660   0.066090  0.0146044  0.0504881
1.708660   0.071580  0.0219554  0.0724434
1.728660   0.078090  0.0344703  0.1069137
1.748660   0.086400  0.0559697  0.1628833
1.768660   0.097970  0.0881444  0.2510277
1.788660   0.115840  0.1133269  0.3643546
1.808660   0.147430  0.1012435  0.4655981
1.828660   0.210810  0.0686994  0.5342975
1.848660   0.323300  0.0437357  0.5780332
1.868660   0.464780  0.0302582  0.6082914
1.888660   0.605990  0.0231443  0.6314356
1.908660   0.733000  0.0190596  0.6504952
1.928660   0.841480  0.0165105  0.6670057
1.948660   0.930980  0.0148156  0.6818213
1.968660   1.002470  0.0136363  0.6954576
1.988660   1.057450  0.0127882  0.7082458
2.008660   1.097550  0.0121640  0.7204098
2.028660   1.124410  0.0116958  0.7321056
2.048660   1.139610  0.0113381  0.7434437
2.068660   1.144630  0.0110594  0.7545031
2.088660   1.140890  0.0108354  0.7653385
2.108660   1.129680  0.0106472  0.7759857
2.128660   1.112200  0.0104798  0.7864655
2.148660   1.089530  0.0103199  0.7967854
2.168660   1.062680  0.0101566  0.8069420
2.188660   1.032520  0.0099805  0.8169225
2.208660   0.999850  0.0097842  0.8267067
2.228660   0.965360  0.0095617  0.8362684
2.248660   0.929660  0.0093091  0.8455775
2.268660   0.893280  0.0090249  0.8546024
2.288660   0.856650  0.0087093  0.8633118
2.308660   0.820150  0.0083644  0.8716762
2.328660   0.784100  0.0079942  0.8796704
2.348660   0.748750  0.0076037  0.8872742
2.368660   0.714300  0.0071989  0.8944730
2.388660   0.680910  0.0067860  0.9012591
2.408660   0.648690  0.0063715  0.9076306
2.428660   0.617740  0.0059607  0.9135914
2.448660   0.588120  0.0055592  0.9191505
2.468660   0.559850  0.0051707  0.9243213
2.488660   0.532950  0.0047989  0.9291202
2.508660   0.507420  0.0044462  0.9335664
2.528660   0.483230  0.0041138  0.9376801
2.548660   0.460380  0.0038027  0.9414828
2.568660   0.438800  0.0035130  0.9449958
2.588660   0.418480  0.0032448  0.9482405
2.608660   0.399350  0.0029971  0.9512376
2.628660   0.381380  0.0027693  0.9540070
2.648660   0.364500  0.0025600  0.9565670
2.668660   0.348670  0.0023684  0.9589354
2.688660   0.333830  0.0021931  0.9611285
2.708660   0.319940  0.0020329  0.9631614
2.728660   0.306930  0.0018866  0.9650479
2.748660   0.294760  0.0017532  0.9668011
2.768660   0.283380  0.0016313  0.9684324
2.788660   0.272740  0.0015201  0.9699525
2.808660   0.262790  0.0014185  0.9713711
2.828660   0.253500  0.0013260  0.9726970
2.848660   0.244830  0.0012412  0.9739383
2.868660   0.236720  0.0011637  0.9751019
2.888660   0.229150  0.0010929  0.9761948
2.908660   0.222090  0.0010278  0.9772226
2.928660   0.215490  0.0009683  0.9781910
2.948660   0.209330  0.0009137  0.9791047
2.968660   0.203580  0.0008635  0.9799682
2.988660   0.198210  0.0008173  0.9807854
3.008660   0.193190  0.0007748  0.9815603
3.028660   0.188510  0.0007356  0.9822959
3.048660   0.184140  0.0006995  0.9829954
3.068660   0.180060  0.0006661  0.9836615
3.088660   0.176240  0.0006351  0.9842966
3.108660   0.172680  0.0006064  0.9849029
3.128660   0.169350  0.0005797  0.9854826
3.148660   0.166240  0.0005551  0.9860376
3.168660   0.163340  0.0005321  0.9865697
3.188660   0.160620  0.0005107  0.9870805
3.208660   0.158080  0.0004906  0.9875711
3.228660   0.155710  0.0004720  0.9880430
3.248660   0.153490  0.0004545  0.9884975
3.268660   0.151420  0.0004383  0.9889358
3.288660   0.149480  0.0004229  0.9893587
3.308660   0.147670  0.0004085  0.9897673
3.328660   0.145970  0.0003950  0.9901623
3.348660   0.144390  0.0003823  0.9905446
3.368660   0.142900  0.0003704  0.9909149
3.388660   0.141510  0.0003591  0.9912740
3.408660   0.140220  0.0003484  0.9916225
3.428660   0.139000  0.0003382  0.9919606
3.448660   0.137860  0.0003287  0.9922894
3.468660   0.136800  0.0003197  0.9926090
3.488660   0.135800  0.0003111  0.9929201
3.508660   0.134870  0.0003029  0.9932230
3.528660   0.134000  0.0002951  0.9935181
3.548660   0.133180  0.0002877  0.9938057
3.568660   0.132420  0.0002807  0.9940865
3.588660   0.131700  0.0002739  0.9943604
3.608660   0.131040  0.0002676  0.9946280
3.628660   0.130410  0.0002614  0.9948894
3.648660   0.129830  0.0002557  0.9951451
3.668660   0.129280  0.0002499  0.9953950
3.688660   0.128770  0.0002446  0.9956396
3.708660   0.128300  0.0002395  0.9958790
3.728660   0.127850  0.0002345  0.9961136
3.748660   0.127440  0.0002298  0.9963434
3.768660   0.127050  0.0002253  0.9965687
3.788660   0.126690  0.0002208  0.9967895
3.808660   0.126350  0.0002167  0.9970062
3.828660   0.126030  0.0002126  0.9972188
3.848660   0.125740  0.0002087  0.9974275
3.868660   0.125460  0.0002048  0.9976322
3.888660   0.125210  0.0002011  0.9978333
3.908660   0.124970  0.0001976  0.9980309
3.928660   0.124750  0.0001941  0.9982251
3.948660   0.124540  0.0001908  0.9984159
3.968660   0.124350  0.0001875  0.9986034
3.988660   0.124170  0.0001845  0.9987879
4.008660   0.124000  0.0001816  0.9989695
4.028660   0.123850  0.0001785  0.9991480
4.048660   0.123710  0.0001759  0.9993239
4.068660   0.123580  0.0001730  0.9994969
4.088660   0.123460  0.0001703  0.9996672
4.108660   0.123340  0.0001676  0.9998348
4.128660   0.123240  0.0001652  1.0000000
