0.686000   0.000110  0.0000020  0.0000020
0.706000   0.018930  0.0004458  0.0004479
0.726000   0.026580  0.0007479  0.0011958
0.746000   0.032300  0.0010967  0.0022925
0.766000   0.036980  0.0015335  0.0038260
0.786000   0.040980  0.0021048  0.0059308
0.806000   0.044470  0.0028791  0.0088099
0.826000   0.047580  0.0039656  0.0127755
0.846000   0.050370  0.0055503  0.0183258
0.866000   0.052900  0.0079703  0.0262961
0.886000   0.055200  0.0118800  0.0381761
0.906000   0.057320  0.0186590  0.0568351
0.926000   0.059260  0.0314757  0.0883108
0.946000   0.061060  0.0579531  0.1462639
0.966000   0.062730  0.1118661  0.2581299
0.986000   0.064280  0.1678145  0.4259444
1.006000   0.109710  0.0906235  0.5165679
1.026000   0.130050  0.0637609  0.5803288
1.046000   0.145030  0.0473444  0.6276732
1.066000   0.157220  0.0365904  0.6642636
1.086000   0.167590  0.0292061  0.6934697
1.106000   0.176650  0.0239297  0.7173994
1.126000   0.184700  0.0200300  0.7374294
1.146000   0.191940  0.0170637  0.7544931
1.166000   0.198510  0.0147516  0.7692446
1.186000   0.204520  0.0129116  0.7821562
1.206000   0.210040  0.0114209  0.7935771
1.226000   0.215140  0.0101942  0.8037713
1.246000   0.219870  0.0091712  0.8129425
1.266000   0.224270  0.0083078  0.8212503
1.286000   0.228390  0.0075714  0.8288217
1.306000   0.232230  0.0069374  0.8357591
1.326000   0.235850  0.0063870  0.8421462
1.346000   0.239240  0.0059058  0.8480520
1.366000   0.242440  0.0054819  0.8535339
1.386000   0.245470  0.0051065  0.8586404
1.406000   0.248320  0.0047719  0.8634123
1.426000   0.251030  0.0044724  0.8678847
1.446000   0.253600  0.0042028  0.8720875
1.466000   0.256030  0.0039593  0.8760468
1.486000   0.258350  0.0037384  0.8797852
1.506000   0.260550  0.0035372  0.8833223
1.526000   0.262650  0.0033534  0.8866757
1.546000   0.264660  0.0031847  0.8898604
1.566000   0.266570  0.0030300  0.8928904
1.586000   0.268400  0.0028871  0.8957775
1.606000   0.270150  0.0027551  0.8985326
1.626000   0.271820  0.0026327  0.9011653
1.646000   0.273420  0.0025193  0.9036846
1.666000   0.274960  0.0024135  0.9060980
1.686000   0.276430  0.0023148  0.9084128
1.706000   0.277850  0.0022227  0.9106355
1.726000   0.279210  0.0021365  0.9127720
1.746000   0.280520  0.0020557  0.9148277
1.766000   0.281770  0.0019797  0.9168074
1.786000   0.282980  0.0019083  0.9187157
1.806000   0.284150  0.0018410  0.9205567
1.826000   0.285270  0.0017775  0.9223342
1.846000   0.286350  0.0017173  0.9240515
1.866000   0.287400  0.0016606  0.9257121
1.886000   0.288400  0.0016068  0.9273189
1.906000   0.289380  0.0015558  0.9288747
1.926000   0.290320  0.0015075  0.9303822
1.946000   0.291220  0.0014615  0.9318437
1.966000   0.292100  0.0014179  0.9332616
1.986000   0.292950  0.0013761  0.9346377
2.006000   0.293770  0.0013364  0.9359741
2.026000   0.294570  0.0012985  0.9372726
2.046000   0.295340  0.0012623  0.9385349
2.066000   0.296080  0.0012277  0.9397626
2.086000   0.296800  0.0011948  0.9409574
2.106000   0.297500  0.0011630  0.9421204
2.126000   0.298180  0.0011327  0.9432531
2.146000   0.298840  0.0011037  0.9443568
2.166000   0.299480  0.0010758  0.9454326
2.186000   0.300100  0.0010490  0.9464816
2.206000   0.300710  0.0010234  0.9475051
2.226000   0.301290  0.0009987  0.9485037
2.246000   0.301860  0.0009749  0.9494787
2.266000   0.302410  0.0009520  0.9504307
2.286000   0.302950  0.0009301  0.9513608
2.306000   0.303470  0.0009088  0.9522696
2.326000   0.303980  0.0008883  0.9531579
2.346000   0.304480  0.0008687  0.9540266
2.366000   0.304960  0.0008497  0.9548762
2.386000   0.305430  0.0008312  0.9557075
2.406000   0.305880  0.0008134  0.9565209
2.426000   0.306330  0.0007962  0.9573171
2.446000   0.306760  0.0007797  0.9580968
2.466000   0.307180  0.0007637  0.9588605
2.486000   0.307590  0.0007481  0.9596086
2.506000   0.308000  0.0007332  0.9603418
2.526000   0.308390  0.0007187  0.9610604
2.546000   0.308770  0.0007045  0.9617650
2.566000   0.309140  0.0006908  0.9624558
2.586000   0.309500  0.0006775  0.9631333
2.606000   0.309860  0.0006648  0.9637981
2.626000   0.310200  0.0006523  0.9644505
2.646000   0.310540  0.0006403  0.9650907
2.666000   0.310870  0.0006284  0.9657191
2.686000   0.311190  0.0006169  0.9663360
2.706000   0.311510  0.0006059  0.9669419
2.726000   0.311820  0.0005952  0.9675371
2.746000   0.312120  0.0005846  0.9681217
2.766000   0.312410  0.0005746  0.9686963
2.786000   0.312700  0.0005645  0.9692608
2.806000   0.312980  0.0005549  0.9698157
2.826000   0.313260  0.0005455  0.9703612
2.846000   0.313520  0.0005365  0.9708977
2.866000   0.313790  0.0005275  0.9714252
2.886000   0.314050  0.0005189  0.9719440
2.906000   0.314300  0.0005103  0.9724543
2.926000   0.314540  0.0005021  0.9729564
2.946000   0.314790  0.0004941  0.9734505
2.966000   0.315020  0.0004863  0.9739369
2.986000   0.315250  0.0004786  0.9744154
3.006000   0.315480  0.0004712  0.9748866
3.026000   0.315700  0.0004638  0.9753504
3.046000   0.315920  0.0004569  0.9758073
3.066000   0.316130  0.0004499  0.9762572
3.086000   0.316340  0.0004431  0.9767003
3.106000   0.316550  0.0004366  0.9771369
3.126000   0.316750  0.0004300  0.9775670
3.146000   0.316940  0.0004237  0.9779907
3.166000   0.317140  0.0004176  0.9784082
3.186000   0.317330  0.0004116  0.9788199
3.206000   0.317510  0.0004057  0.9792255
3.226000   0.317690  0.0004000  0.9796255
3.246000   0.317870  0.0003942  0.9800197
3.266000   0.318050  0.0003887  0.9804084
3.286000   0.318220  0.0003834  0.9807918
3.306000   0.318390  0.0003781  0.9811699
3.326000   0.318550  0.0003729  0.9815428
3.346000   0.318720  0.0003678  0.9819106
3.366000   0.318880  0.0003629  0.9822735
3.386000   0.319030  0.0003580  0.9826315
3.406000   0.319190  0.0003533  0.9829848
3.426000   0.319340  0.0003488  0.9833336
3.446000   0.319490  0.0003441  0.9836777
3.466000   0.319630  0.0003398  0.9840175
3.486000   0.319780  0.0003353  0.9843527
3.506000   0.319920  0.0003310  0.9846837
3.526000   0.320060  0.0003269  0.9850106
3.546000   0.320190  0.0003228  0.9853334
3.566000   0.320330  0.0003187  0.9856521
3.586000   0.320460  0.0003146  0.9859667
3.606000   0.320590  0.0003107  0.9862774
3.626000   0.320710  0.0003070  0.9865844
3.646000   0.320840  0.0003033  0.9868878
3.666000   0.320960  0.0002997  0.9871874
3.686000   0.321080  0.0002960  0.9874834
3.706000   0.321200  0.0002925  0.9877759
3.726000   0.321320  0.0002890  0.9880649
3.746000   0.321430  0.0002855  0.9883505
3.766000   0.321550  0.0002823  0.9886327
3.786000   0.321660  0.0002790  0.9889117
3.806000   0.321770  0.0002757  0.9891874
3.826000   0.321870  0.0002724  0.9894599
3.846000   0.321980  0.0002694  0.9897292
3.866000   0.322080  0.0002663  0.9899955
3.886000   0.322190  0.0002634  0.9902590
3.906000   0.322290  0.0002604  0.9905193
3.926000   0.322390  0.0002575  0.9907768
3.946000   0.322480  0.0002546  0.9910315
3.966000   0.322580  0.0002518  0.9912832
3.986000   0.322680  0.0002491  0.9915323
4.006000   0.322770  0.0002464  0.9917788
4.026000   0.322860  0.0002438  0.9920225
4.046000   0.322950  0.0002411  0.9922637
4.066000   0.323040  0.0002385  0.9925021
4.086000   0.323130  0.0002360  0.9927381
4.106000   0.323220  0.0002335  0.9929717
4.126000   0.323300  0.0002311  0.9932028
4.146000   0.323390  0.0002286  0.9934314
4.166000   0.323470  0.0002262  0.9936576
4.186000   0.323550  0.0002239  0.9938815
4.206000   0.323630  0.0002215  0.9941030
4.226000   0.323710  0.0002192  0.9943222
4.246000   0.323790  0.0002172  0.9945394
4.266000   0.323870  0.0002149  0.9947543
4.286000   0.323940  0.0002127  0.9949670
4.306000   0.324020  0.0002106  0.9951776
4.326000   0.324090  0.0002086  0.9953862
4.346000   0.324160  0.0002063  0.9955925
4.366000   0.324240  0.0002045  0.9957970
4.386000   0.324310  0.0002024  0.9959994
4.406000   0.324380  0.0002004  0.9961998
4.426000   0.324450  0.0001985  0.9963983
4.446000   0.324510  0.0001965  0.9965948
4.466000   0.324580  0.0001947  0.9967895
4.486000   0.324650  0.0001928  0.9969823
4.506000   0.324710  0.0001910  0.9971733
4.526000   0.324780  0.0001891  0.9973624
4.546000   0.324840  0.0001875  0.9975499
4.566000   0.324900  0.0001857  0.9977356
4.586000   0.324970  0.0001838  0.9979194
4.606000   0.325030  0.0001822  0.9981015
4.626000   0.325090  0.0001805  0.9982821
4.646000   0.325150  0.0001789  0.9984610
4.666000   0.325210  0.0001773  0.9986382
4.686000   0.325260  0.0001756  0.9988138
4.706000   0.325320  0.0001740  0.9989878
4.726000   0.325380  0.0001726  0.9991604
4.746000   0.325430  0.0001709  0.9993313
4.766000   0.325490  0.0001695  0.9995008
4.786000   0.325540  0.0001678  0.9996686
4.806000   0.325600  0.0001664  0.9998350
4.826000   0.325650  0.0001650  1.0000000
