0.276000   0.000900  0.0000029  0.0000029
0.296000   0.153990  0.0005865  0.0005894
0.316000   0.207530  0.0009347  0.0015241
0.336000   0.243050  0.0012879  0.0028120
0.356000   0.269170  0.0016709  0.0044829
0.376000   0.289410  0.0020976  0.0065805
0.396000   0.305600  0.0025794  0.0091598
0.416000   0.318860  0.0031272  0.0122871
0.436000   0.329910  0.0037536  0.0160406
0.456000   0.339240  0.0044726  0.0205133
0.476000   0.347210  0.0052995  0.0258127
0.496000   0.354090  0.0062518  0.0320645
0.516000   0.360080  0.0073490  0.0394135
0.536000   0.365320  0.0086119  0.0480255
0.556000   0.369950  0.0100618  0.0580872
0.576000   0.374060  0.0117180  0.0698052
0.596000   0.377720  0.0135957  0.0834010
0.616000   0.381000  0.0157000  0.0991010
0.636000   0.383950  0.0180195  0.1171204
0.656000   0.386610  0.0205177  0.1376381
0.676000   0.389030  0.0231247  0.1607628
0.696000   0.391230  0.0257316  0.1864944
0.716000   0.393230  0.0281914  0.2146858
0.736000   0.395070  0.0303336  0.2450194
0.756000   0.396750  0.0319905  0.2770099
0.776000   0.398300  0.0330315  0.3100414
0.796000   0.399730  0.0333929  0.3434343
0.816000   0.401050  0.0330898  0.3765241
0.836000   0.402270  0.0322074  0.4087314
0.856000   0.403410  0.0308750  0.4396064
0.876000   0.404460  0.0292368  0.4688432
0.896000   0.405440  0.0274262  0.4962694
0.916000   0.406360  0.0255533  0.5218227
0.936000   0.407220  0.0236990  0.5455217
0.956000   0.408020  0.0219178  0.5674395
0.976000   0.408770  0.0202421  0.5876816
0.996000   0.409480  0.0186884  0.6063699
1.016000   0.410140  0.0172621  0.6236320
1.036000   0.410760  0.0159614  0.6395934
1.056000   0.411350  0.0147796  0.6543730
1.076000   0.411910  0.0137090  0.6680820
1.096000   0.412430  0.0127395  0.6808215
1.116000   0.412930  0.0118621  0.6926836
1.136000   0.413400  0.0110673  0.7037509
1.156000   0.413840  0.0103466  0.7140975
1.176000   0.414260  0.0096920  0.7237895
1.196000   0.414660  0.0090965  0.7328860
1.216000   0.415040  0.0085538  0.7414398
1.236000   0.415400  0.0080582  0.7494980
1.256000   0.415750  0.0076047  0.7571027
1.276000   0.416080  0.0071890  0.7642917
1.296000   0.416390  0.0068068  0.7710984
1.316000   0.416690  0.0064550  0.7775535
1.336000   0.416970  0.0061305  0.7836840
1.356000   0.417240  0.0058306  0.7895146
1.376000   0.417500  0.0055529  0.7950674
1.396000   0.417750  0.0052951  0.8003625
1.416000   0.417990  0.0050555  0.8054180
1.436000   0.418220  0.0048326  0.8102506
1.456000   0.418440  0.0046245  0.8148751
1.476000   0.418650  0.0044303  0.8193053
1.496000   0.418850  0.0042486  0.8235539
1.516000   0.419040  0.0040783  0.8276322
1.536000   0.419230  0.0039184  0.8315507
1.556000   0.419410  0.0037683  0.8353189
1.576000   0.419580  0.0036271  0.8389460
1.596000   0.419740  0.0034939  0.8424399
1.616000   0.419900  0.0033685  0.8458084
1.636000   0.420060  0.0032500  0.8490583
1.656000   0.420200  0.0031377  0.8521961
1.676000   0.420350  0.0030316  0.8552277
1.696000   0.420480  0.0029311  0.8581588
1.716000   0.420620  0.0028357  0.8609945
1.736000   0.420740  0.0027453  0.8637398
1.756000   0.420870  0.0026591  0.8663988
1.776000   0.420990  0.0025773  0.8689761
1.796000   0.421100  0.0024992  0.8714753
1.816000   0.421210  0.0024250  0.8739003
1.836000   0.421320  0.0023541  0.8762544
1.856000   0.421430  0.0022865  0.8785410
1.876000   0.421530  0.0022217  0.8807627
1.896000   0.421630  0.0021601  0.8829228
1.916000   0.421720  0.0021009  0.8850237
1.936000   0.421810  0.0020443  0.8870680
1.956000   0.421900  0.0019902  0.8890581
1.976000   0.421990  0.0019381  0.8909963
1.996000   0.422070  0.0018882  0.8928845
2.016000   0.422150  0.0018402  0.8947247
2.036000   0.422230  0.0017943  0.8965189
2.056000   0.422310  0.0017500  0.8982689
2.076000   0.422380  0.0017074  0.8999763
2.096000   0.422450  0.0016665  0.9016428
2.116000   0.422520  0.0016271  0.9032699
2.136000   0.422590  0.0015893  0.9048592
2.156000   0.422660  0.0015526  0.9064118
2.176000   0.422720  0.0015174  0.9079292
2.196000   0.422790  0.0014834  0.9094126
2.216000   0.422850  0.0014505  0.9108631
2.236000   0.422910  0.0014188  0.9122818
2.256000   0.422960  0.0013882  0.9136700
2.276000   0.423020  0.0013584  0.9150284
2.296000   0.423080  0.0013299  0.9163582
2.316000   0.423130  0.0013022  0.9176604
2.336000   0.423180  0.0012753  0.9189357
2.356000   0.423230  0.0012493  0.9201850
2.376000   0.423280  0.0012241  0.9214092
2.396000   0.423330  0.0011998  0.9226090
2.416000   0.423380  0.0011763  0.9237853
2.436000   0.423420  0.0011532  0.9249385
2.456000   0.423470  0.0011312  0.9260697
2.476000   0.423510  0.0011096  0.9271793
2.496000   0.423550  0.0010886  0.9282680
2.516000   0.423590  0.0010683  0.9293362
2.536000   0.423630  0.0010486  0.9303848
2.556000   0.423670  0.0010295  0.9314143
2.576000   0.423710  0.0010108  0.9324251
2.596000   0.423750  0.0009928  0.9334179
2.616000   0.423790  0.0009752  0.9343930
2.636000   0.423820  0.0009582  0.9353512
2.656000   0.423860  0.0009414  0.9362926
2.676000   0.423890  0.0009252  0.9372178
2.696000   0.423930  0.0009095  0.9381273
2.716000   0.423960  0.0008942  0.9390215
2.736000   0.423990  0.0008791  0.9399006
2.756000   0.424020  0.0008646  0.9407652
2.776000   0.424050  0.0008503  0.9416156
2.796000   0.424080  0.0008365  0.9424521
2.816000   0.424110  0.0008231  0.9432751
2.836000   0.424140  0.0008099  0.9440850
2.856000   0.424170  0.0007971  0.9448821
2.876000   0.424200  0.0007845  0.9456666
2.896000   0.424230  0.0007723  0.9464389
2.916000   0.424250  0.0007604  0.9471992
2.936000   0.424280  0.0007486  0.9479479
2.956000   0.424300  0.0007373  0.9486852
2.976000   0.424330  0.0007262  0.9494113
2.996000   0.424350  0.0007153  0.9501266
3.016000   0.424380  0.0007048  0.9508314
3.036000   0.424400  0.0006943  0.9515257
3.056000   0.424420  0.0006842  0.9522099
3.076000   0.424450  0.0006744  0.9528843
3.096000   0.424470  0.0006647  0.9535490
3.116000   0.424490  0.0006551  0.9542040
3.136000   0.424510  0.0006458  0.9548499
3.156000   0.424530  0.0006368  0.9554867
3.176000   0.424550  0.0006280  0.9561147
3.196000   0.424570  0.0006192  0.9567339
3.216000   0.424590  0.0006108  0.9573447
3.236000   0.424610  0.0006024  0.9579471
3.256000   0.424630  0.0005942  0.9585414
3.276000   0.424650  0.0005863  0.9591276
3.296000   0.424670  0.0005785  0.9597061
3.316000   0.424690  0.0005710  0.9602771
3.336000   0.424700  0.0005634  0.9608405
3.356000   0.424720  0.0005561  0.9613966
3.376000   0.424740  0.0005489  0.9619455
3.396000   0.424760  0.0005418  0.9624873
3.416000   0.424770  0.0005349  0.9630222
3.436000   0.424790  0.0005282  0.9635503
3.456000   0.424800  0.0005215  0.9640718
3.476000   0.424820  0.0005150  0.9645867
3.496000   0.424840  0.0005084  0.9650952
3.516000   0.424850  0.0005022  0.9655973
3.536000   0.424870  0.0004961  0.9660934
3.556000   0.424880  0.0004900  0.9665834
3.576000   0.424890  0.0004841  0.9670675
3.596000   0.424910  0.0004782  0.9675458
3.616000   0.424920  0.0004726  0.9680183
3.636000   0.424940  0.0004669  0.9684853
3.656000   0.424950  0.0004615  0.9689467
3.676000   0.424960  0.0004560  0.9694027
3.696000   0.424980  0.0004508  0.9698535
3.716000   0.424990  0.0004455  0.9702990
3.736000   0.425000  0.0004403  0.9707393
3.756000   0.425010  0.0004352  0.9711745
3.776000   0.425030  0.0004304  0.9716050
3.796000   0.425040  0.0004256  0.9720305
3.816000   0.425050  0.0004208  0.9724513
3.836000   0.425060  0.0004159  0.9728673
3.856000   0.425070  0.0004113  0.9732786
3.876000   0.425080  0.0004069  0.9736855
3.896000   0.425090  0.0004023  0.9740878
3.916000   0.425110  0.0003981  0.9744859
3.936000   0.425120  0.0003937  0.9748797
3.956000   0.425130  0.0003895  0.9752692
3.976000   0.425140  0.0003853  0.9756545
3.996000   0.425150  0.0003811  0.9760356
4.016000   0.425160  0.0003771  0.9764128
4.036000   0.425170  0.0003732  0.9767859
4.056000   0.425180  0.0003692  0.9771551
4.076000   0.425190  0.0003654  0.9775205
4.096000   0.425200  0.0003616  0.9778821
4.116000   0.425210  0.0003578  0.9782399
4.136000   0.425220  0.0003543  0.9785942
4.156000   0.425220  0.0003505  0.9789447
4.176000   0.425230  0.0003469  0.9792917
4.196000   0.425240  0.0003436  0.9796352
4.216000   0.425250  0.0003400  0.9799753
4.236000   0.425260  0.0003367  0.9803119
4.256000   0.425270  0.0003333  0.9806452
4.276000   0.425280  0.0003299  0.9809752
4.296000   0.425280  0.0003268  0.9813020
4.316000   0.425290  0.0003237  0.9816256
4.336000   0.425300  0.0003205  0.9819461
4.356000   0.425310  0.0003174  0.9822635
4.376000   0.425320  0.0003142  0.9825777
4.396000   0.425320  0.0003113  0.9828890
4.416000   0.425330  0.0003083  0.9831973
4.436000   0.425340  0.0003054  0.9835027
4.456000   0.425350  0.0003025  0.9838052
4.476000   0.425350  0.0002997  0.9841049
4.496000   0.425360  0.0002968  0.9844017
4.516000   0.425370  0.0002941  0.9846958
4.536000   0.425380  0.0002914  0.9849872
4.556000   0.425380  0.0002886  0.9852758
4.576000   0.425390  0.0002861  0.9855619
4.596000   0.425400  0.0002834  0.9858453
4.616000   0.425400  0.0002809  0.9861261
4.636000   0.425410  0.0002783  0.9864045
4.656000   0.425420  0.0002758  0.9866803
4.676000   0.425420  0.0002733  0.9869536
4.696000   0.425430  0.0002708  0.9872244
4.716000   0.425430  0.0002685  0.9874929
4.736000   0.425440  0.0002662  0.9877591
4.756000   0.425450  0.0002637  0.9880227
4.776000   0.425450  0.0002614  0.9882841
4.796000   0.425460  0.0002593  0.9885434
4.816000   0.425470  0.0002570  0.9888003
4.836000   0.425470  0.0002546  0.9890549
4.856000   0.425480  0.0002525  0.9893075
4.876000   0.425480  0.0002504  0.9895579
4.896000   0.425490  0.0002481  0.9898061
4.916000   0.425490  0.0002460  0.9900521
4.936000   0.425500  0.0002439  0.9902961
4.956000   0.425500  0.0002421  0.9905381
4.976000   0.425510  0.0002400  0.9907781
4.996000   0.425510  0.0002381  0.9910162
5.016000   0.425520  0.0002360  0.9912521
5.036000   0.425520  0.0002341  0.9914862
5.056000   0.425530  0.0002322  0.9917184
5.076000   0.425530  0.0002303  0.9919487
5.096000   0.425540  0.0002284  0.9921772
5.116000   0.425540  0.0002265  0.9924037
5.136000   0.425550  0.0002246  0.9926283
5.156000   0.425550  0.0002228  0.9928511
5.176000   0.425560  0.0002211  0.9930722
5.196000   0.425560  0.0002192  0.9932914
5.216000   0.425570  0.0002175  0.9935089
5.236000   0.425570  0.0002158  0.9937247
5.256000   0.425580  0.0002142  0.9939389
5.276000   0.425580  0.0002125  0.9941514
5.296000   0.425590  0.0002108  0.9943622
5.316000   0.425590  0.0002091  0.9945713
5.336000   0.425590  0.0002074  0.9947788
5.356000   0.425600  0.0002060  0.9949847
5.376000   0.425600  0.0002043  0.9951890
5.396000   0.425610  0.0002028  0.9953919
5.416000   0.425610  0.0002012  0.9955930
5.436000   0.425620  0.0001997  0.9957927
5.456000   0.425620  0.0001982  0.9959909
5.476000   0.425620  0.0001968  0.9961877
5.496000   0.425630  0.0001951  0.9963828
5.516000   0.425630  0.0001938  0.9965766
5.536000   0.425640  0.0001923  0.9967689
5.556000   0.425640  0.0001909  0.9969598
5.576000   0.425640  0.0001894  0.9971492
5.596000   0.425650  0.0001879  0.9973372
5.616000   0.425650  0.0001867  0.9975238
5.636000   0.425650  0.0001852  0.9977090
5.656000   0.425660  0.0001840  0.9978930
5.676000   0.425660  0.0001825  0.9980755
5.696000   0.425660  0.0001812  0.9982567
5.716000   0.425670  0.0001800  0.9984367
5.736000   0.425670  0.0001787  0.9986154
5.756000   0.425680  0.0001775  0.9987929
5.776000   0.425680  0.0001762  0.9989691
5.796000   0.425680  0.0001749  0.9991440
5.816000   0.425690  0.0001737  0.9993177
5.836000   0.425690  0.0001724  0.9994901
5.856000   0.425690  0.0001712  0.9996612
5.876000   0.425700  0.0001699  0.9998311
5.896000   0.425700  0.0001689  1.0000000
