1.067460   0.000010  0.0000000  0.0000000
1.087460   0.000040  0.0000004  0.0000004
1.107460   0.001310  0.0000112  0.0000116
1.127460   0.005150  0.0000482  0.0000598
1.147460   0.010140  0.0001045  0.0001643
1.167460   0.015760  0.0001791  0.0003435
1.187460   0.021730  0.0002738  0.0006173
1.207460   0.027910  0.0003907  0.0010080
1.227460   0.034240  0.0005340  0.0015420
1.247460   0.040690  0.0007102  0.0022522
1.267460   0.047310  0.0009273  0.0031795
1.287460   0.054200  0.0011983  0.0043778
1.307460   0.061510  0.0015416  0.0059194
1.327460   0.069490  0.0019839  0.0079033
1.347460   0.078340  0.0025622  0.0104655
1.367460   0.088110  0.0033212  0.0137867
1.387460   0.098750  0.0043166  0.0181033
1.407460   0.111130  0.0056668  0.0237701
1.427460   0.130930  0.0077861  0.0315561
1.447460   0.152260  0.0105620  0.0421182
1.467460   0.169780  0.0138077  0.0559259
1.487460   0.184570  0.0176765  0.0736024
1.507460   0.197210  0.0223087  0.0959112
1.527460   0.207960  0.0278186  0.1237298
1.547460   0.216990  0.0342562  0.1579860
1.567460   0.224400  0.0415339  0.1995199
1.587460   0.230280  0.0493169  0.2488369
1.607460   0.234700  0.0569159  0.3057528
1.627460   0.237750  0.0632816  0.3690344
1.647460   0.239500  0.0672369  0.4362712
1.667460   0.240030  0.0679476  0.5042189
1.687460   0.239420  0.0653496  0.5695685
1.707460   0.237760  0.0601714  0.6297399
1.727460   0.235140  0.0535312  0.6832711
1.747460   0.231660  0.0464721  0.7297432
1.767460   0.227410  0.0397121  0.7694553
1.787460   0.222480  0.0336304  0.8030857
1.807460   0.216970  0.0283593  0.8314449
1.827460   0.210960  0.0238892  0.8553341
1.847460   0.204540  0.0201429  0.8754770
1.867460   0.197790  0.0170214  0.8924984
1.887460   0.190800  0.0144250  0.9069234
1.907460   0.183630  0.0122637  0.9191872
1.927460   0.176340  0.0104611  0.9296483
1.947460   0.169000  0.0089534  0.9386017
1.967460   0.161660  0.0076878  0.9462894
1.987460   0.154370  0.0066217  0.9529112
2.007460   0.147170  0.0057208  0.9586320
2.027460   0.140090  0.0049565  0.9635885
2.047460   0.133160  0.0043057  0.9678942
2.067460   0.126420  0.0037501  0.9716444
2.087460   0.119870  0.0032739  0.9749183
2.107460   0.113540  0.0028648  0.9777831
2.127460   0.107440  0.0025124  0.9802955
2.147460   0.101580  0.0022077  0.9825032
2.167460   0.095950  0.0019439  0.9844471
2.187460   0.090580  0.0017147  0.9861618
2.207460   0.085440  0.0015154  0.9876772
2.227460   0.080550  0.0013414  0.9890187
2.247460   0.075900  0.0011893  0.9902080
2.267460   0.071490  0.0010562  0.9912642
2.287460   0.067300  0.0009395  0.9922037
2.307460   0.063340  0.0008369  0.9930406
2.327460   0.059590  0.0007466  0.9937872
2.347460   0.056060  0.0006669  0.9944541
2.367460   0.052720  0.0005965  0.9950506
2.387460   0.049570  0.0005342  0.9955848
2.407460   0.046600  0.0004790  0.9960637
2.427460   0.043810  0.0004301  0.9964939
2.447460   0.041180  0.0003865  0.9968804
2.467460   0.038710  0.0003479  0.9972282
2.487460   0.036390  0.0003134  0.9975417
2.507460   0.034210  0.0002828  0.9978245
2.527460   0.032160  0.0002552  0.9980797
2.547460   0.030240  0.0002308  0.9983105
2.567460   0.028440  0.0002088  0.9985192
2.587460   0.026740  0.0001891  0.9987084
2.607460   0.025150  0.0001715  0.9988799
2.627460   0.023660  0.0001557  0.9990357
2.647460   0.022260  0.0001413  0.9991770
2.667460   0.020950  0.0001285  0.9993055
2.687460   0.019720  0.0001171  0.9994226
2.707460   0.018570  0.0001067  0.9995292
2.727460   0.017490  0.0000973  0.9996265
2.747460   0.016470  0.0000887  0.9997152
2.767460   0.015520  0.0000811  0.9997962
2.787460   0.014620  0.0000741  0.9998703
2.807460   0.013780  0.0000677  0.9999380
2.827460   0.013000  0.0000620  1.0000000
