0.276000   0.000090  0.0000000  0.0000000
0.296000   0.015800  0.0000187  0.0000187
0.316000   0.021300  0.0000295  0.0000481
0.336000   0.024940  0.0000403  0.0000884
0.356000   0.027620  0.0000517  0.0001401
0.376000   0.029700  0.0000642  0.0002044
0.396000   0.031360  0.0000780  0.0002824
0.416000   0.032720  0.0000937  0.0003761
0.436000   0.033860  0.0001111  0.0004872
0.456000   0.034810  0.0001306  0.0006178
0.476000   0.035630  0.0001531  0.0007709
0.496000   0.036340  0.0001785  0.0009494
0.516000   0.036950  0.0002078  0.0011572
0.536000   0.037490  0.0002415  0.0013987
0.556000   0.037970  0.0002805  0.0016792
0.576000   0.038390  0.0003259  0.0020051
0.596000   0.038760  0.0003793  0.0023844
0.616000   0.039100  0.0004423  0.0028267
0.636000   0.039400  0.0005171  0.0033438
0.656000   0.039670  0.0006070  0.0039508
0.676000   0.039920  0.0007160  0.0046668
0.696000   0.040150  0.0008498  0.0055166
0.716000   0.040350  0.0010158  0.0065324
0.736000   0.040540  0.0012249  0.0077572
0.756000   0.040720  0.0014928  0.0092501
0.776000   0.040870  0.0018431  0.0110932
0.796000   0.041020  0.0023113  0.0134044
0.816000   0.041160  0.0029549  0.0163594
0.836000   0.041280  0.0038713  0.0202307
0.856000   0.041400  0.0052316  0.0254623
0.876000   0.041510  0.0073654  0.0328278
0.896000   0.041610  0.0109615  0.0437893
0.916000   0.041700  0.0176485  0.0614378
0.936000   0.041790  0.0319360  0.0933738
0.956000   0.041870  0.0689211  0.1622949
0.976000   0.041950  0.1768275  0.3391224
0.996000   0.077860  0.1351315  0.4742540
1.016000   0.108150  0.0812724  0.5555264
1.036000   0.127390  0.0564105  0.6119370
1.056000   0.142240  0.0418728  0.6538098
1.076000   0.154490  0.0325384  0.6863482
1.096000   0.164960  0.0261593  0.7125074
1.116000   0.174120  0.0215906  0.7340980
1.136000   0.182260  0.0181955  0.7522935
1.156000   0.189560  0.0155963  0.7678899
1.176000   0.196180  0.0135567  0.7814466
1.196000   0.202220  0.0119231  0.7933696
1.216000   0.207760  0.0105911  0.8039607
1.236000   0.212870  0.0094890  0.8134498
1.256000   0.217600  0.0085650  0.8220148
1.276000   0.221990  0.0077816  0.8297965
1.296000   0.226090  0.0071104  0.8369068
1.316000   0.229920  0.0065303  0.8434371
1.336000   0.233500  0.0060248  0.8494619
1.356000   0.236870  0.0055815  0.8550434
1.376000   0.240040  0.0051897  0.8602330
1.396000   0.243030  0.0048417  0.8650748
1.416000   0.245850  0.0045309  0.8696057
1.436000   0.248520  0.0042519  0.8738576
1.456000   0.251050  0.0040002  0.8778578
1.476000   0.253450  0.0037725  0.8816303
1.496000   0.255730  0.0035656  0.8851959
1.516000   0.257890  0.0033767  0.8885725
1.536000   0.259950  0.0032039  0.8917764
1.556000   0.261920  0.0030453  0.8948217
1.576000   0.263790  0.0028992  0.8977208
1.596000   0.265580  0.0027643  0.9004852
1.616000   0.267290  0.0026397  0.9031249
1.636000   0.268930  0.0025239  0.9056488
1.656000   0.270490  0.0024164  0.9080652
1.676000   0.272000  0.0023161  0.9103813
1.696000   0.273430  0.0022226  0.9126039
1.716000   0.274810  0.0021351  0.9147390
1.736000   0.276140  0.0020532  0.9167922
1.756000   0.277410  0.0019763  0.9187685
1.776000   0.278640  0.0019040  0.9206724
1.796000   0.279810  0.0018359  0.9225083
1.816000   0.280950  0.0017717  0.9242800
1.836000   0.282040  0.0017110  0.9259910
1.856000   0.283090  0.0016538  0.9276448
1.876000   0.284100  0.0015995  0.9292443
1.896000   0.285080  0.0015482  0.9307924
1.916000   0.286030  0.0014994  0.9322919
1.936000   0.286940  0.0014532  0.9337451
1.956000   0.287820  0.0014091  0.9351542
1.976000   0.288670  0.0013673  0.9365215
1.996000   0.289490  0.0013275  0.9378490
2.016000   0.290290  0.0012893  0.9391383
2.036000   0.291060  0.0012530  0.9403913
2.056000   0.291800  0.0012185  0.9416098
2.076000   0.292520  0.0011852  0.9427950
2.096000   0.293220  0.0011536  0.9439486
2.116000   0.293900  0.0011231  0.9450717
2.136000   0.294560  0.0010940  0.9461657
2.156000   0.295200  0.0010663  0.9472320
2.176000   0.295810  0.0010393  0.9482713
2.196000   0.296410  0.0010137  0.9492850
2.216000   0.297000  0.0009889  0.9502739
2.236000   0.297560  0.0009651  0.9512390
2.256000   0.298110  0.0009424  0.9521814
2.276000   0.298650  0.0009204  0.9531018
2.296000   0.299170  0.0008992  0.9540010
2.316000   0.299670  0.0008788  0.9548798
2.336000   0.300160  0.0008591  0.9557389
2.356000   0.300640  0.0008400  0.9565790
2.376000   0.301100  0.0008218  0.9574008
2.396000   0.301560  0.0008042  0.9582050
2.416000   0.302000  0.0007870  0.9589920
2.436000   0.302420  0.0007705  0.9597625
2.456000   0.302840  0.0007546  0.9605171
2.476000   0.303250  0.0007391  0.9612562
2.496000   0.303650  0.0007241  0.9619802
2.516000   0.304030  0.0007096  0.9626899
2.536000   0.304410  0.0006956  0.9633855
2.556000   0.304780  0.0006821  0.9640676
2.576000   0.305140  0.0006689  0.9647365
2.596000   0.305490  0.0006560  0.9653925
2.616000   0.305830  0.0006437  0.9660362
2.636000   0.306160  0.0006316  0.9666678
2.656000   0.306490  0.0006200  0.9672878
2.676000   0.306800  0.0006087  0.9678965
2.696000   0.307120  0.0005977  0.9684942
2.716000   0.307420  0.0005869  0.9690811
2.736000   0.307710  0.0005765  0.9696575
2.756000   0.308000  0.0005663  0.9702239
2.776000   0.308290  0.0005566  0.9707804
2.796000   0.308560  0.0005470  0.9713274
2.816000   0.308830  0.0005377  0.9718651
2.836000   0.309100  0.0005286  0.9723937
2.856000   0.309360  0.0005197  0.9729134
2.876000   0.309610  0.0005112  0.9734245
2.896000   0.309860  0.0005027  0.9739272
2.916000   0.310100  0.0004946  0.9744219
2.936000   0.310340  0.0004866  0.9749085
2.956000   0.310570  0.0004790  0.9753874
2.976000   0.310800  0.0004713  0.9758588
2.996000   0.311020  0.0004639  0.9763227
3.016000   0.311240  0.0004567  0.9767794
3.036000   0.311450  0.0004497  0.9772291
3.056000   0.311660  0.0004429  0.9776720
3.076000   0.311870  0.0004361  0.9781081
3.096000   0.312070  0.0004296  0.9785377
3.116000   0.312260  0.0004232  0.9789609
3.136000   0.312460  0.0004170  0.9793779
3.156000   0.312650  0.0004109  0.9797888
3.176000   0.312830  0.0004050  0.9801938
3.196000   0.313010  0.0003990  0.9805928
3.216000   0.313190  0.0003935  0.9809863
3.236000   0.313370  0.0003878  0.9813741
3.256000   0.313540  0.0003825  0.9817566
3.276000   0.313710  0.0003770  0.9821336
3.296000   0.313870  0.0003719  0.9825054
3.316000   0.314040  0.0003668  0.9828722
3.336000   0.314190  0.0003617  0.9832339
3.356000   0.314350  0.0003568  0.9835908
3.376000   0.314500  0.0003522  0.9839429
3.396000   0.314660  0.0003473  0.9842902
3.416000   0.314800  0.0003428  0.9846331
3.436000   0.314950  0.0003384  0.9849715
3.456000   0.315090  0.0003339  0.9853054
3.476000   0.315230  0.0003295  0.9856349
3.496000   0.315370  0.0003252  0.9859601
3.516000   0.315500  0.0003212  0.9862813
3.536000   0.315640  0.0003172  0.9865985
3.556000   0.315770  0.0003132  0.9869117
3.576000   0.315900  0.0003091  0.9872208
3.596000   0.316020  0.0003053  0.9875261
3.616000   0.316150  0.0003017  0.9878278
3.636000   0.316270  0.0002979  0.9881257
3.656000   0.316390  0.0002943  0.9884200
3.676000   0.316510  0.0002907  0.9887107
3.696000   0.316620  0.0002873  0.9889980
3.716000   0.316740  0.0002839  0.9892819
3.736000   0.316850  0.0002805  0.9895624
3.756000   0.316960  0.0002771  0.9898395
3.776000   0.317070  0.0002739  0.9901134
3.796000   0.317170  0.0002708  0.9903842
3.816000   0.317280  0.0002676  0.9906517
3.836000   0.317380  0.0002646  0.9909163
3.856000   0.317490  0.0002616  0.9911780
3.876000   0.317590  0.0002587  0.9914366
3.896000   0.317680  0.0002557  0.9916923
3.916000   0.317780  0.0002527  0.9919451
3.936000   0.317880  0.0002500  0.9921950
3.956000   0.317970  0.0002472  0.9924423
3.976000   0.318060  0.0002445  0.9926867
3.996000   0.318150  0.0002419  0.9929286
4.016000   0.318240  0.0002392  0.9931678
4.036000   0.318330  0.0002366  0.9934044
4.056000   0.318420  0.0002341  0.9936385
4.076000   0.318510  0.0002315  0.9938700
4.096000   0.318590  0.0002292  0.9940992
4.116000   0.318670  0.0002267  0.9943259
4.136000   0.318760  0.0002243  0.9945502
4.156000   0.318840  0.0002220  0.9947722
4.176000   0.318920  0.0002197  0.9949918
4.196000   0.318990  0.0002173  0.9952092
4.216000   0.319070  0.0002152  0.9954244
4.236000   0.319150  0.0002129  0.9956372
4.256000   0.319220  0.0002107  0.9958480
4.276000   0.319300  0.0002086  0.9960566
4.296000   0.319370  0.0002065  0.9962631
4.316000   0.319440  0.0002046  0.9964677
4.336000   0.319510  0.0002025  0.9966702
4.356000   0.319580  0.0002006  0.9968708
4.376000   0.319650  0.0001985  0.9970692
4.396000   0.319720  0.0001965  0.9972658
4.416000   0.319790  0.0001946  0.9974604
4.436000   0.319850  0.0001927  0.9976531
4.456000   0.319920  0.0001908  0.9978439
4.476000   0.319980  0.0001891  0.9980331
4.496000   0.320050  0.0001872  0.9982203
4.516000   0.320110  0.0001855  0.9984058
4.536000   0.320170  0.0001838  0.9985896
4.556000   0.320230  0.0001821  0.9987718
4.576000   0.320290  0.0001804  0.9989522
4.596000   0.320350  0.0001787  0.9991309
4.616000   0.320410  0.0001770  0.9993080
4.636000   0.320470  0.0001753  0.9994833
4.656000   0.320530  0.0001739  0.9996572
4.676000   0.320580  0.0001722  0.9998293
4.696000   0.320640  0.0001707  1.0000000
