0.998690   0.000030  0.0000000  0.0000000
1.018690   0.000340  0.0000002  0.0000002
1.038690   0.001090  0.0000010  0.0000012
1.058690   0.002280  0.0000020  0.0000033
1.078690   0.003850  0.0000037  0.0000069
1.098690   0.005720  0.0000059  0.0000129
1.118690   0.007830  0.0000084  0.0000212
1.138690   0.010100  0.0000116  0.0000328
1.158690   0.012460  0.0000151  0.0000479
1.178690   0.014890  0.0000192  0.0000671
1.198690   0.017320  0.0000237  0.0000908
1.218690   0.019740  0.0000286  0.0001194
1.238690   0.022120  0.0000339  0.0001532
1.258690   0.024450  0.0000398  0.0001930
1.278690   0.026710  0.0000461  0.0002391
1.298690   0.028900  0.0000528  0.0002920
1.318690   0.031020  0.0000602  0.0003522
1.338690   0.033050  0.0000681  0.0004203
1.358690   0.035000  0.0000767  0.0004970
1.378690   0.036870  0.0000861  0.0005831
1.398690   0.038670  0.0000959  0.0006790
1.418690   0.040390  0.0001067  0.0007857
1.438690   0.042030  0.0001183  0.0009041
1.458690   0.043610  0.0001308  0.0010348
1.478690   0.045120  0.0001445  0.0011793
1.498690   0.046560  0.0001591  0.0013384
1.518690   0.047940  0.0001753  0.0015137
1.538690   0.049260  0.0001926  0.0017063
1.558690   0.050530  0.0002118  0.0019181
1.578690   0.051740  0.0002324  0.0021505
1.598690   0.052900  0.0002552  0.0024057
1.618690   0.054020  0.0002803  0.0026861
1.638690   0.055090  0.0003079  0.0029939
1.658690   0.056110  0.0003383  0.0033322
1.678690   0.057100  0.0003717  0.0037040
1.698690   0.058040  0.0004091  0.0041130
1.718690   0.058960  0.0004507  0.0045637
1.738690   0.059850  0.0004972  0.0050610
1.758690   0.060720  0.0005497  0.0056106
1.778690   0.061600  0.0006090  0.0062197
1.798690   0.062540  0.0006772  0.0068968
1.818690   0.063580  0.0007563  0.0076532
1.838690   0.064740  0.0008486  0.0085017
1.858690   0.065920  0.0009557  0.0094574
1.878690   0.066990  0.0010781  0.0105355
1.898690   0.067890  0.0012183  0.0117538
1.918690   0.068660  0.0013805  0.0131342
1.938690   0.069400  0.0015714  0.0147057
1.958690   0.070190  0.0018004  0.0165061
1.978690   0.071160  0.0020811  0.0185872
1.998690   0.072580  0.0024380  0.0210251
2.018690   0.077860  0.0030239  0.0240491
2.038690   0.188800  0.0078250  0.0318740
2.058690   0.421880  0.0136509  0.0455249
2.078690   0.450290  0.0152129  0.0607378
2.098690   0.419870  0.0168339  0.0775717
2.118690   0.372740  0.0188159  0.0963876
2.138690   0.327900  0.0212967  0.1176843
2.158690   0.286500  0.0244936  0.1421779
2.178690   0.250950  0.0287558  0.1709337
2.198690   0.220810  0.0346329  0.2055666
2.218690   0.197140  0.0428988  0.2484654
2.238690   0.179050  0.0544161  0.3028815
2.258690   0.165420  0.0694007  0.3722822
2.278690   0.158060  0.0839389  0.4562211
2.298690   0.149300  0.0936205  0.5498416
2.318690   0.141630  0.0903460  0.6401877
2.338690   0.134920  0.0753792  0.7155669
2.358690   0.129040  0.0573301  0.7728969
2.378690   0.123890  0.0421229  0.8150198
2.398690   0.119380  0.0309863  0.8460061
2.418690   0.115420  0.0231880  0.8691941
2.438690   0.111940  0.0177427  0.8869368
2.458690   0.108890  0.0138859  0.9008227
2.478690   0.106200  0.0110984  0.9119211
2.498690   0.103830  0.0090400  0.9209611
2.518690   0.101740  0.0074879  0.9284490
2.538690   0.099890  0.0062949  0.9347440
2.558690   0.098250  0.0053617  0.9401057
2.578690   0.096810  0.0046201  0.9447257
2.598690   0.095520  0.0040220  0.9487478
2.618690   0.094390  0.0035336  0.9522814
2.638690   0.093380  0.0031302  0.9554116
2.658690   0.092490  0.0027932  0.9582048
2.678690   0.091690  0.0025090  0.9607138
2.698690   0.090990  0.0022674  0.9629812
2.718690   0.090360  0.0020601  0.9650412
2.738690   0.089800  0.0018812  0.9669224
2.758690   0.089310  0.0017255  0.9686479
2.778690   0.088870  0.0015892  0.9702371
2.798690   0.088480  0.0014692  0.9717063
2.818690   0.088140  0.0013631  0.9730694
2.838690   0.087840  0.0012689  0.9743383
2.858690   0.087570  0.0011846  0.9755229
2.878690   0.087330  0.0011089  0.9766318
2.898690   0.087120  0.0010408  0.9776726
2.918690   0.086940  0.0009791  0.9786517
2.938690   0.086780  0.0009232  0.9795749
2.958690   0.086650  0.0008724  0.9804474
2.978690   0.086530  0.0008259  0.9812733
2.998690   0.086430  0.0007833  0.9820566
3.018690   0.086340  0.0007443  0.9828009
3.038690   0.086270  0.0007082  0.9835090
3.058690   0.086210  0.0006749  0.9841840
3.078690   0.086160  0.0006443  0.9848283
3.098690   0.086120  0.0006158  0.9854441
3.118690   0.086100  0.0005892  0.9860333
3.138690   0.086070  0.0005646  0.9865979
3.158690   0.086060  0.0005415  0.9871394
3.178690   0.086060  0.0005201  0.9876594
3.198690   0.086060  0.0004999  0.9881593
3.218690   0.086060  0.0004811  0.9886404
3.238690   0.086070  0.0004634  0.9891038
3.258690   0.086090  0.0004466  0.9895504
3.278690   0.086100  0.0004309  0.9899813
3.298690   0.086130  0.0004160  0.9903973
3.318690   0.086150  0.0004021  0.9907995
3.338690   0.086180  0.0003889  0.9911883
3.358690   0.086210  0.0003764  0.9915648
3.378690   0.086250  0.0003644  0.9919292
3.398690   0.086280  0.0003532  0.9922824
3.418690   0.086320  0.0003426  0.9926249
3.438690   0.086360  0.0003324  0.9929573
3.458690   0.086400  0.0003228  0.9932801
3.478690   0.086440  0.0003134  0.9935934
3.498690   0.086490  0.0003046  0.9938981
3.518690   0.086530  0.0002963  0.9941943
3.538690   0.086580  0.0002883  0.9944826
3.558690   0.086620  0.0002805  0.9947632
3.578690   0.086670  0.0002732  0.9950364
3.598690   0.086720  0.0002663  0.9953026
3.618690   0.086770  0.0002595  0.9955621
3.638690   0.086810  0.0002530  0.9958151
3.658690   0.086860  0.0002469  0.9960620
3.678690   0.086910  0.0002410  0.9963030
3.698690   0.086960  0.0002352  0.9965382
3.718690   0.087010  0.0002297  0.9967680
3.738690   0.087060  0.0002244  0.9969924
3.758690   0.087110  0.0002193  0.9972117
3.778690   0.087160  0.0002144  0.9974262
3.798690   0.087210  0.0002097  0.9976359
3.818690   0.087260  0.0002053  0.9978412
3.838690   0.087300  0.0002008  0.9980419
3.858690   0.087350  0.0001965  0.9982384
3.878690   0.087400  0.0001924  0.9984308
3.898690   0.087450  0.0001885  0.9986193
3.918690   0.087500  0.0001846  0.9988040
3.938690   0.087540  0.0001810  0.9989849
3.958690   0.087590  0.0001775  0.9991625
3.978690   0.087640  0.0001740  0.9993365
3.998690   0.087690  0.0001706  0.9995071
4.018690   0.087730  0.0001675  0.9996746
4.038690   0.087780  0.0001642  0.9998388
4.058690   0.087820  0.0001612  1.0000000
