1.136800   0.000010  0.0000000  0.0000000
1.156800   0.000030  0.0000002  0.0000002
1.176800   0.000070  0.0000004  0.0000006
1.196800   0.000140  0.0000006  0.0000013
1.216800   0.000260  0.0000015  0.0000027
1.236800   0.000430  0.0000025  0.0000053
1.256800   0.000680  0.0000042  0.0000095
1.276800   0.001020  0.0000070  0.0000164
1.296800   0.001450  0.0000105  0.0000270
1.316800   0.002010  0.0000158  0.0000428
1.336800   0.002690  0.0000230  0.0000658
1.356800   0.003510  0.0000325  0.0000983
1.376800   0.004470  0.0000449  0.0001432
1.396800   0.005590  0.0000609  0.0002041
1.416800   0.006870  0.0000816  0.0002857
1.436800   0.008340  0.0001082  0.0003939
1.456800   0.010000  0.0001419  0.0005358
1.476800   0.011890  0.0001849  0.0007207
1.496800   0.014030  0.0002400  0.0009607
1.516800   0.016490  0.0003108  0.0012715
1.536800   0.019300  0.0004025  0.0016740
1.556800   0.022540  0.0005219  0.0021959
1.576800   0.026290  0.0006786  0.0028745
1.596800   0.030640  0.0008854  0.0037599
1.616800   0.035720  0.0011608  0.0049207
1.636800   0.041650  0.0015302  0.0064509
1.656800   0.048600  0.0020304  0.0084813
1.676800   0.056770  0.0027128  0.0111941
1.696800   0.066380  0.0036517  0.0148458
1.716800   0.077690  0.0049532  0.0197990
1.736800   0.091000  0.0067679  0.0265668
1.756800   0.106630  0.0093016  0.0358684
1.776800   0.124890  0.0128184  0.0486868
1.796800   0.145970  0.0176077  0.0662944
1.816800   0.170010  0.0238899  0.0901844
1.836800   0.197020  0.0316048  0.1217891
1.856800   0.226910  0.0401217  0.1619108
1.876800   0.259500  0.0481096  0.2100205
1.896800   0.294590  0.0539410  0.2639615
1.916800   0.332110  0.0565446  0.3205061
1.936800   0.372220  0.0559364  0.3764425
1.956800   0.415620  0.0529281  0.4293705
1.976800   0.463950  0.0484875  0.4778580
1.996800   0.520520  0.0433292  0.5211872
2.016800   0.591950  0.0378208  0.5590080
2.036800   0.690890  0.0320914  0.5910994
2.056800   0.837980  0.0262862  0.6173856
2.076800   1.064210  0.0206800  0.6380655
2.096800   1.421320  0.0155457  0.6536112
2.116800   1.992930  0.0111546  0.6647658
2.136800   2.875570  0.0077730  0.6725388
2.156800   4.138770  0.0054207  0.6779595
2.176800   5.799320  0.0038769  0.6818364
2.196800   7.817510  0.0028798  0.6847162
2.216800  10.108730  0.0022286  0.6869448
2.236800  12.562060  0.0017942  0.6887390
2.256800  15.059030  0.0014971  0.6902361
2.276800  17.488800  0.0012892  0.6915254
2.296800  19.757970  0.0011414  0.6926668
2.316800  21.795560  0.0010347  0.6937015
2.336800  23.553640  0.0009575  0.6946590
2.356800  25.006040  0.0009019  0.6955609
2.376800  26.144250  0.0008626  0.6964235
2.396800  26.974370  0.0008361  0.6972596
2.416800  27.512900  0.0008196  0.6980792
2.436800  27.783430  0.0008116  0.6988908
2.456800  27.813820  0.0008108  0.6997016
2.476800  27.633890  0.0008158  0.7005174
2.496800  27.273790  0.0008266  0.7013440
2.516800  26.762640  0.0008422  0.7021862
2.536800  26.127840  0.0008626  0.7030488
2.556800  25.394530  0.0008873  0.7039361
2.576800  24.585290  0.0009164  0.7048525
2.596800  23.720080  0.0009495  0.7058020
2.616800  22.816270  0.0009868  0.7067889
2.636800  21.888750  0.0010284  0.7078173
2.656800  20.950160  0.0010739  0.7088912
2.676800  20.011000  0.0011239  0.7100151
2.696800  19.079940  0.0011781  0.7111932
2.716800  18.164010  0.0012365  0.7124297
2.736800  17.268750  0.0012998  0.7137294
2.756800  16.398480  0.0013674  0.7150969
2.776800  15.556440  0.0014400  0.7165369
2.796800  14.745040  0.0015174  0.7180542
2.816800  13.965810  0.0015996  0.7196538
2.836800  13.219740  0.0016871  0.7213409
2.856800  12.507270  0.0017799  0.7231208
2.876800  11.828420  0.0018777  0.7249986
2.896800  11.182870  0.0019811  0.7269796
2.916800  10.570030  0.0020897  0.7290693
2.936800   9.989120  0.0022037  0.7312730
2.956800   9.439180  0.0023229  0.7335959
2.976800   8.919130  0.0024471  0.7360429
2.996800   8.427830  0.0025761  0.7386190
3.016800   7.964080  0.0027098  0.7413288
3.036800   7.526630  0.0028477  0.7441765
3.056800   7.114260  0.0029892  0.7471657
3.076800   6.725720  0.0031338  0.7502996
3.096800   6.359790  0.0032806  0.7535802
3.116800   6.015280  0.0034291  0.7570092
3.136800   5.691030  0.0035777  0.7605869
3.156800   5.385910  0.0037255  0.7643125
3.176800   5.098840  0.0038714  0.7681839
3.196800   4.828800  0.0040140  0.7721979
3.216800   4.574780  0.0041513  0.7763492
3.236800   4.335850  0.0042820  0.7806312
3.256800   4.111120  0.0044043  0.7850354
3.276800   3.899740  0.0045169  0.7895523
3.296800   3.700890  0.0046177  0.7941700
3.316800   3.513830  0.0047056  0.7988756
3.336800   3.337830  0.0047788  0.8036544
3.356800   3.172220  0.0048366  0.8084910
3.376800   3.016360  0.0048779  0.8133689
3.396800   2.869660  0.0049019  0.8182708
3.416800   2.731550  0.0049087  0.8231795
3.436800   2.601500  0.0048981  0.8280776
3.456800   2.479020  0.0048705  0.8329481
3.476800   2.363640  0.0048267  0.8377748
3.496800   2.254940  0.0047676  0.8425424
3.516800   2.152480  0.0046942  0.8472366
3.536800   2.055910  0.0046082  0.8518448
3.556800   1.964840  0.0045108  0.8563556
3.576800   1.878960  0.0044039  0.8607595
3.596800   1.797940  0.0042887  0.8650482
3.616800   1.721480  0.0041673  0.8692155
3.636800   1.649320  0.0040408  0.8732562
3.656800   1.581190  0.0039109  0.8771671
3.676800   1.516850  0.0037789  0.8809460
3.696800   1.456070  0.0036458  0.8845918
3.716800   1.398640  0.0035130  0.8881048
3.736800   1.344360  0.0033810  0.8914858
3.756800   1.293040  0.0032511  0.8947368
3.776800   1.244520  0.0031235  0.8978604
3.796800   1.198620  0.0029991  0.9008595
3.816800   1.155200  0.0028781  0.9037375
3.836800   1.114130  0.0027610  0.9064986
3.856800   1.075310  0.0026480  0.9091466
3.876800   1.038600  0.0025392  0.9116858
3.896800   1.003860  0.0024348  0.9141206
3.916800   0.970990  0.0023347  0.9164553
3.936800   0.939860  0.0022392  0.9186944
3.956800   0.910380  0.0021478  0.9208423
3.976800   0.882450  0.0020606  0.9229028
3.996800   0.855970  0.0019777  0.9248805
4.016800   0.830870  0.0018986  0.9267791
4.036800   0.807060  0.0018233  0.9286025
4.056800   0.784470  0.0017521  0.9303545
4.076800   0.763030  0.0016842  0.9320387
4.096800   0.742680  0.0016196  0.9336583
4.116800   0.723350  0.0015583  0.9352166
4.136800   0.704980  0.0015001  0.9367167
4.156800   0.687530  0.0014448  0.9381615
4.176800   0.670940  0.0013925  0.9395541
4.196800   0.655160  0.0013428  0.9408968
4.216800   0.640160  0.0012953  0.9421922
4.236800   0.625880  0.0012506  0.9434428
4.256800   0.612290  0.0012078  0.9446506
4.276800   0.599350  0.0011673  0.9458179
4.296800   0.587030  0.0011290  0.9469469
4.316800   0.575300  0.0010923  0.9480392
4.336800   0.564120  0.0010575  0.9490967
4.356800   0.553460  0.0010244  0.9501210
4.376800   0.543300  0.0009930  0.9511140
4.396800   0.533610  0.0009628  0.9520768
4.416800   0.524380  0.0009343  0.9530111
4.436800   0.515560  0.0009071  0.9539182
4.456800   0.507150  0.0008812  0.9547994
4.476800   0.499120  0.0008565  0.9556560
4.496800   0.491450  0.0008329  0.9564889
4.516800   0.484130  0.0008103  0.9572992
4.536800   0.477140  0.0007888  0.9580881
4.556800   0.470460  0.0007682  0.9588562
4.576800   0.464070  0.0007486  0.9596048
4.596800   0.457970  0.0007298  0.9603346
4.616800   0.452130  0.0007119  0.9610465
4.636800   0.446550  0.0006946  0.9617410
4.656800   0.441220  0.0006781  0.9624192
4.676800   0.436110  0.0006623  0.9630815
4.696800   0.431230  0.0006473  0.9637288
4.716800   0.426550  0.0006328  0.9643616
4.736800   0.422080  0.0006189  0.9649805
4.756800   0.417790  0.0006054  0.9655859
4.776800   0.413690  0.0005925  0.9661784
4.796800   0.409760  0.0005803  0.9667587
4.816800   0.406000  0.0005683  0.9673270
4.836800   0.402390  0.0005569  0.9678839
4.856800   0.398930  0.0005459  0.9684298
4.876800   0.395620  0.0005354  0.9689652
4.896800   0.392450  0.0005250  0.9694903
4.916800   0.389400  0.0005153  0.9700056
4.936800   0.386480  0.0005059  0.9705115
4.956800   0.383680  0.0004966  0.9710080
4.976800   0.381000  0.0004877  0.9714958
4.996800   0.378420  0.0004793  0.9719751
5.016800   0.375950  0.0004711  0.9724461
5.036800   0.373580  0.0004631  0.9729092
5.056800   0.371300  0.0004555  0.9733646
5.076800   0.369120  0.0004479  0.9738125
5.096800   0.367020  0.0004407  0.9742532
5.116800   0.365000  0.0004337  0.9746870
5.136800   0.363070  0.0004270  0.9751140
5.156800   0.361210  0.0004205  0.9755344
5.176800   0.359430  0.0004139  0.9759484
5.196800   0.357720  0.0004078  0.9763562
5.216800   0.356070  0.0004019  0.9767581
5.236800   0.354490  0.0003960  0.9771541
5.256800   0.352970  0.0003903  0.9775444
5.276800   0.351510  0.0003848  0.9779292
5.296800   0.350100  0.0003796  0.9783087
5.316800   0.348750  0.0003743  0.9786830
5.336800   0.347460  0.0003694  0.9790525
5.356800   0.346210  0.0003644  0.9794168
5.376800   0.345010  0.0003597  0.9797766
5.396800   0.343860  0.0003549  0.9801314
5.416800   0.342750  0.0003505  0.9804819
5.436800   0.341680  0.0003460  0.9808279
5.456800   0.340660  0.0003418  0.9811697
5.476800   0.339670  0.0003376  0.9815073
5.496800   0.338720  0.0003334  0.9818407
5.516800   0.337810  0.0003294  0.9821701
5.536800   0.336940  0.0003256  0.9824956
5.556800   0.336090  0.0003218  0.9828174
5.576800   0.335280  0.0003180  0.9831354
5.596800   0.334500  0.0003144  0.9834498
5.616800   0.333750  0.0003108  0.9837606
5.636800   0.333020  0.0003072  0.9840678
5.656800   0.332330  0.0003039  0.9843717
5.676800   0.331660  0.0003005  0.9846722
5.696800   0.331010  0.0002973  0.9849695
5.716800   0.330390  0.0002942  0.9852636
5.736800   0.329800  0.0002910  0.9855546
5.756800   0.329220  0.0002880  0.9858427
5.776800   0.328670  0.0002849  0.9861275
5.796800   0.328140  0.0002821  0.9864097
5.816800   0.327630  0.0002792  0.9866889
5.836800   0.327130  0.0002764  0.9869653
5.856800   0.326660  0.0002737  0.9872390
5.876800   0.326210  0.0002710  0.9875100
5.896800   0.325770  0.0002682  0.9877782
5.916800   0.325340  0.0002657  0.9880439
5.936800   0.324940  0.0002632  0.9883070
5.956800   0.324550  0.0002606  0.9885676
5.976800   0.324170  0.0002581  0.9888257
5.996800   0.323810  0.0002558  0.9890815
6.016800   0.323460  0.0002532  0.9893348
6.036800   0.323130  0.0002509  0.9895857
6.056800   0.322810  0.0002486  0.9898343
6.076800   0.322500  0.0002465  0.9900808
6.096800   0.322200  0.0002442  0.9903250
6.116800   0.321920  0.0002421  0.9905671
6.136800   0.321640  0.0002400  0.9908070
6.156800   0.321380  0.0002379  0.9910449
6.176800   0.321120  0.0002357  0.9912806
6.196800   0.320880  0.0002336  0.9915142
6.216800   0.320650  0.0002317  0.9917460
6.236800   0.320420  0.0002296  0.9919756
6.256800   0.320200  0.0002277  0.9922033
6.276800   0.320000  0.0002258  0.9924292
6.296800   0.319800  0.0002239  0.9926531
6.316800   0.319610  0.0002220  0.9928752
6.336800   0.319420  0.0002204  0.9930955
6.356800   0.319250  0.0002185  0.9933140
6.376800   0.319080  0.0002168  0.9935307
6.396800   0.318910  0.0002149  0.9937456
6.416800   0.318760  0.0002132  0.9939588
6.436800   0.318610  0.0002115  0.9941703
6.456800   0.318470  0.0002098  0.9943801
6.476800   0.318330  0.0002081  0.9945882
6.496800   0.318200  0.0002066  0.9947949
6.516800   0.318070  0.0002050  0.9949998
6.536800   0.317950  0.0002035  0.9952033
6.556800   0.317840  0.0002018  0.9954051
6.576800   0.317730  0.0002003  0.9956054
6.596800   0.317620  0.0001988  0.9958043
6.616800   0.317520  0.0001974  0.9960016
6.636800   0.317430  0.0001959  0.9961975
6.656800   0.317340  0.0001944  0.9963919
6.676800   0.317250  0.0001929  0.9965849
6.696800   0.317170  0.0001915  0.9967763
6.716800   0.317090  0.0001902  0.9969665
6.736800   0.317010  0.0001887  0.9971552
6.756800   0.316940  0.0001875  0.9973427
6.776800   0.316880  0.0001860  0.9975287
6.796800   0.316810  0.0001847  0.9977134
6.816800   0.316750  0.0001835  0.9978969
6.836800   0.316690  0.0001820  0.9980788
6.856800   0.316640  0.0001807  0.9982595
6.876800   0.316590  0.0001794  0.9984390
6.896800   0.316540  0.0001782  0.9986172
6.916800   0.316490  0.0001771  0.9987943
6.936800   0.316450  0.0001759  0.9989701
6.956800   0.316410  0.0001746  0.9991447
6.976800   0.316370  0.0001733  0.9993181
6.996800   0.316330  0.0001723  0.9994903
7.016800   0.316300  0.0001710  0.9996614
7.036800   0.316270  0.0001700  0.9998313
7.056800   0.316240  0.0001687  1.0000000
