1.343620   0.000010  0.0000000  0.0000000
1.363620   0.000020  0.0000000  0.0000000
1.383620   0.000050  0.0000002  0.0000002
1.403620   0.000100  0.0000002  0.0000004
1.423620   0.000180  0.0000006  0.0000010
1.443620   0.000320  0.0000010  0.0000021
1.463620   0.000520  0.0000017  0.0000037
1.483620   0.000830  0.0000029  0.0000066
1.503620   0.001270  0.0000047  0.0000113
1.523620   0.001880  0.0000074  0.0000188
1.543620   0.002680  0.0000116  0.0000303
1.563620   0.003700  0.0000171  0.0000475
1.583620   0.004960  0.0000246  0.0000720
1.603620   0.006460  0.0000345  0.0001065
1.623620   0.008210  0.0000475  0.0001539
1.643620   0.010210  0.0000638  0.0002177
1.663620   0.012430  0.0000842  0.0003019
1.683620   0.014880  0.0001096  0.0004114
1.703620   0.017530  0.0001405  0.0005520
1.723620   0.020350  0.0001781  0.0007300
1.743620   0.023330  0.0002235  0.0009535
1.763620   0.026440  0.0002779  0.0012314
1.783620   0.029650  0.0003431  0.0015746
1.803620   0.032940  0.0004213  0.0019959
1.823620   0.036300  0.0005148  0.0025107
1.843620   0.039690  0.0006271  0.0031378
1.863620   0.043100  0.0007616  0.0038994
1.883620   0.046510  0.0009242  0.0048236
1.903620   0.049920  0.0011213  0.0059449
1.923620   0.053290  0.0013618  0.0073067
1.943620   0.056640  0.0016581  0.0089649
1.963620   0.059940  0.0020261  0.0109909
1.983620   0.063180  0.0024885  0.0134794
2.003620   0.066370  0.0030769  0.0165563
2.023620   0.069500  0.0038375  0.0203938
2.043620   0.072560  0.0048381  0.0252319
2.063620   0.075550  0.0061822  0.0314140
2.083620   0.078470  0.0080322  0.0394462
2.103620   0.081320  0.0106515  0.0500977
2.123620   0.084100  0.0144853  0.0645830
2.143620   0.086800  0.0203105  0.0848934
2.163620   0.089440  0.0295155  0.1144089
2.183620   0.092000  0.0445209  0.1589298
2.203620   0.094490  0.0687364  0.2276662
2.223620   0.096910  0.1022965  0.3299628
2.243620   0.099260  0.1277137  0.4576765
2.263620   0.101550  0.1184406  0.5761171
2.283620   0.103770  0.0878527  0.6639698
2.303620   0.105930  0.0607985  0.7247683
2.323620   0.108030  0.0426197  0.7673880
2.343620   0.110070  0.0309828  0.7983708
2.363620   0.112060  0.0233907  0.8217615
2.383620   0.113980  0.0182574  0.8400189
2.403620   0.115860  0.0146557  0.8546746
2.423620   0.117680  0.0120424  0.8667170
2.443620   0.119450  0.0100896  0.8768066
2.463620   0.121170  0.0085930  0.8853996
2.483620   0.122840  0.0074206  0.8928202
2.503620   0.124470  0.0064846  0.8993049
2.523620   0.126060  0.0057249  0.9050298
2.543620   0.127600  0.0050995  0.9101292
2.563620   0.129100  0.0045779  0.9147071
2.583620   0.130560  0.0041379  0.9188450
2.603620   0.131980  0.0037632  0.9226083
2.623620   0.133360  0.0034411  0.9260494
2.643620   0.134710  0.0031620  0.9292114
2.663620   0.136030  0.0029185  0.9321298
2.683620   0.137310  0.0027043  0.9348341
2.703620   0.138550  0.0025151  0.9373492
2.723620   0.139770  0.0023469  0.9396961
2.743620   0.140960  0.0021965  0.9418926
2.763620   0.142110  0.0020615  0.9439541
2.783620   0.143240  0.0019398  0.9458939
2.803620   0.144340  0.0018298  0.9477238
2.823620   0.145420  0.0017297  0.9494535
2.843620   0.146470  0.0016383  0.9510919
2.863620   0.147490  0.0015550  0.9526468
2.883620   0.148490  0.0014784  0.9541253
2.903620   0.149460  0.0014079  0.9555331
2.923620   0.150420  0.0013429  0.9568760
2.943620   0.151350  0.0012828  0.9581588
2.963620   0.152260  0.0012271  0.9593859
2.983620   0.153150  0.0011753  0.9605612
3.003620   0.154020  0.0011270  0.9616882
3.023620   0.154870  0.0010820  0.9627703
3.043620   0.155700  0.0010400  0.9638102
3.063620   0.156510  0.0010005  0.9648108
3.083620   0.157310  0.0009636  0.9657744
3.103620   0.158090  0.0009289  0.9667033
3.123620   0.158850  0.0008963  0.9675997
3.143620   0.159600  0.0008656  0.9684653
3.163620   0.160330  0.0008365  0.9693018
3.183620   0.161040  0.0008091  0.9701108
3.203620   0.161740  0.0007833  0.9708941
3.223620   0.162420  0.0007585  0.9716526
3.243620   0.163100  0.0007352  0.9723878
3.263620   0.163750  0.0007131  0.9731009
3.283620   0.164400  0.0006921  0.9737930
3.303620   0.165030  0.0006720  0.9744650
3.323620   0.165650  0.0006531  0.9751181
3.343620   0.166250  0.0006349  0.9757530
3.363620   0.166850  0.0006176  0.9763706
3.383620   0.167430  0.0006011  0.9769716
3.403620   0.168000  0.0005852  0.9775568
3.423620   0.168570  0.0005699  0.9781267
3.443620   0.169120  0.0005555  0.9786822
3.463620   0.169660  0.0005416  0.9792238
3.483620   0.170190  0.0005282  0.9797521
3.503620   0.170700  0.0005154  0.9802675
3.523620   0.171210  0.0005033  0.9807708
3.543620   0.171720  0.0004915  0.9812623
3.563620   0.172210  0.0004802  0.9817424
3.583620   0.172690  0.0004692  0.9822116
3.603620   0.173160  0.0004587  0.9826703
3.623620   0.173630  0.0004486  0.9831189
3.643620   0.174090  0.0004389  0.9835578
3.663620   0.174540  0.0004296  0.9839874
3.683620   0.174980  0.0004205  0.9844079
3.703620   0.175410  0.0004116  0.9848196
3.723620   0.175840  0.0004032  0.9852228
3.743620   0.176250  0.0003951  0.9856179
3.763620   0.176670  0.0003871  0.9860050
3.783620   0.177070  0.0003795  0.9863845
3.803620   0.177470  0.0003722  0.9867567
3.823620   0.177860  0.0003650  0.9871217
3.843620   0.178240  0.0003580  0.9874797
3.863620   0.178620  0.0003514  0.9878311
3.883620   0.178990  0.0003448  0.9881759
3.903620   0.179360  0.0003386  0.9885145
3.923620   0.179720  0.0003324  0.9888469
3.943620   0.180070  0.0003264  0.9891733
3.963620   0.180420  0.0003207  0.9894940
3.983620   0.180760  0.0003151  0.9898091
4.003620   0.181100  0.0003097  0.9901188
4.023620   0.181430  0.0003044  0.9904231
4.043620   0.181750  0.0002992  0.9907223
4.063620   0.182070  0.0002942  0.9910166
4.083620   0.182390  0.0002895  0.9913061
4.103620   0.182700  0.0002847  0.9915908
4.123620   0.183010  0.0002802  0.9918710
4.143620   0.183310  0.0002757  0.9921467
4.163620   0.183610  0.0002713  0.9924180
4.183620   0.183900  0.0002670  0.9926850
4.203620   0.184190  0.0002629  0.9929479
4.223620   0.184470  0.0002588  0.9932067
4.243620   0.184750  0.0002548  0.9934615
4.263620   0.185030  0.0002511  0.9937126
4.283620   0.185300  0.0002474  0.9939600
4.303620   0.185560  0.0002437  0.9942037
4.323620   0.185830  0.0002402  0.9944439
4.343620   0.186090  0.0002367  0.9946806
4.363620   0.186340  0.0002332  0.9949137
4.383620   0.186590  0.0002299  0.9951436
4.403620   0.186840  0.0002266  0.9953701
4.423620   0.187090  0.0002235  0.9955936
4.443620   0.187330  0.0002204  0.9958140
4.463620   0.187570  0.0002173  0.9960313
4.483620   0.187800  0.0002144  0.9962456
4.503620   0.188030  0.0002115  0.9964571
4.523620   0.188260  0.0002086  0.9966658
4.543620   0.188490  0.0002059  0.9968717
4.563620   0.188710  0.0002032  0.9970749
4.583620   0.188930  0.0002006  0.9972755
4.603620   0.189140  0.0001979  0.9974734
4.623620   0.189360  0.0001954  0.9976688
4.643620   0.189570  0.0001929  0.9978617
4.663620   0.189770  0.0001905  0.9980522
4.683620   0.189980  0.0001882  0.9982403
4.703620   0.190180  0.0001857  0.9984260
4.723620   0.190380  0.0001834  0.9986095
4.743620   0.190570  0.0001812  0.9987906
4.763620   0.190770  0.0001791  0.9989697
4.783620   0.190960  0.0001768  0.9991466
4.803620   0.191150  0.0001748  0.9993213
4.823620   0.191330  0.0001727  0.9994941
4.843620   0.191520  0.0001706  0.9996647
4.863620   0.191700  0.0001686  0.9998333
4.883620   0.191880  0.0001667  1.0000000
