1.078890   0.000010  0.0000000  0.0000000
1.098890   0.000210  0.0000006  0.0000006
1.118890   0.000500  0.0000018  0.0000024
1.138890   0.000840  0.0000033  0.0000057
1.158890   0.001190  0.0000049  0.0000106
1.178890   0.001540  0.0000069  0.0000175
1.198890   0.001890  0.0000092  0.0000267
1.218890   0.002230  0.0000116  0.0000383
1.238890   0.002550  0.0000145  0.0000528
1.258890   0.002870  0.0000175  0.0000703
1.278890   0.003180  0.0000212  0.0000915
1.298890   0.003480  0.0000253  0.0001167
1.318890   0.003810  0.0000302  0.0001469
1.338890   0.004190  0.0000361  0.0001830
1.358890   0.004670  0.0000440  0.0002270
1.378890   0.005280  0.0000546  0.0002816
1.398890   0.006060  0.0000689  0.0003504
1.418890   0.007000  0.0000876  0.0004380
1.438890   0.008090  0.0001123  0.0005503
1.458890   0.009340  0.0001436  0.0006939
1.478890   0.010740  0.0001840  0.0008779
1.498890   0.013350  0.0002561  0.0011340
1.518890   0.017360  0.0003741  0.0015081
1.538890   0.021520  0.0005240  0.0020321
1.558890   0.025790  0.0007135  0.0027456
1.578890   0.030250  0.0009570  0.0037025
1.598890   0.035080  0.0012783  0.0049808
1.618890   0.040630  0.0017187  0.0066995
1.638890   0.047300  0.0023444  0.0090439
1.658890   0.054820  0.0032146  0.0122585
1.678890   0.062910  0.0044142  0.0166727
1.698890   0.071840  0.0061062  0.0227789
1.718890   0.081600  0.0085152  0.0312942
1.738890   0.093800  0.0121520  0.0434461
1.758890   0.107080  0.0174019  0.0608480
1.778890   0.120090  0.0246949  0.0855429
1.798890   0.132630  0.0346021  0.1201449
1.818890   0.144720  0.0473960  0.1675409
1.838890   0.156400  0.0621935  0.2297344
1.858890   0.167810  0.0759175  0.3056519
1.878890   0.179290  0.0837936  0.3894454
1.898890   0.198100  0.0800802  0.4695257
1.918890   0.254340  0.0610483  0.5305739
1.938890   0.314740  0.0475633  0.5781372
1.958890   0.371880  0.0388814  0.6170186
1.978890   0.430320  0.0326539  0.6496725
1.998890   0.499380  0.0276468  0.6773193
2.018890   0.594380  0.0231966  0.7005159
2.038890   0.727800  0.0191915  0.7197074
2.058890   0.922580  0.0154979  0.7352054
2.078890   1.254530  0.0117704  0.7469757
2.098890   1.796860  0.0084539  0.7554296
2.118890   2.445280  0.0063067  0.7617363
2.138890   3.058150  0.0050778  0.7668141
2.158890   3.575690  0.0043565  0.7711706
2.178890   3.986130  0.0039132  0.7750838
2.198890   4.295180  0.0036329  0.7787167
2.218890   4.513940  0.0034554  0.7821721
2.238890   4.654540  0.0033480  0.7855201
2.258890   4.728640  0.0032910  0.7888111
2.278890   4.746920  0.0032722  0.7920833
2.298890   4.718930  0.0032841  0.7953674
2.318890   4.653140  0.0033207  0.7986881
2.338890   4.556970  0.0033788  0.8020669
2.358890   4.436900  0.0034554  0.8055223
2.378890   4.298470  0.0035487  0.8090710
2.398890   4.146490  0.0036565  0.8127275
2.418890   3.985020  0.0037773  0.8165048
2.438890   3.817480  0.0039095  0.8204143
2.458890   3.646730  0.0040517  0.8244660
2.478890   3.475120  0.0042019  0.8286679
2.498890   3.304580  0.0043578  0.8330257
2.518890   3.136640  0.0045171  0.8375428
2.538890   2.972520  0.0046772  0.8422200
2.558890   2.813160  0.0048347  0.8470547
2.578890   2.659240  0.0049863  0.8520410
2.598890   2.511270  0.0051279  0.8571688
2.618890   2.369580  0.0052556  0.8624245
2.638890   2.234370  0.0053652  0.8677897
2.658890   2.105720  0.0054528  0.8732426
2.678890   1.983620  0.0055146  0.8787571
2.698890   1.868000  0.0055476  0.8843047
2.718890   1.758730  0.0055494  0.8898541
2.738890   1.655620  0.0055187  0.8953728
2.758890   1.558480  0.0054555  0.9008283
2.778890   1.467060  0.0053608  0.9061890
2.798890   1.381140  0.0052363  0.9114253
2.818890   1.300440  0.0050853  0.9165106
2.838890   1.224710  0.0049115  0.9214221
2.858890   1.153690  0.0047192  0.9261413
2.878890   1.087140  0.0045126  0.9306539
2.898890   1.024780  0.0042962  0.9349501
2.918890   0.966390  0.0040741  0.9390243
2.938890   0.911720  0.0038500  0.9428743
2.958890   0.860550  0.0036274  0.9465017
2.978890   0.812670  0.0034085  0.9499102
2.998890   0.767860  0.0031958  0.9531060
3.018890   0.725940  0.0029911  0.9560971
3.038890   0.686710  0.0027955  0.9588926
3.058890   0.650010  0.0026095  0.9615021
3.078890   0.615660  0.0024339  0.9639359
3.098890   0.583520  0.0022688  0.9662048
3.118890   0.553440  0.0021142  0.9683189
3.138890   0.525280  0.0019697  0.9702887
3.158890   0.498920  0.0018351  0.9721237
3.178890   0.474230  0.0017102  0.9738339
3.198890   0.451110  0.0015940  0.9754280
3.218890   0.429440  0.0014865  0.9769144
3.238890   0.409150  0.0013870  0.9783015
3.258890   0.390130  0.0012950  0.9795965
3.278890   0.372300  0.0012100  0.9808065
3.298890   0.355580  0.0011314  0.9819378
3.318890   0.339900  0.0010588  0.9829966
3.338890   0.325180  0.0009916  0.9839882
3.358890   0.311370  0.0009297  0.9849179
3.378890   0.298410  0.0008724  0.9857903
3.398890   0.286240  0.0008194  0.9866097
3.418890   0.274800  0.0007703  0.9873801
3.438890   0.264050  0.0007251  0.9881052
3.458890   0.253950  0.0006831  0.9887883
3.478890   0.244450  0.0006444  0.9894327
3.498890   0.235510  0.0006084  0.9900411
3.518890   0.227100  0.0005749  0.9906160
3.538890   0.219190  0.0005440  0.9911600
3.558890   0.211740  0.0005153  0.9916753
3.578890   0.204720  0.0004886  0.9921638
3.598890   0.198110  0.0004637  0.9926275
3.618890   0.191870  0.0004407  0.9930682
3.638890   0.186000  0.0004191  0.9934873
3.658890   0.180460  0.0003991  0.9938864
3.678890   0.175230  0.0003804  0.9942668
3.698890   0.170300  0.0003631  0.9946299
3.718890   0.165640  0.0003468  0.9949766
3.738890   0.161240  0.0003315  0.9953081
3.758890   0.157090  0.0003172  0.9956253
3.778890   0.153160  0.0003040  0.9959293
3.798890   0.149450  0.0002913  0.9962207
3.818890   0.145950  0.0002797  0.9965004
3.838890   0.142630  0.0002687  0.9967691
3.858890   0.139500  0.0002583  0.9970275
3.878890   0.136540  0.0002488  0.9972762
3.898890   0.133730  0.0002396  0.9975158
3.918890   0.131080  0.0002310  0.9977469
3.938890   0.128570  0.0002229  0.9979698
3.958890   0.126200  0.0002154  0.9981851
3.978890   0.123940  0.0002080  0.9983931
3.998890   0.121810  0.0002013  0.9985944
4.018890   0.119790  0.0001950  0.9987894
4.038890   0.117870  0.0001889  0.9989783
4.058890   0.116060  0.0001830  0.9991612
4.078890   0.114330  0.0001777  0.9993389
4.098890   0.112700  0.0001724  0.9995112
4.118890   0.111140  0.0001675  0.9996787
4.138890   0.109670  0.0001628  0.9998415
4.158890   0.108270  0.0001585  1.0000000
