1.096490   0.000010  0.0000000  0.0000000
1.116490   0.000060  0.0000002  0.0000002
1.136490   0.000170  0.0000004  0.0000006
1.156490   0.000360  0.0000008  0.0000014
1.176490   0.000640  0.0000016  0.0000031
1.196490   0.001010  0.0000027  0.0000058
1.216490   0.001470  0.0000043  0.0000101
1.236490   0.002020  0.0000062  0.0000162
1.256490   0.002650  0.0000086  0.0000249
1.276490   0.003340  0.0000117  0.0000366
1.296490   0.004100  0.0000154  0.0000520
1.316490   0.004900  0.0000197  0.0000717
1.336490   0.005750  0.0000249  0.0000966
1.356490   0.006640  0.0000308  0.0001274
1.376490   0.007590  0.0000380  0.0001654
1.396490   0.008600  0.0000462  0.0002117
1.416490   0.009700  0.0000563  0.0002680
1.436490   0.010920  0.0000684  0.0003364
1.456490   0.012290  0.0000832  0.0004196
1.476490   0.013840  0.0001013  0.0005209
1.496490   0.015620  0.0001241  0.0006450
1.516490   0.017820  0.0001537  0.0007988
1.536490   0.020550  0.0001930  0.0009917
1.556490   0.023820  0.0002441  0.0012358
1.576490   0.027670  0.0003101  0.0015459
1.596490   0.032130  0.0003948  0.0019407
1.616490   0.037310  0.0005039  0.0024446
1.636490   0.043420  0.0006467  0.0030912
1.656490   0.050660  0.0008347  0.0039260
1.676490   0.059150  0.0010819  0.0050079
1.696490   0.068920  0.0014041  0.0064120
1.716490   0.080060  0.0018238  0.0082358
1.736490   0.092780  0.0023718  0.0106076
1.756490   0.107530  0.0030958  0.0137033
1.776490   0.124540  0.0040499  0.0177532
1.796490   0.143860  0.0052943  0.0230476
1.816490   0.165290  0.0068881  0.0299357
1.836490   0.188050  0.0088666  0.0388023
1.856490   0.211120  0.0112387  0.0500410
1.876490   0.233720  0.0139997  0.0640407
1.896490   0.255430  0.0171298  0.0811704
1.916490   0.276000  0.0205806  0.1017510
1.936490   0.295270  0.0242635  0.1260145
1.956490   0.313160  0.0280425  0.1540570
1.976490   0.329590  0.0317389  0.1857959
1.996490   0.344550  0.0351439  0.2209399
2.016490   0.358070  0.0380433  0.2589831
2.036490   0.370240  0.0402472  0.2992303
2.056490   0.381090  0.0416312  0.3408615
2.076490   0.390610  0.0421622  0.3830236
2.096490   0.398720  0.0418963  0.4249199
2.116490   0.405400  0.0409508  0.4658707
2.136490   0.410610  0.0394704  0.5053411
2.156490   0.414390  0.0376025  0.5429436
2.176490   0.416780  0.0354803  0.5784239
2.196490   0.417840  0.0332156  0.6116395
2.216490   0.417640  0.0308958  0.6425353
2.236490   0.416290  0.0285877  0.6711229
2.256490   0.413880  0.0263396  0.6974625
2.276490   0.410510  0.0241850  0.7216475
2.296490   0.406280  0.0221459  0.7437933
2.316490   0.401290  0.0202350  0.7640283
2.336490   0.395640  0.0184587  0.7824870
2.356490   0.389430  0.0168180  0.7993050
2.376490   0.382740  0.0153105  0.8146155
2.396490   0.375650  0.0139317  0.8285471
2.416490   0.368240  0.0126744  0.8412216
2.436490   0.360590  0.0115315  0.8527531
2.456490   0.352760  0.0104948  0.8632478
2.476490   0.344800  0.0095561  0.8728039
2.496490   0.336770  0.0087072  0.8815111
2.516490   0.328730  0.0079401  0.8894512
2.536490   0.320700  0.0072476  0.8966987
2.556490   0.312730  0.0066222  0.9033210
2.576490   0.304860  0.0060580  0.9093789
2.596490   0.297100  0.0055487  0.9149277
2.616490   0.289490  0.0050888  0.9200165
2.636490   0.282030  0.0046733  0.9246898
2.656490   0.274760  0.0042977  0.9289875
2.676490   0.267680  0.0039582  0.9329458
2.696490   0.260810  0.0036506  0.9365964
2.716490   0.254150  0.0033722  0.9399685
2.736490   0.247700  0.0031196  0.9430881
2.756490   0.241480  0.0028905  0.9459786
2.776490   0.235480  0.0026821  0.9486607
2.796490   0.229710  0.0024926  0.9511533
2.816490   0.224170  0.0023202  0.9534736
2.836490   0.218840  0.0021628  0.9556364
2.856490   0.213740  0.0020194  0.9576558
2.876490   0.208860  0.0018883  0.9595440
2.896490   0.204180  0.0017683  0.9613123
2.916490   0.199720  0.0016585  0.9629709
2.936490   0.195450  0.0015578  0.9645287
2.956490   0.191390  0.0014654  0.9659941
2.976490   0.187510  0.0013805  0.9673746
2.996490   0.183820  0.0013022  0.9686768
3.016490   0.180300  0.0012303  0.9699071
3.036490   0.176960  0.0011637  0.9710708
3.056490   0.173780  0.0011025  0.9721733
3.076490   0.170760  0.0010458  0.9732190
3.096490   0.167890  0.0009932  0.9742122
3.116490   0.165170  0.0009444  0.9751566
3.136490   0.162590  0.0008994  0.9760561
3.156490   0.160140  0.0008573  0.9769134
3.176490   0.157820  0.0008185  0.9777319
3.196490   0.155620  0.0007821  0.9785140
3.216490   0.153540  0.0007482  0.9792622
3.236490   0.151570  0.0007166  0.9799787
3.256490   0.149700  0.0006870  0.9806657
3.276490   0.147940  0.0006594  0.9813251
3.296490   0.146280  0.0006335  0.9819587
3.316490   0.144700  0.0006093  0.9825680
3.336490   0.143220  0.0005867  0.9831547
3.356490   0.141810  0.0005653  0.9837200
3.376490   0.140490  0.0005452  0.9842651
3.396490   0.139240  0.0005263  0.9847914
3.416490   0.138060  0.0005084  0.9852998
3.436490   0.136950  0.0004915  0.9857913
3.456490   0.135900  0.0004757  0.9862671
3.476490   0.134910  0.0004607  0.9867278
3.496490   0.133980  0.0004465  0.9871743
3.516490   0.133100  0.0004330  0.9876073
3.536490   0.132270  0.0004202  0.9880275
3.556490   0.131480  0.0004081  0.9884356
3.576490   0.130750  0.0003966  0.9888322
3.596490   0.130050  0.0003857  0.9892180
3.616490   0.129400  0.0003752  0.9895932
3.636490   0.128780  0.0003654  0.9899585
3.656490   0.128200  0.0003557  0.9903143
3.676490   0.127660  0.0003467  0.9906609
3.696490   0.127140  0.0003380  0.9909990
3.716490   0.126660  0.0003298  0.9913288
3.736490   0.126210  0.0003220  0.9916508
3.756490   0.125780  0.0003144  0.9919652
3.776490   0.125380  0.0003072  0.9922724
3.796490   0.125000  0.0003002  0.9925726
3.816490   0.124650  0.0002934  0.9928661
3.836490   0.124320  0.0002871  0.9931532
3.856490   0.124010  0.0002809  0.9934341
3.876490   0.123720  0.0002750  0.9937090
3.896490   0.123440  0.0002694  0.9939784
3.916490   0.123190  0.0002639  0.9942423
3.936490   0.122950  0.0002585  0.9945008
3.956490   0.122730  0.0002534  0.9947542
3.976490   0.122520  0.0002484  0.9950026
3.996490   0.122320  0.0002437  0.9952463
4.016490   0.122140  0.0002392  0.9954855
4.036490   0.121970  0.0002347  0.9957202
4.056490   0.121810  0.0002306  0.9959507
4.076490   0.121670  0.0002262  0.9961770
4.096490   0.121530  0.0002223  0.9963993
4.116490   0.121410  0.0002184  0.9966178
4.136490   0.121290  0.0002147  0.9968325
4.156490   0.121180  0.0002110  0.9970436
4.176490   0.121090  0.0002075  0.9972511
4.196490   0.121000  0.0002041  0.9974552
4.216490   0.120910  0.0002008  0.9976559
4.236490   0.120840  0.0001975  0.9978534
4.256490   0.120770  0.0001944  0.9980478
4.276490   0.120700  0.0001913  0.9982391
4.296490   0.120650  0.0001882  0.9984274
4.316490   0.120600  0.0001854  0.9986127
4.336490   0.120550  0.0001825  0.9987952
4.356490   0.120510  0.0001798  0.9989750
4.376490   0.120470  0.0001771  0.9991521
4.396490   0.120440  0.0001745  0.9993266
4.416490   0.120420  0.0001720  0.9994986
4.436490   0.120390  0.0001695  0.9996681
4.456490   0.120370  0.0001671  0.9998352
4.476490   0.120360  0.0001648  1.0000000
