1.076470   0.000010  0.0000000  0.0000000
1.096470   0.002670  0.0000060  0.0000060
1.116470   0.006960  0.0000170  0.0000229
1.136470   0.011910  0.0000312  0.0000542
1.156470   0.017130  0.0000480  0.0001021
1.176470   0.022410  0.0000674  0.0001695
1.196470   0.027620  0.0000891  0.0002586
1.216470   0.032700  0.0001133  0.0003719
1.236470   0.037600  0.0001397  0.0005116
1.256470   0.042310  0.0001693  0.0006809
1.276470   0.046820  0.0002015  0.0008824
1.296470   0.051140  0.0002373  0.0011197
1.316470   0.055320  0.0002770  0.0013967
1.336470   0.059400  0.0003212  0.0017180
1.356470   0.063480  0.0003715  0.0020894
1.376470   0.067630  0.0004287  0.0025181
1.396470   0.071910  0.0004947  0.0030128
1.416470   0.076310  0.0005707  0.0035835
1.436470   0.080810  0.0006584  0.0042419
1.456470   0.085390  0.0007592  0.0050011
1.476470   0.090030  0.0008756  0.0058768
1.496470   0.095200  0.0010154  0.0068921
1.516470   0.101250  0.0011871  0.0080792
1.536470   0.107350  0.0013872  0.0094665
1.556470   0.113430  0.0016206  0.0110871
1.576470   0.119550  0.0018947  0.0129818
1.596470   0.125860  0.0022205  0.0152023
1.616470   0.132630  0.0026143  0.0178165
1.636470   0.140410  0.0031033  0.0209198
1.656470   0.149900  0.0037278  0.0246476
1.676470   0.161970  0.0045443  0.0291919
1.696470   0.177200  0.0056165  0.0348085
1.716470   0.195390  0.0069951  0.0418035
1.736470   0.215960  0.0087153  0.0505188
1.756470   0.236010  0.0107255  0.0612443
1.776470   0.253460  0.0129849  0.0742292
1.796470   0.267790  0.0155001  0.0897293
1.816470   0.280010  0.0183213  0.1080506
1.836470   0.291180  0.0214732  0.1295238
1.856470   0.300970  0.0249170  0.1544408
1.876470   0.309780  0.0285747  0.1830155
1.896470   0.318000  0.0322818  0.2152974
1.916470   0.325100  0.0358273  0.2511247
1.936470   0.331340  0.0389305  0.2900552
1.956470   0.337120  0.0412615  0.3313167
1.976470   0.343250  0.0424794  0.3737961
1.996470   0.348960  0.0425615  0.4163576
2.016470   0.353840  0.0416336  0.4579912
2.036470   0.357510  0.0399287  0.4979199
2.056470   0.360340  0.0376371  0.5355570
2.076470   0.362660  0.0349769  0.5705339
2.096470   0.364170  0.0321785  0.6027124
2.116470   0.365340  0.0293755  0.6320879
2.136470   0.366430  0.0266775  0.6587654
2.156470   0.367180  0.0241639  0.6829293
2.176470   0.368110  0.0218624  0.7047918
2.196470   0.369440  0.0197891  0.7245809
2.216470   0.370930  0.0179424  0.7425233
2.236470   0.373120  0.0163119  0.7588352
2.256470   0.376160  0.0148823  0.7737174
2.276470   0.379600  0.0136290  0.7873464
2.296470   0.383890  0.0125353  0.7998817
2.316470   0.388730  0.0115780  0.8114597
2.336470   0.393400  0.0107303  0.8221900
2.356470   0.397930  0.0099764  0.8321665
2.376470   0.401840  0.0092980  0.8414645
2.396470   0.404540  0.0086775  0.8501419
2.416470   0.406120  0.0081074  0.8582493
2.436470   0.406360  0.0075780  0.8658273
2.456470   0.405130  0.0070825  0.8729098
2.476470   0.402650  0.0066186  0.8795284
2.496470   0.398990  0.0061831  0.8857115
2.516470   0.394280  0.0057736  0.8914851
2.536470   0.388720  0.0053893  0.8968744
2.556470   0.382450  0.0050290  0.9019035
2.576470   0.375640  0.0046919  0.9065954
2.596470   0.368540  0.0043779  0.9109733
2.616470   0.361110  0.0040850  0.9150583
2.636470   0.353570  0.0038130  0.9188712
2.656470   0.345990  0.0035606  0.9224318
2.676470   0.338470  0.0033270  0.9257588
2.696470   0.331050  0.0031112  0.9288700
2.716470   0.323800  0.0029117  0.9317817
2.736470   0.316720  0.0027277  0.9345094
2.756470   0.309900  0.0025582  0.9370677
2.776470   0.303330  0.0024020  0.9394696
2.796470   0.297010  0.0022579  0.9417275
2.816470   0.290950  0.0021252  0.9438527
2.836470   0.285180  0.0020028  0.9458555
2.856470   0.279680  0.0018902  0.9477457
2.876470   0.274470  0.0017862  0.9495318
2.896470   0.269520  0.0016903  0.9512221
2.916470   0.264820  0.0016014  0.9528235
2.936470   0.260400  0.0015195  0.9543430
2.956470   0.256200  0.0014437  0.9557867
2.976470   0.252250  0.0013734  0.9571600
2.996470   0.248520  0.0013083  0.9584683
3.016470   0.245000  0.0012477  0.9597160
3.036470   0.241690  0.0011915  0.9609075
3.056470   0.238570  0.0011392  0.9620467
3.076470   0.235650  0.0010906  0.9631373
3.096470   0.232900  0.0010451  0.9641824
3.116470   0.230310  0.0010027  0.9651851
3.136470   0.227880  0.0009631  0.9661482
3.156470   0.225600  0.0009259  0.9670741
3.176470   0.223450  0.0008911  0.9679652
3.196470   0.221440  0.0008585  0.9688236
3.216470   0.219550  0.0008279  0.9696515
3.236470   0.217790  0.0007991  0.9704507
3.256470   0.216120  0.0007719  0.9712225
3.276470   0.214570  0.0007464  0.9719689
3.296470   0.213110  0.0007222  0.9726912
3.316470   0.211740  0.0006993  0.9733905
3.336470   0.210460  0.0006778  0.9740683
3.356470   0.209260  0.0006573  0.9747256
3.376470   0.208130  0.0006379  0.9753635
3.396470   0.207080  0.0006195  0.9759830
3.416470   0.206090  0.0006021  0.9765852
3.436470   0.205170  0.0005856  0.9771708
3.456470   0.204300  0.0005697  0.9777405
3.476470   0.203490  0.0005546  0.9782951
3.496470   0.202730  0.0005403  0.9788354
3.516470   0.202030  0.0005267  0.9793621
3.536470   0.201360  0.0005135  0.9798756
3.556470   0.200740  0.0005011  0.9803766
3.576470   0.200160  0.0004891  0.9808657
3.596470   0.199620  0.0004775  0.9813432
3.616470   0.199110  0.0004665  0.9818098
3.636470   0.198640  0.0004560  0.9822658
3.656470   0.198200  0.0004459  0.9827116
3.676470   0.197790  0.0004362  0.9831478
3.696470   0.197400  0.0004266  0.9835744
3.716470   0.197050  0.0004178  0.9839922
3.736470   0.196710  0.0004091  0.9844013
3.756470   0.196400  0.0004006  0.9848019
3.776470   0.196110  0.0003925  0.9851944
3.796470   0.195840  0.0003849  0.9855793
3.816470   0.195600  0.0003772  0.9859566
3.836470   0.195370  0.0003700  0.9863266
3.856470   0.195150  0.0003630  0.9866896
3.876470   0.194950  0.0003564  0.9870459
3.896470   0.194770  0.0003498  0.9873957
3.916470   0.194600  0.0003433  0.9877390
3.936470   0.194450  0.0003374  0.9880764
3.956470   0.194300  0.0003314  0.9884077
3.976470   0.194170  0.0003256  0.9887333
3.996470   0.194050  0.0003200  0.9890533
4.016470   0.193940  0.0003146  0.9893679
4.036470   0.193840  0.0003092  0.9896771
4.056470   0.193750  0.0003041  0.9899812
4.076470   0.193670  0.0002991  0.9902803
4.096470   0.193590  0.0002944  0.9905747
4.116470   0.193530  0.0002896  0.9908643
4.136470   0.193470  0.0002851  0.9911493
4.156470   0.193420  0.0002807  0.9914300
4.176470   0.193370  0.0002764  0.9917064
4.196470   0.193330  0.0002720  0.9919784
4.216470   0.193300  0.0002681  0.9922465
4.236470   0.193270  0.0002640  0.9925105
4.256470   0.193240  0.0002600  0.9927705
4.276470   0.193220  0.0002563  0.9930269
4.296470   0.193210  0.0002526  0.9932795
4.316470   0.193200  0.0002491  0.9935285
4.336470   0.193190  0.0002456  0.9937741
4.356470   0.193190  0.0002421  0.9940162
4.376470   0.193190  0.0002387  0.9942549
4.396470   0.193190  0.0002354  0.9944904
4.416470   0.193200  0.0002321  0.9947225
4.436470   0.193210  0.0002290  0.9949515
4.456470   0.193220  0.0002259  0.9951775
4.476470   0.193230  0.0002230  0.9954005
4.496470   0.193250  0.0002201  0.9956206
4.516470   0.193270  0.0002173  0.9958379
4.536470   0.193290  0.0002144  0.9960523
4.556470   0.193310  0.0002117  0.9962639
4.576470   0.193340  0.0002090  0.9964729
4.596470   0.193360  0.0002063  0.9966792
4.616470   0.193390  0.0002038  0.9968830
4.636470   0.193420  0.0002013  0.9970844
4.656470   0.193450  0.0001989  0.9972832
4.676470   0.193480  0.0001964  0.9974796
4.696470   0.193520  0.0001941  0.9976737
4.716470   0.193550  0.0001916  0.9978653
4.736470   0.193590  0.0001893  0.9980547
4.756470   0.193620  0.0001873  0.9982419
4.776470   0.193660  0.0001850  0.9984269
4.796470   0.193700  0.0001829  0.9986099
4.816470   0.193740  0.0001807  0.9987905
4.836470   0.193780  0.0001786  0.9989691
4.856470   0.193820  0.0001767  0.9991459
4.876470   0.193860  0.0001747  0.9993205
4.896470   0.193900  0.0001728  0.9994934
4.916470   0.193940  0.0001707  0.9996641
4.936470   0.193980  0.0001689  0.9998330
4.956470   0.194020  0.0001670  1.0000000
