1.102820   0.000010  0.0000000  0.0000000
1.122820   0.000050  0.0000000  0.0000000
1.142820   0.000120  0.0000002  0.0000002
1.162820   0.000230  0.0000006  0.0000008
1.182820   0.000390  0.0000010  0.0000018
1.202820   0.000600  0.0000014  0.0000032
1.222820   0.000860  0.0000022  0.0000054
1.242820   0.001180  0.0000034  0.0000088
1.262820   0.001610  0.0000050  0.0000139
1.282820   0.002260  0.0000074  0.0000213
1.302820   0.003300  0.0000115  0.0000328
1.322820   0.005070  0.0000191  0.0000519
1.342820   0.008060  0.0000324  0.0000843
1.362820   0.012540  0.0000541  0.0001384
1.382820   0.018210  0.0000843  0.0002226
1.402820   0.024500  0.0001219  0.0003445
1.422820   0.031070  0.0001663  0.0005108
1.442820   0.037780  0.0002178  0.0007286
1.462820   0.044590  0.0002775  0.0010062
1.482820   0.051510  0.0003463  0.0013525
1.502820   0.058540  0.0004262  0.0017786
1.522820   0.065710  0.0005185  0.0022971
1.542820   0.073020  0.0006257  0.0029227
1.562820   0.080470  0.0007503  0.0036731
1.582820   0.088080  0.0008955  0.0045686
1.602820   0.095860  0.0010651  0.0056337
1.622820   0.103840  0.0012640  0.0068977
1.642820   0.112090  0.0014983  0.0083960
1.662820   0.120680  0.0017762  0.0101722
1.682820   0.129650  0.0021070  0.0122792
1.702820   0.138940  0.0025008  0.0147800
1.722820   0.148520  0.0029698  0.0177498
1.742820   0.158730  0.0035371  0.0212869
1.762820   0.170030  0.0042348  0.0255217
1.782820   0.182210  0.0050861  0.0306078
1.802820   0.194820  0.0061122  0.0367200
1.822820   0.207430  0.0073357  0.0440557
1.842820   0.219660  0.0087831  0.0528388
1.862820   0.231240  0.0104857  0.0633245
1.882820   0.241960  0.0124809  0.0758054
1.902820   0.251690  0.0148122  0.0906176
1.922820   0.260660  0.0175370  0.1081546
1.942820   0.268990  0.0207027  0.1288574
1.962820   0.276500  0.0243326  0.1531899
1.982820   0.283150  0.0284213  0.1816113
2.002820   0.288890  0.0329081  0.2145194
2.022820   0.293610  0.0376521  0.2521715
2.042820   0.297190  0.0424132  0.2945847
2.062820   0.299570  0.0468433  0.3414280
2.082820   0.300770  0.0505037  0.3919316
2.102820   0.300820  0.0529405  0.4448722
2.122820   0.299800  0.0538017  0.4986739
2.142820   0.297770  0.0529566  0.5516305
2.162820   0.294820  0.0505479  0.6021784
2.182820   0.291050  0.0469410  0.6491194
2.202820   0.286550  0.0426043  0.6917237
2.222820   0.281400  0.0379833  0.7297070
2.242820   0.275700  0.0334254  0.7631324
2.262820   0.269520  0.0291552  0.7922876
2.282820   0.262950  0.0252919  0.8175795
2.302820   0.256070  0.0218776  0.8394571
2.322820   0.248940  0.0189062  0.8583633
2.342820   0.241640  0.0163447  0.8747079
2.362820   0.234200  0.0141491  0.8888571
2.382820   0.226700  0.0122726  0.9011296
2.402820   0.219170  0.0106701  0.9117998
2.422820   0.211660  0.0093012  0.9211009
2.442820   0.204200  0.0081299  0.9292308
2.462820   0.196830  0.0071262  0.9363570
2.482820   0.189570  0.0062636  0.9426206
2.502820   0.182450  0.0055207  0.9481412
2.522820   0.175490  0.0048789  0.9530202
2.542820   0.168690  0.0043233  0.9573435
2.562820   0.162080  0.0038406  0.9611841
2.582820   0.155670  0.0034203  0.9646043
2.602820   0.149460  0.0030531  0.9676574
2.622820   0.143450  0.0027317  0.9703891
2.642820   0.137660  0.0024497  0.9728388
2.662820   0.132080  0.0022016  0.9750404
2.682820   0.126720  0.0019827  0.9770231
2.702820   0.121570  0.0017893  0.9788124
2.722820   0.116630  0.0016177  0.9804301
2.742820   0.111890  0.0014657  0.9818958
2.762820   0.107360  0.0013303  0.9832262
2.782820   0.103040  0.0012097  0.9844359
2.802820   0.098900  0.0011021  0.9855379
2.822820   0.094960  0.0010058  0.9865437
2.842820   0.091200  0.0009193  0.9874630
2.862820   0.087620  0.0008418  0.9883048
2.882820   0.084200  0.0007723  0.9890771
2.902820   0.080960  0.0007095  0.9897866
2.922820   0.077870  0.0006528  0.9904394
2.942820   0.074940  0.0006017  0.9910411
2.962820   0.072150  0.0005555  0.9915966
2.982820   0.069510  0.0005136  0.9921102
3.002820   0.066990  0.0004756  0.9925859
3.022820   0.064610  0.0004410  0.9930269
3.042820   0.062350  0.0004097  0.9934366
3.062820   0.060200  0.0003811  0.9938177
3.082820   0.058170  0.0003550  0.9941726
3.102820   0.056240  0.0003312  0.9945039
3.122820   0.054410  0.0003095  0.9948134
3.142820   0.052680  0.0002894  0.9951028
3.162820   0.051040  0.0002713  0.9953741
3.182820   0.049490  0.0002544  0.9956285
3.202820   0.048010  0.0002391  0.9958676
3.222820   0.046620  0.0002248  0.9960924
3.242820   0.045300  0.0002120  0.9963044
3.262820   0.044060  0.0001999  0.9965043
3.282820   0.042880  0.0001888  0.9966931
3.302820   0.041760  0.0001786  0.9968717
3.322820   0.040710  0.0001691  0.9970409
3.342820   0.039710  0.0001603  0.9972011
3.362820   0.038760  0.0001522  0.9973534
3.382820   0.037870  0.0001448  0.9974982
3.402820   0.037020  0.0001378  0.9976359
3.422820   0.036220  0.0001313  0.9977673
3.442820   0.035460  0.0001253  0.9978926
3.462820   0.034740  0.0001197  0.9980122
3.482820   0.034060  0.0001142  0.9981265
3.502820   0.033410  0.0001094  0.9982359
3.522820   0.032800  0.0001048  0.9983406
3.542820   0.032230  0.0001006  0.9984412
3.562820   0.031680  0.0000965  0.9985377
3.582820   0.031160  0.0000927  0.9986304
3.602820   0.030670  0.0000891  0.9987195
3.622820   0.030200  0.0000859  0.9988054
3.642820   0.029760  0.0000827  0.9988881
3.662820   0.029340  0.0000798  0.9989679
3.682820   0.028940  0.0000770  0.9990449
3.702820   0.028560  0.0000744  0.9991193
3.722820   0.028200  0.0000720  0.9991913
3.742820   0.027870  0.0000696  0.9992609
3.762820   0.027540  0.0000674  0.9993283
3.782820   0.027240  0.0000654  0.9993937
3.802820   0.026950  0.0000633  0.9994570
3.822820   0.026670  0.0000613  0.9995183
3.842820   0.026410  0.0000595  0.9995779
3.862820   0.026160  0.0000579  0.9996358
3.882820   0.025930  0.0000563  0.9996921
3.902820   0.025700  0.0000547  0.9997468
3.922820   0.025490  0.0000533  0.9998001
3.942820   0.025290  0.0000519  0.9998520
3.962820   0.025090  0.0000507  0.9999027
3.982820   0.024910  0.0000493  0.9999519
4.002820   0.024740  0.0000481  1.0000000
