1.076010   0.000010  0.0000000  0.0000000
1.096010   0.000630  0.0000018  0.0000018
1.116010   0.000890  0.0000029  0.0000047
1.136010   0.001100  0.0000037  0.0000084
1.156010   0.001270  0.0000047  0.0000131
1.176010   0.001430  0.0000055  0.0000187
1.196010   0.001570  0.0000066  0.0000252
1.216010   0.001690  0.0000078  0.0000330
1.236010   0.001810  0.0000090  0.0000420
1.256010   0.001920  0.0000103  0.0000523
1.276010   0.002020  0.0000119  0.0000642
1.296010   0.002120  0.0000135  0.0000777
1.316010   0.002220  0.0000154  0.0000931
1.336010   0.002320  0.0000176  0.0001107
1.356010   0.002420  0.0000201  0.0001308
1.376010   0.002530  0.0000230  0.0001538
1.396010   0.002660  0.0000264  0.0001802
1.416010   0.002800  0.0000308  0.0002110
1.436010   0.002980  0.0000363  0.0002473
1.456010   0.003190  0.0000431  0.0002903
1.476010   0.003440  0.0000519  0.0003422
1.496010   0.008160  0.0001378  0.0004800
1.516010   0.011690  0.0002221  0.0007020
1.536010   0.014250  0.0003059  0.0010080
1.556010   0.016410  0.0004008  0.0014088
1.576010   0.018360  0.0005134  0.0019222
1.596010   0.020170  0.0006508  0.0025730
1.616010   0.025330  0.0009503  0.0035234
1.636010   0.030640  0.0013504  0.0048737
1.656010   0.034530  0.0018076  0.0066813
1.676010   0.037910  0.0023889  0.0090702
1.696010   0.044560  0.0034282  0.0124984
1.716010   0.050610  0.0048395  0.0173379
1.736010   0.060370  0.0072989  0.0246368
1.756010   0.067980  0.0106531  0.0352899
1.776010   0.074010  0.0154934  0.0507833
1.796010   0.079170  0.0229432  0.0737266
1.816010   0.083770  0.0349805  0.1087071
1.836010   0.088040  0.0549624  0.1636695
1.856010   0.092180  0.0865619  0.2502313
1.876010   0.096470  0.1237808  0.3740121
1.896010   0.128530  0.1074340  0.4814461
1.916010   0.245410  0.0546950  0.5361411
1.936010   0.305250  0.0422602  0.5784013
1.956010   0.351890  0.0351538  0.6135551
1.976010   0.397890  0.0299481  0.6435032
1.996010   0.459420  0.0253977  0.6689009
2.016010   0.551430  0.0212039  0.6901048
2.036010   0.647330  0.0181294  0.7082341
2.056010   0.722920  0.0161473  0.7243814
2.076010   0.777870  0.0148195  0.7392009
2.096010   0.816010  0.0138736  0.7530745
2.116010   0.840580  0.0131617  0.7662362
2.136010   0.854050  0.0125987  0.7788349
2.156010   0.858370  0.0121306  0.7909655
2.176010   0.855150  0.0117211  0.8026866
2.196010   0.845730  0.0113439  0.8140305
2.216010   0.831270  0.0109799  0.8250104
2.236010   0.812770  0.0106152  0.8356256
2.256010   0.791090  0.0102395  0.8458652
2.276010   0.767010  0.0098469  0.8557121
2.296010   0.741160  0.0094337  0.8651458
2.316010   0.714110  0.0089997  0.8741455
2.336010   0.686340  0.0085472  0.8826927
2.356010   0.658260  0.0080799  0.8907725
2.376010   0.630200  0.0076034  0.8983759
2.396010   0.602430  0.0071238  0.9054997
2.416010   0.575190  0.0066473  0.9121470
2.436010   0.548650  0.0061798  0.9183268
2.456010   0.522950  0.0057267  0.9240535
2.476010   0.498190  0.0052920  0.9293455
2.496010   0.474450  0.0048793  0.9342248
2.516010   0.451760  0.0044907  0.9387155
2.536010   0.430170  0.0041276  0.9428431
2.556010   0.409670  0.0037903  0.9466334
2.576010   0.390270  0.0034791  0.9501125
2.596010   0.371950  0.0031926  0.9533051
2.616010   0.354680  0.0029306  0.9562357
2.636010   0.338440  0.0026913  0.9589270
2.656010   0.323180  0.0024732  0.9614002
2.676010   0.308870  0.0022749  0.9636750
2.696010   0.295460  0.0020951  0.9657701
2.716010   0.282910  0.0019317  0.9677018
2.736010   0.271180  0.0017836  0.9694854
2.756010   0.260220  0.0016493  0.9711347
2.776010   0.249990  0.0015277  0.9726624
2.796010   0.240440  0.0014174  0.9740799
2.816010   0.231540  0.0013174  0.9753972
2.836010   0.223250  0.0012265  0.9766237
2.856010   0.215510  0.0011439  0.9777676
2.876010   0.208310  0.0010689  0.9788365
2.896010   0.201600  0.0010006  0.9798371
2.916010   0.195360  0.0009382  0.9807753
2.936010   0.189550  0.0008815  0.9816568
2.956010   0.184130  0.0008296  0.9824864
2.976010   0.179100  0.0007822  0.9832686
2.996010   0.174410  0.0007387  0.9840073
3.016010   0.170040  0.0006988  0.9847061
3.036010   0.165980  0.0006623  0.9853684
3.056010   0.162200  0.0006284  0.9859968
3.076010   0.158680  0.0005975  0.9865943
3.096010   0.155400  0.0005690  0.9871633
3.116010   0.152350  0.0005425  0.9877058
3.136010   0.149510  0.0005181  0.9882239
3.156010   0.146870  0.0004954  0.9887193
3.176010   0.144410  0.0004745  0.9891937
3.196010   0.142110  0.0004548  0.9896485
3.216010   0.139980  0.0004367  0.9900852
3.236010   0.137990  0.0004197  0.9905049
3.256010   0.136130  0.0004039  0.9909089
3.276010   0.134410  0.0003892  0.9912980
3.296010   0.132800  0.0003754  0.9916735
3.316010   0.131300  0.0003625  0.9920360
3.336010   0.129900  0.0003502  0.9923862
3.356010   0.128600  0.0003387  0.9927249
3.376010   0.127390  0.0003281  0.9930529
3.396010   0.126260  0.0003180  0.9933710
3.416010   0.125200  0.0003084  0.9936793
3.436010   0.124220  0.0002994  0.9939787
3.456010   0.123310  0.0002907  0.9942694
3.476010   0.122450  0.0002827  0.9945522
3.496010   0.121660  0.0002750  0.9948271
3.516010   0.120920  0.0002678  0.9950949
3.536010   0.120230  0.0002608  0.9953557
3.556010   0.119580  0.0002542  0.9956100
3.576010   0.118980  0.0002479  0.9958578
3.596010   0.118420  0.0002419  0.9960998
3.616010   0.117900  0.0002362  0.9963360
3.636010   0.117420  0.0002307  0.9965667
3.656010   0.116970  0.0002255  0.9967922
3.676010   0.116550  0.0002206  0.9970128
3.696010   0.116160  0.0002157  0.9972285
3.716010   0.115790  0.0002112  0.9974397
3.736010   0.115460  0.0002067  0.9976464
3.756010   0.115140  0.0002026  0.9978490
3.776010   0.114850  0.0001985  0.9980474
3.796010   0.114580  0.0001946  0.9982420
3.816010   0.114330  0.0001907  0.9984327
3.836010   0.114100  0.0001872  0.9986199
3.856010   0.113890  0.0001835  0.9988034
3.876010   0.113690  0.0001802  0.9989836
3.896010   0.113500  0.0001769  0.9991606
3.916010   0.113340  0.0001739  0.9993345
3.936010   0.113180  0.0001708  0.9995052
3.956010   0.113040  0.0001677  0.9996730
3.976010   0.112910  0.0001648  0.9998378
3.996010   0.112780  0.0001622  1.0000000
