0.633570   0.000010  0.0000000  0.0000000
0.653570   0.000470  0.0000012  0.0000012
0.673570   0.001170  0.0000034  0.0000046
0.693570   0.001950  0.0000063  0.0000109
0.713570   0.002760  0.0000099  0.0000208
0.733570   0.003560  0.0000139  0.0000347
0.753570   0.004340  0.0000186  0.0000532
0.773570   0.005090  0.0000240  0.0000772
0.793570   0.005800  0.0000300  0.0001073
0.813570   0.006470  0.0000369  0.0001442
0.833570   0.007110  0.0000448  0.0001890
0.853570   0.007720  0.0000536  0.0002426
0.873570   0.008310  0.0000639  0.0003065
0.893570   0.008900  0.0000758  0.0003824
0.913570   0.009510  0.0000899  0.0004723
0.933570   0.010170  0.0001069  0.0005792
0.953570   0.010950  0.0001285  0.0007077
0.973570   0.011940  0.0001567  0.0008644
0.993570   0.013350  0.0001966  0.0010610
1.013570   0.015690  0.0002602  0.0013212
1.033570   0.020050  0.0003763  0.0016975
1.053570   0.027640  0.0005893  0.0022868
1.073570   0.038240  0.0009303  0.0032171
1.093570   0.050880  0.0014202  0.0046373
1.113570   0.064760  0.0020845  0.0067218
1.133570   0.079260  0.0029586  0.0096804
1.153570   0.093960  0.0040910  0.0137713
1.173570   0.108550  0.0055475  0.0193188
1.193570   0.122820  0.0074148  0.0267336
1.213570   0.136630  0.0098066  0.0365402
1.233570   0.149900  0.0128684  0.0494086
1.253570   0.162580  0.0167759  0.0661845
1.273570   0.174630  0.0217201  0.0879047
1.293570   0.185990  0.0278621  0.1157668
1.313570   0.196550  0.0352410  0.1510078
1.333570   0.206210  0.0436226  0.1946304
1.353570   0.214860  0.0523228  0.2469532
1.373570   0.222450  0.0601353  0.3070885
1.393570   0.228930  0.0655878  0.3726763
1.413570   0.234290  0.0675676  0.4402439
1.433570   0.238530  0.0659088  0.5061527
1.453570   0.241670  0.0614056  0.5675583
1.473570   0.243750  0.0552836  0.6228419
1.493570   0.244820  0.0486453  0.6714872
1.513570   0.244910  0.0422220  0.7137092
1.533570   0.244100  0.0363881  0.7500973
1.553570   0.242440  0.0312757  0.7813730
1.573570   0.240000  0.0268816  0.8082546
1.593570   0.236850  0.0231419  0.8313965
1.613570   0.233050  0.0199714  0.8513679
1.633570   0.228690  0.0172849  0.8686529
1.653570   0.223830  0.0150048  0.8836576
1.673570   0.218540  0.0130645  0.8967221
1.693570   0.212880  0.0114081  0.9081302
1.713570   0.206930  0.0099893  0.9181196
1.733570   0.200740  0.0087700  0.9268896
1.753570   0.194380  0.0077185  0.9346081
1.773570   0.187880  0.0068087  0.9414168
1.793570   0.181320  0.0060194  0.9474362
1.813570   0.174720  0.0053327  0.9527688
1.833570   0.168140  0.0047337  0.9575026
1.853570   0.161610  0.0042102  0.9617127
1.873570   0.155150  0.0037511  0.9654639
1.893570   0.148810  0.0033482  0.9688121
1.913570   0.142600  0.0029937  0.9718057
1.933570   0.136540  0.0026811  0.9744868
1.953570   0.130650  0.0024052  0.9768919
1.973570   0.124940  0.0021611  0.9790531
1.993570   0.119430  0.0019449  0.9809980
2.013570   0.114120  0.0017532  0.9827512
2.033570   0.109010  0.0015827  0.9843339
2.053570   0.104120  0.0014311  0.9857650
2.073570   0.099430  0.0012962  0.9870612
2.093570   0.094960  0.0011756  0.9882367
2.113570   0.090690  0.0010681  0.9893048
2.133570   0.086630  0.0009719  0.9902767
2.153570   0.082770  0.0008858  0.9911624
2.173570   0.079110  0.0008085  0.9919709
2.193570   0.075640  0.0007391  0.9927101
2.213570   0.072350  0.0006768  0.9933869
2.233570   0.069240  0.0006210  0.9940078
2.253570   0.066300  0.0005703  0.9945782
2.273570   0.063520  0.0005250  0.9951031
2.293570   0.060900  0.0004838  0.9955870
2.313570   0.058430  0.0004467  0.9960337
2.333570   0.056100  0.0004130  0.9964467
2.353570   0.053910  0.0003826  0.9968293
2.373570   0.051850  0.0003549  0.9971842
2.393570   0.049910  0.0003299  0.9975142
2.413570   0.048080  0.0003069  0.9978211
2.433570   0.046360  0.0002862  0.9981073
2.453570   0.044750  0.0002674  0.9983747
2.473570   0.043240  0.0002501  0.9986248
2.493570   0.041810  0.0002343  0.9988591
2.513570   0.040480  0.0002198  0.9990790
2.533570   0.039220  0.0002065  0.9992855
2.553570   0.038040  0.0001944  0.9994799
2.573570   0.036930  0.0001833  0.9996632
2.593570   0.035890  0.0001730  0.9998362
2.613570   0.034920  0.0001638  1.0000000
