0.694130   0.000010  0.0000000  0.0000000
0.714130   0.000010  0.0000000  0.0000000
0.734130   0.000020  0.0000002  0.0000002
0.754130   0.000020  0.0000002  0.0000004
0.774130   0.000030  0.0000004  0.0000008
0.794130   0.000050  0.0000006  0.0000014
0.814130   0.000080  0.0000010  0.0000024
0.834130   0.000120  0.0000018  0.0000042
0.854130   0.000210  0.0000034  0.0000076
0.874130   0.000410  0.0000076  0.0000152
0.894130   0.000940  0.0000202  0.0000354
0.914130   0.004590  0.0001141  0.0001495
0.934130   0.027980  0.0008125  0.0009620
0.954130   0.046560  0.0015874  0.0025494
0.974130   0.060070  0.0024244  0.0049738
0.994130   0.071140  0.0034316  0.0084054
1.014130   0.080650  0.0047010  0.0131064
1.034130   0.089000  0.0063501  0.0194565
1.054130   0.096450  0.0085463  0.0280027
1.074130   0.103160  0.0115418  0.0395445
1.094130   0.109240  0.0157229  0.0552674
1.114130   0.114790  0.0216817  0.0769491
1.134130   0.119900  0.0302940  0.1072431
1.154130   0.124680  0.0426723  0.1499154
1.174130   0.129220  0.0595381  0.2094535
1.194130   0.133680  0.0790412  0.2884948
1.214130   0.138240  0.0937801  0.3822748
1.234130   0.143150  0.0947040  0.4769789
1.254130   0.148740  0.0826363  0.5596152
1.274130   0.155430  0.0664341  0.6260493
1.294130   0.163620  0.0522180  0.6782674
1.314130   0.173400  0.0414844  0.7197517
1.334130   0.184300  0.0337266  0.7534783
1.354130   0.195370  0.0280806  0.7815589
1.374130   0.205650  0.0238487  0.8054076
1.394130   0.214550  0.0205654  0.8259730
1.414130   0.221800  0.0179377  0.8439106
1.434130   0.227380  0.0157805  0.8596911
1.454130   0.231340  0.0139731  0.8736643
1.474130   0.233800  0.0124346  0.8860989
1.494130   0.234890  0.0111075  0.8972064
1.514130   0.234740  0.0099518  0.9071581
1.534130   0.233480  0.0089365  0.9160947
1.554130   0.231230  0.0080391  0.9241338
1.574130   0.228110  0.0072420  0.9313759
1.594130   0.224230  0.0065308  0.9379066
1.614130   0.219700  0.0058942  0.9438008
1.634130   0.214610  0.0053232  0.9491240
1.654130   0.209050  0.0048099  0.9539339
1.674130   0.203110  0.0043476  0.9582815
1.694130   0.196860  0.0039311  0.9622126
1.714130   0.190370  0.0035555  0.9657681
1.734130   0.183710  0.0032165  0.9689845
1.754130   0.176940  0.0029105  0.9718950
1.774130   0.170100  0.0026341  0.9745291
1.794130   0.163260  0.0023843  0.9769134
1.814130   0.156440  0.0021586  0.9790720
1.834130   0.149680  0.0019549  0.9810268
1.854130   0.143020  0.0017705  0.9827974
1.874130   0.136480  0.0016040  0.9844014
1.894130   0.130080  0.0014535  0.9858549
1.914130   0.123850  0.0013176  0.9871726
1.934130   0.117800  0.0011948  0.9883674
1.954130   0.111940  0.0010837  0.9894510
1.974130   0.106270  0.0009832  0.9904343
1.994130   0.100820  0.0008924  0.9913266
2.014130   0.095570  0.0008101  0.9921368
2.034130   0.090540  0.0007359  0.9928726
2.054130   0.085720  0.0006686  0.9935413
2.074130   0.081110  0.0006078  0.9941491
2.094130   0.076710  0.0005528  0.9947018
2.114130   0.072520  0.0005029  0.9952047
2.134130   0.068530  0.0004579  0.9956626
2.154130   0.064740  0.0004171  0.9960797
2.174130   0.061140  0.0003798  0.9964595
2.194130   0.057720  0.0003464  0.9968060
2.214130   0.054480  0.0003158  0.9971218
2.234130   0.051410  0.0002882  0.9974099
2.254130   0.048510  0.0002632  0.9976731
2.274130   0.045770  0.0002404  0.9979135
2.294130   0.043180  0.0002197  0.9981332
2.314130   0.040730  0.0002009  0.9983341
2.334130   0.038410  0.0001837  0.9985179
2.354130   0.036230  0.0001683  0.9986862
2.374130   0.034180  0.0001541  0.9988403
2.394130   0.032240  0.0001413  0.9989815
2.414130   0.030410  0.0001295  0.9991110
2.434130   0.028690  0.0001189  0.9992299
2.454130   0.027070  0.0001091  0.9993390
2.474130   0.025540  0.0001001  0.9994390
2.494130   0.024110  0.0000921  0.9995311
2.514130   0.022750  0.0000847  0.9996158
2.534130   0.021480  0.0000778  0.9996936
2.554130   0.020280  0.0000716  0.9997652
2.574130   0.019150  0.0000660  0.9998313
2.594130   0.018090  0.0000608  0.9998921
2.614130   0.017090  0.0000560  0.9999482
2.634130   0.016150  0.0000518  1.0000000
