0.632000   0.000290  0.0000006  0.0000006
0.652000   0.058590  0.0001157  0.0001163
0.672000   0.082020  0.0001775  0.0002938
0.692000   0.099380  0.0002358  0.0005296
0.712000   0.113480  0.0002948  0.0008244
0.732000   0.125440  0.0003569  0.0011813
0.752000   0.135820  0.0004232  0.0016045
0.772000   0.144990  0.0004948  0.0020993
0.792000   0.153180  0.0005730  0.0026724
0.812000   0.160560  0.0006586  0.0033309
0.832000   0.167260  0.0007528  0.0040838
0.852000   0.173360  0.0008571  0.0049408
0.872000   0.178960  0.0009730  0.0059138
0.892000   0.184110  0.0011018  0.0070156
0.912000   0.188860  0.0012460  0.0082616
0.932000   0.193260  0.0014079  0.0096694
0.952000   0.197350  0.0015901  0.0112596
0.972000   0.201160  0.0017961  0.0130557
0.992000   0.204710  0.0020302  0.0150859
1.012000   0.208020  0.0022972  0.0173831
1.032000   0.211130  0.0026031  0.0199862
1.052000   0.217770  0.0030015  0.0229877
1.072000   0.223150  0.0034497  0.0264375
1.092000   0.227470  0.0039589  0.0303964
1.112000   0.231260  0.0045482  0.0349446
1.132000   0.234680  0.0052369  0.0401815
1.152000   0.237810  0.0060478  0.0462293
1.172000   0.240710  0.0070083  0.0532376
1.192000   0.243400  0.0081534  0.0613910
1.212000   0.245920  0.0095259  0.0709168
1.232000   0.248290  0.0111786  0.0820955
1.252000   0.250510  0.0131762  0.0952717
1.272000   0.252610  0.0155930  0.1108647
1.292000   0.254590  0.0185107  0.1293754
1.312000   0.256470  0.0220054  0.1513808
1.332000   0.258250  0.0261218  0.1775026
1.352000   0.259940  0.0308259  0.2083284
1.372000   0.261540  0.0359340  0.2442624
1.392000   0.263070  0.0410363  0.2852987
1.412000   0.264520  0.0454782  0.3307769
1.432000   0.265920  0.0484870  0.3792638
1.452000   0.269310  0.0490850  0.4283488
1.472000   0.279090  0.0465171  0.4748659
1.492000   0.284420  0.0433075  0.5181734
1.512000   0.288460  0.0394786  0.5576520
1.532000   0.291740  0.0354463  0.5930983
1.552000   0.294500  0.0315312  0.6246295
1.572000   0.296830  0.0279202  0.6525498
1.592000   0.298820  0.0246934  0.6772431
1.612000   0.300500  0.0218639  0.6991070
1.632000   0.301910  0.0194086  0.7185156
1.652000   0.303090  0.0172884  0.7358040
1.672000   0.304050  0.0154605  0.7512645
1.692000   0.304830  0.0138828  0.7651473
1.712000   0.305440  0.0125182  0.7776656
1.732000   0.305890  0.0113339  0.7889994
1.752000   0.306220  0.0103020  0.7993014
1.772000   0.306420  0.0093998  0.8087012
1.792000   0.306530  0.0086072  0.8173083
1.812000   0.306540  0.0079087  0.8252170
1.832000   0.306480  0.0072900  0.8325071
1.852000   0.306360  0.0067405  0.8392476
1.872000   0.306190  0.0062503  0.8454978
1.892000   0.305970  0.0058114  0.8513093
1.912000   0.305720  0.0054175  0.8567268
1.932000   0.305440  0.0050624  0.8617892
1.952000   0.305140  0.0047415  0.8665307
1.972000   0.304840  0.0044506  0.8709813
1.992000   0.304530  0.0041863  0.8751676
2.012000   0.304210  0.0039454  0.8791130
2.032000   0.303900  0.0037252  0.8828382
2.052000   0.303600  0.0035238  0.8863620
2.072000   0.303310  0.0033386  0.8897007
2.092000   0.303020  0.0031684  0.8928691
2.112000   0.302750  0.0030115  0.8958806
2.132000   0.302500  0.0028665  0.8987471
2.152000   0.302260  0.0027323  0.9014794
2.172000   0.302040  0.0026076  0.9040870
2.192000   0.301840  0.0024922  0.9065792
2.212000   0.301650  0.0023844  0.9089636
2.232000   0.301480  0.0022841  0.9112477
2.252000   0.301330  0.0021902  0.9134379
2.272000   0.301200  0.0021026  0.9155405
2.292000   0.301080  0.0020204  0.9175610
2.312000   0.300980  0.0019435  0.9195044
2.332000   0.300890  0.0018710  0.9213755
2.352000   0.300820  0.0018030  0.9231785
2.372000   0.300760  0.0017387  0.9249172
2.392000   0.300710  0.0016784  0.9265956
2.412000   0.300670  0.0016211  0.9282167
2.432000   0.300650  0.0015673  0.9297840
2.452000   0.300640  0.0015161  0.9313000
2.472000   0.300640  0.0014676  0.9327676
2.492000   0.300640  0.0014216  0.9341892
2.512000   0.300660  0.0013779  0.9355671
2.532000   0.300680  0.0013365  0.9369036
2.552000   0.300720  0.0012970  0.9382005
2.572000   0.300750  0.0012595  0.9394601
2.592000   0.300800  0.0012235  0.9406836
2.612000   0.300850  0.0011894  0.9418729
2.632000   0.300900  0.0011567  0.9430296
2.652000   0.300960  0.0011255  0.9441551
2.672000   0.301030  0.0010957  0.9452509
2.692000   0.301100  0.0010670  0.9463179
2.712000   0.301170  0.0010398  0.9473577
2.732000   0.301240  0.0010136  0.9483712
2.752000   0.301320  0.0009884  0.9493596
2.772000   0.301400  0.0009642  0.9503239
2.792000   0.301480  0.0009409  0.9512648
2.812000   0.301570  0.0009187  0.9521835
2.832000   0.301650  0.0008972  0.9530807
2.852000   0.301740  0.0008766  0.9539573
2.872000   0.301830  0.0008567  0.9548140
2.892000   0.301910  0.0008375  0.9556515
2.912000   0.302000  0.0008192  0.9564707
2.932000   0.302090  0.0008013  0.9572720
2.952000   0.302180  0.0007840  0.9580561
2.972000   0.302280  0.0007676  0.9588237
2.992000   0.302370  0.0007516  0.9595753
3.012000   0.302460  0.0007360  0.9603112
3.032000   0.302550  0.0007210  0.9610322
3.052000   0.302640  0.0007066  0.9617389
3.072000   0.302730  0.0006925  0.9624313
3.092000   0.302820  0.0006790  0.9631103
3.112000   0.302910  0.0006659  0.9637762
3.132000   0.303000  0.0006532  0.9644293
3.152000   0.303090  0.0006407  0.9650700
3.172000   0.303180  0.0006288  0.9656988
3.192000   0.303270  0.0006172  0.9663160
3.212000   0.303350  0.0006059  0.9669219
3.232000   0.303440  0.0005949  0.9675168
3.252000   0.303520  0.0005843  0.9681011
3.272000   0.303610  0.0005741  0.9686752
3.292000   0.303690  0.0005641  0.9692393
3.312000   0.303780  0.0005543  0.9697936
3.332000   0.303860  0.0005448  0.9703383
3.352000   0.303940  0.0005356  0.9708739
3.372000   0.304020  0.0005266  0.9714006
3.392000   0.304100  0.0005179  0.9719185
3.412000   0.304180  0.0005094  0.9724279
3.432000   0.304260  0.0005011  0.9729289
3.452000   0.304340  0.0004929  0.9734219
3.472000   0.304410  0.0004852  0.9739071
3.492000   0.304490  0.0004775  0.9743846
3.512000   0.304560  0.0004701  0.9748547
3.532000   0.304640  0.0004628  0.9753175
3.552000   0.304710  0.0004557  0.9757732
3.572000   0.304780  0.0004488  0.9762220
3.592000   0.304850  0.0004420  0.9766639
3.612000   0.304920  0.0004353  0.9770992
3.632000   0.304990  0.0004289  0.9775281
3.652000   0.305060  0.0004226  0.9779507
3.672000   0.305130  0.0004166  0.9783673
3.692000   0.305190  0.0004105  0.9787778
3.712000   0.305260  0.0004047  0.9791825
3.732000   0.305320  0.0003989  0.9795814
3.752000   0.305390  0.0003933  0.9799747
3.772000   0.305450  0.0003879  0.9803625
3.792000   0.305510  0.0003824  0.9807450
3.812000   0.305570  0.0003772  0.9811222
3.832000   0.305630  0.0003720  0.9814943
3.852000   0.305690  0.0003671  0.9818613
3.872000   0.305750  0.0003623  0.9822236
3.892000   0.305810  0.0003573  0.9825809
3.912000   0.305870  0.0003527  0.9829336
3.932000   0.305920  0.0003481  0.9832817
3.952000   0.305980  0.0003435  0.9836252
3.972000   0.306040  0.0003392  0.9839644
3.992000   0.306090  0.0003348  0.9842992
4.012000   0.306140  0.0003306  0.9846298
4.032000   0.306200  0.0003265  0.9849563
4.052000   0.306250  0.0003223  0.9852786
4.072000   0.306300  0.0003184  0.9855970
4.092000   0.306350  0.0003144  0.9859114
4.112000   0.306400  0.0003105  0.9862218
4.132000   0.306450  0.0003067  0.9865286
4.152000   0.306500  0.0003032  0.9868317
4.172000   0.306550  0.0002994  0.9871311
4.192000   0.306600  0.0002959  0.9874270
4.212000   0.306640  0.0002924  0.9877194
4.232000   0.306690  0.0002890  0.9880084
4.252000   0.306730  0.0002857  0.9882941
4.272000   0.306780  0.0002824  0.9885765
4.292000   0.306820  0.0002790  0.9888555
4.312000   0.306870  0.0002759  0.9891314
4.332000   0.306910  0.0002728  0.9894042
4.352000   0.306950  0.0002697  0.9896739
4.372000   0.307000  0.0002668  0.9899406
4.392000   0.307040  0.0002636  0.9902043
4.412000   0.307080  0.0002607  0.9904650
4.432000   0.307120  0.0002580  0.9907230
4.452000   0.307160  0.0002551  0.9909781
4.472000   0.307200  0.0002524  0.9912305
4.492000   0.307240  0.0002497  0.9914802
4.512000   0.307280  0.0002470  0.9917272
4.532000   0.307320  0.0002443  0.9919715
4.552000   0.307350  0.0002418  0.9922133
4.572000   0.307390  0.0002393  0.9924526
4.592000   0.307430  0.0002368  0.9926894
4.612000   0.307460  0.0002343  0.9929237
4.632000   0.307500  0.0002318  0.9931555
4.652000   0.307540  0.0002295  0.9933850
4.672000   0.307570  0.0002270  0.9936120
4.692000   0.307610  0.0002247  0.9938367
4.712000   0.307640  0.0002224  0.9940591
4.732000   0.307670  0.0002204  0.9942795
4.752000   0.307710  0.0002181  0.9944976
4.772000   0.307740  0.0002160  0.9947135
4.792000   0.307770  0.0002139  0.9949275
4.812000   0.307800  0.0002116  0.9951391
4.832000   0.307840  0.0002097  0.9953488
4.852000   0.307870  0.0002077  0.9955565
4.872000   0.307900  0.0002056  0.9957621
4.892000   0.307930  0.0002037  0.9959658
4.912000   0.307960  0.0002016  0.9961674
4.932000   0.307990  0.0001998  0.9963671
4.952000   0.308020  0.0001979  0.9965650
4.972000   0.308050  0.0001960  0.9967610
4.992000   0.308080  0.0001941  0.9969552
5.012000   0.308100  0.0001925  0.9971477
5.032000   0.308130  0.0001906  0.9973383
5.052000   0.308160  0.0001889  0.9975272
5.072000   0.308190  0.0001871  0.9977143
5.092000   0.308210  0.0001854  0.9978997
5.112000   0.308240  0.0001837  0.9980834
5.132000   0.308270  0.0001821  0.9982655
5.152000   0.308290  0.0001804  0.9984459
5.172000   0.308320  0.0001789  0.9986248
5.192000   0.308350  0.0001773  0.9988021
5.212000   0.308370  0.0001756  0.9989777
5.232000   0.308400  0.0001742  0.9991519
5.252000   0.308420  0.0001727  0.9993246
5.272000   0.308450  0.0001710  0.9994956
5.292000   0.308470  0.0001696  0.9996652
5.312000   0.308490  0.0001681  0.9998333
5.332000   0.308520  0.0001667  1.0000000
