0.454310   0.000010  0.0000000  0.0000000
0.474310   0.000040  0.0000002  0.0000002
0.494310   0.000090  0.0000004  0.0000006
0.514310   0.000200  0.0000008  0.0000014
0.534310   0.000390  0.0000016  0.0000030
0.554310   0.000680  0.0000032  0.0000062
0.574310   0.001130  0.0000058  0.0000120
0.594310   0.001800  0.0000104  0.0000224
0.614310   0.002770  0.0000180  0.0000404
0.634310   0.004170  0.0000300  0.0000705
0.654310   0.006140  0.0000495  0.0001199
0.674310   0.008900  0.0000799  0.0001998
0.694310   0.012730  0.0001278  0.0003276
0.714310   0.018040  0.0002024  0.0005301
0.734310   0.025340  0.0003188  0.0008488
0.754310   0.035380  0.0004994  0.0013483
0.774310   0.049140  0.0007800  0.0021282
0.794310   0.068000  0.0012157  0.0033439
0.814310   0.093880  0.0018917  0.0052356
0.834310   0.129360  0.0029344  0.0081700
0.854310   0.177780  0.0045115  0.0126816
0.874310   0.242800  0.0067835  0.0194651
0.894310   0.326700  0.0097332  0.0291983
0.914310   0.427220  0.0129349  0.0421332
0.934310   0.535780  0.0156737  0.0578069
0.954310   0.640360  0.0175274  0.0753342
0.974310   0.730370  0.0186133  0.0939475
0.994310   0.799020  0.0192887  0.1132363
1.014310   0.843290  0.0198700  0.1331063
1.034310   0.862880  0.0205685  0.1536748
1.054310   0.859880  0.0215123  0.1751870
1.074310   0.837530  0.0227912  0.1979783
1.094310   0.799950  0.0244781  0.2224564
1.114310   0.751290  0.0266498  0.2491062
1.134310   0.695540  0.0293899  0.2784961
1.154310   0.636190  0.0327939  0.3112900
1.174310   0.576040  0.0369577  0.3482477
1.194310   0.517230  0.0419490  0.3901967
1.214310   0.461280  0.0477363  0.4379330
1.234310   0.409140  0.0540477  0.4919806
1.254310   0.361350  0.0601552  0.5521358
1.274310   0.318100  0.0646992  0.6168350
1.294310   0.279360  0.0659081  0.6827430
1.314310   0.244920  0.0625515  0.7452946
1.334310   0.214500  0.0550543  0.8003489
1.354310   0.187760  0.0453872  0.8457361
1.374310   0.164340  0.0357181  0.8814542
1.394310   0.143880  0.0273596  0.9088139
1.414310   0.126030  0.0207093  0.9295231
1.434310   0.110480  0.0156438  0.9451670
1.454310   0.096940  0.0118616  0.9570286
1.474310   0.085160  0.0090547  0.9660833
1.494310   0.074910  0.0069686  0.9730519
1.514310   0.065980  0.0054095  0.9784613
1.534310   0.058190  0.0042352  0.9826965
1.554310   0.051400  0.0033433  0.9860398
1.574310   0.045470  0.0026599  0.9886997
1.594310   0.040290  0.0021318  0.9908315
1.614310   0.035750  0.0017203  0.9925518
1.634310   0.031780  0.0013973  0.9939492
1.654310   0.028290  0.0011418  0.9950910
1.674310   0.025220  0.0009384  0.9960293
1.694310   0.022520  0.0007752  0.9968045
1.714310   0.020140  0.0006436  0.9974481
1.734310   0.018040  0.0005369  0.9979849
1.754310   0.016180  0.0004498  0.9984347
1.774310   0.014530  0.0003785  0.9988131
1.794310   0.013070  0.0003196  0.9991327
1.814310   0.011780  0.0002711  0.9994039
1.834310   0.010620  0.0002307  0.9996346
1.854310   0.009600  0.0001968  0.9998314
1.874310   0.008680  0.0001686  1.0000000
