0.836070   0.000020  0.0000000  0.0000000
0.856070   0.000040  0.0000000  0.0000000
0.876070   0.000060  0.0000000  0.0000000
0.896070   0.000090  0.0000000  0.0000000
0.916070   0.000130  0.0000002  0.0000002
0.936070   0.000180  0.0000002  0.0000004
0.956070   0.000250  0.0000004  0.0000008
0.976070   0.000340  0.0000004  0.0000012
0.996070   0.000450  0.0000006  0.0000018
1.016070   0.000580  0.0000008  0.0000027
1.036070   0.000750  0.0000012  0.0000039
1.056070   0.000940  0.0000016  0.0000055
1.076070   0.001170  0.0000020  0.0000076
1.096070   0.001440  0.0000029  0.0000104
1.116070   0.001750  0.0000037  0.0000141
1.136070   0.002110  0.0000047  0.0000188
1.156070   0.002510  0.0000059  0.0000247
1.176070   0.002970  0.0000076  0.0000323
1.196070   0.003470  0.0000094  0.0000417
1.216070   0.004030  0.0000118  0.0000535
1.236070   0.004650  0.0000145  0.0000680
1.256070   0.005320  0.0000180  0.0000860
1.276070   0.006060  0.0000219  0.0001078
1.296070   0.006880  0.0000265  0.0001344
1.316070   0.007780  0.0000325  0.0001668
1.336070   0.008820  0.0000396  0.0002065
1.356070   0.010070  0.0000486  0.0002551
1.376070   0.011700  0.0000611  0.0003161
1.396070   0.014020  0.0000790  0.0003952
1.416070   0.017660  0.0001078  0.0005030
1.436070   0.023880  0.0001581  0.0006611
1.456070   0.035100  0.0002524  0.0009135
1.476070   0.056000  0.0004383  0.0013517
1.496070   0.095090  0.0008089  0.0021607
1.516070   0.166170  0.0015268  0.0036874
1.536070   0.286840  0.0027790  0.0064665
1.556070   0.468510  0.0045094  0.0109759
1.576070   0.697000  0.0061107  0.0170866
1.596070   0.922700  0.0070097  0.0240963
1.616070   1.085850  0.0073824  0.0314787
1.636070   1.158690  0.0076409  0.0391196
1.656070   1.156290  0.0079769  0.0470965
1.676070   1.114060  0.0084113  0.0555077
1.696070   1.061520  0.0089134  0.0644212
1.716070   1.007630  0.0094759  0.0738971
1.736070   0.948400  0.0101251  0.0840221
1.756070   0.880930  0.0108956  0.0949177
1.776070   0.806770  0.0118160  0.1067338
1.796070   0.729800  0.0129105  0.1196442
1.816070   0.654000  0.0142052  0.1338495
1.836070   0.582350  0.0157375  0.1495870
1.856070   0.516690  0.0175645  0.1671514
1.876070   0.457980  0.0197700  0.1869215
1.896070   0.406550  0.0224762  0.2093976
1.916070   0.362480  0.0258483  0.2352459
1.936070   0.325560  0.0300949  0.2653408
1.956070   0.294600  0.0354749  0.3008157
1.976070   0.268070  0.0422754  0.3430911
1.996070   0.244800  0.0506706  0.3937617
2.016070   0.224110  0.0603331  0.4540947
2.036070   0.205610  0.0696803  0.5237750
2.056070   0.189100  0.0753152  0.5990902
2.076070   0.174400  0.0735760  0.6726662
2.096070   0.161380  0.0643172  0.7369834
2.116070   0.149880  0.0515244  0.7885079
2.136070   0.139780  0.0393259  0.8278337
2.156070   0.130930  0.0295435  0.8573772
2.176070   0.123180  0.0222807  0.8796579
2.196070   0.116410  0.0170327  0.8966906
2.216070   0.110510  0.0132493  0.9099399
2.236070   0.105360  0.0104957  0.9204356
2.256070   0.100880  0.0084627  0.9288983
2.276070   0.096990  0.0069366  0.9358349
2.296070   0.093600  0.0057721  0.9416070
2.316070   0.090650  0.0048697  0.9464767
2.336070   0.088090  0.0041596  0.9506363
2.356070   0.085870  0.0035931  0.9542293
2.376070   0.083950  0.0031354  0.9573647
2.396070   0.082290  0.0027615  0.9601262
2.416070   0.080850  0.0024523  0.9625785
2.436070   0.079610  0.0021942  0.9647727
2.456070   0.078550  0.0019765  0.9667491
2.476070   0.077640  0.0017916  0.9685407
2.496070   0.076860  0.0016334  0.9701741
2.516070   0.076200  0.0014965  0.9716706
2.536070   0.075650  0.0013779  0.9730485
2.556070   0.075180  0.0012739  0.9743224
2.576070   0.074800  0.0011824  0.9755049
2.596070   0.074480  0.0011016  0.9766065
2.616070   0.074230  0.0010297  0.9776361
2.636070   0.074030  0.0009654  0.9786015
2.656070   0.073890  0.0009076  0.9795091
2.676070   0.073780  0.0008555  0.9803645
2.696070   0.073710  0.0008085  0.9811730
2.716070   0.073680  0.0007656  0.9819387
2.736070   0.073670  0.0007266  0.9826653
2.756070   0.073690  0.0006909  0.9833562
2.776070   0.073730  0.0006580  0.9840142
2.796070   0.073790  0.0006280  0.9846422
2.816070   0.073870  0.0006000  0.9852422
2.836070   0.073960  0.0005743  0.9858164
2.856070   0.074070  0.0005504  0.9863668
2.876070   0.074190  0.0005283  0.9868951
2.896070   0.074320  0.0005075  0.9874026
2.916070   0.074460  0.0004883  0.9878909
2.936070   0.074600  0.0004701  0.9883610
2.956070   0.074750  0.0004532  0.9888142
2.976070   0.074910  0.0004372  0.9892514
2.996070   0.075070  0.0004223  0.9896738
3.016070   0.075240  0.0004082  0.9900820
3.036070   0.075410  0.0003950  0.9904770
3.056070   0.075580  0.0003823  0.9908593
3.076070   0.075750  0.0003705  0.9912297
3.096070   0.075930  0.0003592  0.9915889
3.116070   0.076100  0.0003484  0.9919373
3.136070   0.076280  0.0003384  0.9922757
3.156070   0.076450  0.0003286  0.9926043
3.176070   0.076630  0.0003194  0.9929237
3.196070   0.076810  0.0003106  0.9932344
3.216070   0.076980  0.0003022  0.9935366
3.236070   0.077160  0.0002943  0.9938309
3.256070   0.077330  0.0002867  0.9941176
3.276070   0.077500  0.0002794  0.9943970
3.296070   0.077680  0.0002724  0.9946694
3.316070   0.077850  0.0002657  0.9949351
3.336070   0.078020  0.0002594  0.9951945
3.356070   0.078180  0.0002532  0.9954477
3.376070   0.078350  0.0002473  0.9956950
3.396070   0.078510  0.0002416  0.9959366
3.416070   0.078680  0.0002361  0.9961727
3.436070   0.078840  0.0002308  0.9964035
3.456070   0.079000  0.0002259  0.9966293
3.476070   0.079150  0.0002210  0.9968503
3.496070   0.079310  0.0002163  0.9970666
3.516070   0.079460  0.0002116  0.9972781
3.536070   0.079610  0.0002073  0.9974854
3.556070   0.079760  0.0002030  0.9976884
3.576070   0.079910  0.0001989  0.9978873
3.596070   0.080060  0.0001950  0.9980824
3.616070   0.080200  0.0001912  0.9982735
3.636070   0.080340  0.0001875  0.9984610
3.656070   0.080480  0.0001840  0.9986450
3.676070   0.080620  0.0001805  0.9988255
3.696070   0.080760  0.0001771  0.9990026
3.716070   0.080890  0.0001738  0.9991764
3.736070   0.081030  0.0001707  0.9993471
3.756070   0.081160  0.0001677  0.9995148
3.776070   0.081290  0.0001646  0.9996794
3.796070   0.081420  0.0001617  0.9998411
3.816070   0.081540  0.0001589  1.0000000
