0.488920   0.000010  0.0000000  0.0000000
0.508920   0.000030  0.0000000  0.0000000
0.528920   0.000060  0.0000002  0.0000002
0.548920   0.000130  0.0000004  0.0000006
0.568920   0.000240  0.0000008  0.0000014
0.588920   0.000420  0.0000018  0.0000032
0.608920   0.000710  0.0000032  0.0000064
0.628920   0.001150  0.0000058  0.0000122
0.648920   0.001810  0.0000102  0.0000224
0.668920   0.002790  0.0000174  0.0000398
0.688920   0.004200  0.0000290  0.0000689
0.708920   0.006230  0.0000479  0.0001167
0.728920   0.009140  0.0000777  0.0001944
0.748920   0.013250  0.0001253  0.0003198
0.768920   0.019040  0.0002004  0.0005202
0.788920   0.027170  0.0003190  0.0008392
0.808920   0.038570  0.0005054  0.0013446
0.828920   0.054500  0.0007989  0.0021435
0.848920   0.076740  0.0012599  0.0034034
0.868920   0.107650  0.0019791  0.0053826
0.888920   0.150110  0.0030818  0.0084644
0.908920   0.206970  0.0047032  0.0131676
0.928920   0.279740  0.0069050  0.0200725
0.948920   0.367160  0.0095443  0.0296168
0.968920   0.464740  0.0122295  0.0418463
0.988920   0.565540  0.0145058  0.0563520
1.008920   0.661660  0.0161379  0.0724899
1.028920   0.745620  0.0171931  0.0896831
1.048920   0.811520  0.0179012  0.1075842
1.068920   0.855660  0.0185007  0.1260849
1.088920   0.876790  0.0191737  0.1452586
1.108920   0.875850  0.0200459  0.1653045
1.128920   0.855500  0.0212065  0.1865110
1.148920   0.819430  0.0227285  0.2092394
1.168920   0.771740  0.0246832  0.2339226
1.188920   0.716450  0.0271499  0.2610725
1.208920   0.657110  0.0302195  0.2912921
1.228920   0.596630  0.0339936  0.3252857
1.248920   0.537250  0.0385676  0.3638533
1.268920   0.480550  0.0439878  0.4078411
1.288920   0.427550  0.0501527  0.4579938
1.308920   0.378810  0.0566332  0.5146270
1.328920   0.334580  0.0624358  0.5770628
1.348920   0.294840  0.0659250  0.6429878
1.368920   0.259410  0.0653499  0.7083377
1.388920   0.228010  0.0600610  0.7683987
1.408920   0.200320  0.0512832  0.8196820
1.428920   0.175980  0.0413119  0.8609938
1.448920   0.154640  0.0320497  0.8930435
1.468920   0.135960  0.0243856  0.9174292
1.488920   0.119630  0.0184334  0.9358626
1.508920   0.105360  0.0139531  0.9498157
1.528920   0.092900  0.0106224  0.9604380
1.548920   0.082010  0.0081504  0.9685885
1.568920   0.072490  0.0063085  0.9748969
1.588920   0.064170  0.0049260  0.9798229
1.608920   0.056880  0.0038798  0.9837027
1.628920   0.050490  0.0030810  0.9867838
1.648920   0.044890  0.0024657  0.9892495
1.668920   0.039960  0.0019876  0.9912370
1.688920   0.035630  0.0016129  0.9928499
1.708920   0.031820  0.0013172  0.9941671
1.728920   0.028460  0.0010821  0.9952492
1.748920   0.025490  0.0008939  0.9961430
1.768920   0.022860  0.0007421  0.9968851
1.788920   0.020540  0.0006191  0.9975042
1.808920   0.018470  0.0005190  0.9980233
1.828920   0.016640  0.0004367  0.9984600
1.848920   0.015010  0.0003690  0.9988290
1.868920   0.013560  0.0003132  0.9991422
1.888920   0.012260  0.0002667  0.9994089
1.908920   0.011100  0.0002279  0.9996368
1.928920   0.010070  0.0001952  0.9998320
1.948920   0.009140  0.0001680  1.0000000
