0.512560   0.000010  0.0000000  0.0000000
0.532560   0.000030  0.0000000  0.0000000
0.552560   0.000060  0.0000002  0.0000002
0.572560   0.000120  0.0000002  0.0000004
0.592560   0.000200  0.0000004  0.0000008
0.612560   0.000340  0.0000008  0.0000016
0.632560   0.000540  0.0000014  0.0000030
0.652560   0.000850  0.0000024  0.0000054
0.672560   0.001310  0.0000040  0.0000094
0.692560   0.001970  0.0000068  0.0000162
0.712560   0.002940  0.0000110  0.0000272
0.732560   0.004330  0.0000178  0.0000450
0.752560   0.006340  0.0000288  0.0000739
0.772560   0.009220  0.0000461  0.0001199
0.792560   0.013360  0.0000733  0.0001932
0.812560   0.019330  0.0001167  0.0003099
0.832560   0.027960  0.0001860  0.0004959
0.852560   0.040490  0.0002971  0.0007931
0.872560   0.058700  0.0004757  0.0012688
0.892560   0.084990  0.0007608  0.0020296
0.912560   0.122180  0.0012073  0.0032370
0.932560   0.172810  0.0018789  0.0051158
0.952560   0.238210  0.0028267  0.0079425
0.972560   0.317780  0.0040579  0.0120004
0.992560   0.408950  0.0055014  0.0175018
1.012560   0.507270  0.0070083  0.0245101
1.032560   0.606910  0.0084008  0.0329110
1.052560   0.701210  0.0095561  0.0424671
1.072560   0.783510  0.0104521  0.0529191
1.092560   0.848080  0.0111523  0.0640714
1.112560   0.890840  0.0117561  0.0758275
1.132560   0.909920  0.0123626  0.0881901
1.152560   0.905760  0.0130543  0.1012444
1.172560   0.880790  0.0138969  0.1151413
1.192560   0.838810  0.0149456  0.1300869
1.212560   0.784340  0.0162545  0.1463414
1.232560   0.721920  0.0178826  0.1642240
1.252560   0.655630  0.0199035  0.1841275
1.272560   0.588840  0.0224158  0.2065433
1.292560   0.524070  0.0255567  0.2321000
1.312560   0.463040  0.0295188  0.2616189
1.332560   0.406810  0.0345732  0.2961921
1.352560   0.355870  0.0410821  0.3372742
1.372560   0.310340  0.0494728  0.3867470
1.392560   0.270050  0.0600492  0.4467961
1.412560   0.234690  0.0723583  0.5191544
1.432560   0.203830  0.0837997  0.6029541
1.452560   0.177010  0.0885941  0.6915483
1.472560   0.153780  0.0814963  0.7730446
1.492560   0.133690  0.0650156  0.8380603
1.512560   0.116350  0.0470645  0.8851248
1.532560   0.101380  0.0326262  0.9177510
1.552560   0.088470  0.0224495  0.9402005
1.572560   0.077320  0.0156041  0.9558046
1.592560   0.067690  0.0110305  0.9668352
1.612560   0.059360  0.0079423  0.9747775
1.632560   0.052150  0.0058216  0.9805991
1.652560   0.045890  0.0043378  0.9849368
1.672560   0.040470  0.0032806  0.9882175
1.692560   0.035750  0.0025144  0.9907318
1.712560   0.031630  0.0019503  0.9926822
1.732560   0.028050  0.0015293  0.9942114
1.752560   0.024910  0.0012107  0.9954222
1.772560   0.022160  0.0009671  0.9963892
1.792560   0.019750  0.0007787  0.9971679
1.812560   0.017640  0.0006317  0.9977996
1.832560   0.015770  0.0005158  0.9983153
1.852560   0.014130  0.0004239  0.9987392
1.872560   0.012680  0.0003504  0.9990896
1.892560   0.011390  0.0002911  0.9993807
1.912560   0.010250  0.0002433  0.9996240
1.932560   0.009240  0.0002040  0.9998280
1.952560   0.008340  0.0001720  1.0000000
