0.988800   0.000010  0.0000000  0.0000000
1.008800   0.000860  0.0000040  0.0000040
1.028800   0.001940  0.0000099  0.0000139
1.048800   0.003000  0.0000165  0.0000304
1.068800   0.004010  0.0000241  0.0000545
1.088800   0.005080  0.0000334  0.0000879
1.108800   0.006420  0.0000463  0.0001342
1.128800   0.008310  0.0000658  0.0002000
1.148800   0.011210  0.0000976  0.0002976
1.168800   0.015670  0.0001501  0.0004476
1.188800   0.022170  0.0002348  0.0006824
1.208800   0.030770  0.0003609  0.0010433
1.228800   0.040730  0.0005307  0.0015741
1.248800   0.050470  0.0007325  0.0023066
1.268800   0.058140  0.0009438  0.0032504
1.288800   0.062590  0.0011415  0.0043919
1.308800   0.063810  0.0013141  0.0057060
1.328800   0.062650  0.0014652  0.0071713
1.348800   0.060410  0.0016147  0.0087860
1.368800   0.058640  0.0018032  0.0105892
1.388800   0.059360  0.0021155  0.0127047
1.408800   0.064060  0.0026657  0.0153704
1.428800   0.071650  0.0035093  0.0188797
1.448800   0.080410  0.0046786  0.0235582
1.468800   0.089330  0.0062418  0.0298000
1.488800   0.097920  0.0083178  0.0381178
1.508800   0.105940  0.0110918  0.0492096
1.528800   0.113240  0.0148439  0.0640534
1.548800   0.119780  0.0199936  0.0840471
1.568800   0.125670  0.0271759  0.1112230
1.588800   0.131860  0.0373125  0.1485355
1.608800   0.137550  0.0510434  0.1995788
1.628800   0.142280  0.0681701  0.2677489
1.648800   0.146030  0.0859239  0.3536729
1.668800   0.148830  0.0977623  0.4514351
1.688800   0.150730  0.0974056  0.5488407
1.708800   0.151800  0.0858740  0.6347147
1.728800   0.152090  0.0698735  0.7045883
1.748800   0.151670  0.0547804  0.7593687
1.768800   0.150610  0.0425580  0.8019266
1.788800   0.148960  0.0332314  0.8351581
1.808800   0.146790  0.0262342  0.8613922
1.828800   0.144170  0.0209732  0.8823654
1.848800   0.141160  0.0169766  0.8993421
1.868800   0.137810  0.0138999  0.9132420
1.888800   0.134180  0.0114986  0.9247405
1.908800   0.130330  0.0095996  0.9343401
1.928800   0.126310  0.0080792  0.9424193
1.948800   0.122170  0.0068486  0.9492679
1.968800   0.117940  0.0058426  0.9551105
1.988800   0.113670  0.0050131  0.9601236
2.008800   0.109400  0.0043237  0.9644473
2.028800   0.105150  0.0037467  0.9681940
2.048800   0.100950  0.0032606  0.9714546
2.068800   0.096820  0.0028490  0.9743036
2.088800   0.092790  0.0024985  0.9768021
2.108800   0.088860  0.0021988  0.9790009
2.128800   0.085060  0.0019414  0.9809423
2.148800   0.081390  0.0017195  0.9826618
2.168800   0.077860  0.0015276  0.9841894
2.188800   0.074470  0.0013610  0.9855505
2.208800   0.071230  0.0012160  0.9867664
2.228800   0.068150  0.0010892  0.9878556
2.248800   0.065200  0.0009784  0.9888340
2.268800   0.062410  0.0008812  0.9897152
2.288800   0.059760  0.0007955  0.9905107
2.308800   0.057260  0.0007200  0.9912307
2.328800   0.054890  0.0006532  0.9918840
2.348800   0.052660  0.0005943  0.9924783
2.368800   0.050550  0.0005418  0.9930201
2.388800   0.048570  0.0004951  0.9935152
2.408800   0.046710  0.0004535  0.9939687
2.428800   0.044960  0.0004165  0.9943851
2.448800   0.043320  0.0003833  0.9947684
2.468800   0.041780  0.0003535  0.9951219
2.488800   0.040330  0.0003267  0.9954486
2.508800   0.038980  0.0003026  0.9957512
2.528800   0.037710  0.0002811  0.9960322
2.548800   0.036530  0.0002613  0.9962936
2.568800   0.035420  0.0002436  0.9965372
2.588800   0.034380  0.0002277  0.9967649
2.608800   0.033410  0.0002131  0.9969780
2.628800   0.032500  0.0002000  0.9971780
2.648800   0.031650  0.0001879  0.9973659
2.668800   0.030860  0.0001768  0.9975427
2.688800   0.030120  0.0001668  0.9977095
2.708800   0.029430  0.0001575  0.9978670
2.728800   0.028790  0.0001491  0.9980161
2.748800   0.028180  0.0001414  0.9981575
2.768800   0.027620  0.0001342  0.9982917
2.788800   0.027090  0.0001278  0.9984195
2.808800   0.026600  0.0001217  0.9985412
2.828800   0.026140  0.0001161  0.9986573
2.848800   0.025710  0.0001109  0.9987681
2.868800   0.025310  0.0001060  0.9988742
2.888800   0.024940  0.0001016  0.9989758
2.908800   0.024590  0.0000974  0.9990731
2.928800   0.024260  0.0000936  0.9991667
2.948800   0.023960  0.0000899  0.9992566
2.968800   0.023670  0.0000865  0.9993431
2.988800   0.023400  0.0000833  0.9994264
3.008800   0.023160  0.0000803  0.9995067
3.028800   0.022920  0.0000777  0.9995844
3.048800   0.022700  0.0000750  0.9996594
3.068800   0.022500  0.0000724  0.9997318
3.088800   0.022310  0.0000702  0.9998020
3.108800   0.022130  0.0000680  0.9998700
3.128800   0.021960  0.0000660  0.9999360
3.148800   0.021810  0.0000640  1.0000000
