0.849820   0.000010  0.0000000  0.0000000
0.869820   0.000030  0.0000002  0.0000002
0.889820   0.000080  0.0000004  0.0000006
0.909820   0.000140  0.0000008  0.0000014
0.929820   0.000240  0.0000016  0.0000030
0.949820   0.000380  0.0000030  0.0000060
0.969820   0.000570  0.0000050  0.0000110
0.989820   0.000840  0.0000080  0.0000190
1.009820   0.001220  0.0000130  0.0000321
1.029820   0.001770  0.0000210  0.0000531
1.049820   0.002580  0.0000345  0.0000875
1.069820   0.003830  0.0000577  0.0001452
1.089820   0.005920  0.0001006  0.0002458
1.109820   0.009640  0.0001859  0.0004317
1.129820   0.015800  0.0003482  0.0007799
1.149820   0.022870  0.0005786  0.0013584
1.169820   0.029700  0.0008684  0.0022269
1.189820   0.036170  0.0012320  0.0034589
1.209820   0.042240  0.0016908  0.0051497
1.229820   0.047910  0.0022761  0.0074258
1.249820   0.053170  0.0030342  0.0104600
1.269820   0.058030  0.0040326  0.0144926
1.289820   0.062490  0.0053756  0.0198682
1.309820   0.066550  0.0072269  0.0270951
1.329820   0.070210  0.0098568  0.0369519
1.349820   0.073470  0.0137286  0.0506804
1.369820   0.076330  0.0196795  0.0703600
1.389820   0.078790  0.0292931  0.0996531
1.409820   0.080870  0.0456406  0.1452937
1.429820   0.082550  0.0742315  0.2195252
1.449820   0.083850  0.1199256  0.3394508
1.469820   0.084780  0.1622225  0.5016732
1.489820   0.085360  0.1490779  0.6507511
1.509820   0.085580  0.1018944  0.7526455
1.529820   0.085470  0.0649379  0.8175834
1.549820   0.085060  0.0426591  0.8602424
1.569820   0.084350  0.0294349  0.8896774
1.589820   0.083360  0.0212415  0.9109189
1.609820   0.082130  0.0159025  0.9268214
1.629820   0.080670  0.0122601  0.9390815
1.649820   0.079010  0.0096763  0.9487578
1.669820   0.077170  0.0077828  0.9565406
1.689820   0.075180  0.0063568  0.9628975
1.709820   0.073050  0.0052584  0.9681559
1.729820   0.070820  0.0043958  0.9725517
1.749820   0.068490  0.0037075  0.9762592
1.769820   0.066100  0.0031504  0.9794096
1.789820   0.063670  0.0026942  0.9821038
1.809820   0.061210  0.0023170  0.9844208
1.829820   0.058730  0.0020021  0.9864229
1.849820   0.056260  0.0017373  0.9881602
1.869820   0.053800  0.0015131  0.9896732
1.889820   0.051380  0.0013222  0.9909954
1.909820   0.048990  0.0011587  0.9921541
1.929820   0.046660  0.0010183  0.9931724
1.949820   0.044380  0.0008969  0.9940693
1.969820   0.042160  0.0007917  0.9948610
1.989820   0.040010  0.0007004  0.9955613
2.009820   0.037930  0.0006206  0.9961819
2.029820   0.035930  0.0005509  0.9967328
2.049820   0.034010  0.0004898  0.9972226
2.069820   0.032160  0.0004361  0.9976588
2.089820   0.030400  0.0003888  0.9980476
2.109820   0.028710  0.0003474  0.9983950
2.129820   0.027100  0.0003105  0.9987055
2.149820   0.025570  0.0002781  0.9989835
2.169820   0.024110  0.0002492  0.9992327
2.189820   0.022730  0.0002236  0.9994563
2.209820   0.021420  0.0002007  0.9996570
2.229820   0.020180  0.0001805  0.9998375
2.249820   0.019010  0.0001625  1.0000000
