0.276000   0.000080  0.0000000  0.0000000
0.296000   0.012920  0.0000060  0.0000060
0.316000   0.017410  0.0000095  0.0000154
0.336000   0.020390  0.0000126  0.0000280
0.356000   0.022580  0.0000161  0.0000440
0.376000   0.024280  0.0000196  0.0000636
0.396000   0.025640  0.0000233  0.0000868
0.416000   0.026750  0.0000274  0.0001142
0.436000   0.027680  0.0000317  0.0001459
0.456000   0.028460  0.0000364  0.0001823
0.476000   0.029130  0.0000416  0.0002239
0.496000   0.029710  0.0000471  0.0002710
0.516000   0.030210  0.0000533  0.0003243
0.536000   0.030650  0.0000599  0.0003842
0.556000   0.031040  0.0000671  0.0004513
0.576000   0.031380  0.0000751  0.0005264
0.596000   0.031690  0.0000838  0.0006102
0.616000   0.031970  0.0000934  0.0007036
0.636000   0.032210  0.0001039  0.0008076
0.656000   0.032440  0.0001155  0.0009230
0.676000   0.032640  0.0001282  0.0010512
0.696000   0.032830  0.0001424  0.0011937
0.716000   0.033000  0.0001581  0.0013517
0.736000   0.033160  0.0001756  0.0015273
0.756000   0.033310  0.0001949  0.0017222
0.776000   0.033470  0.0002169  0.0019391
0.796000   0.033650  0.0002416  0.0021807
0.816000   0.033870  0.0002700  0.0024507
0.836000   0.034170  0.0003031  0.0027539
0.856000   0.034640  0.0003425  0.0030963
0.876000   0.035390  0.0003908  0.0034871
0.896000   0.036660  0.0004534  0.0039405
0.916000   0.038820  0.0005392  0.0044797
0.936000   0.042380  0.0006635  0.0051432
0.956000   0.048140  0.0008522  0.0059955
0.976000   0.057230  0.0011500  0.0071455
0.996000   0.083400  0.0019041  0.0090496
1.016000   0.112560  0.0029218  0.0119714
1.036000   0.143020  0.0042194  0.0161907
1.056000   0.175180  0.0058586  0.0220493
1.076000   0.208490  0.0078629  0.0299123
1.096000   0.240850  0.0101790  0.0400913
1.116000   0.268650  0.0126855  0.0527768
1.136000   0.292480  0.0153811  0.0681579
1.156000   0.311320  0.0182300  0.0863879
1.176000   0.324050  0.0212317  0.1076196
1.196000   0.333790  0.0244482  0.1320678
1.216000   0.340210  0.0278709  0.1599387
1.236000   0.343220  0.0314992  0.1914379
1.256000   0.345860  0.0351705  0.2266084
1.276000   0.347230  0.0387227  0.2653311
1.296000   0.347260  0.0419408  0.3072719
1.316000   0.348380  0.0442882  0.3515602
1.336000   0.349230  0.0456113  0.3971715
1.356000   0.349690  0.0457928  0.4429643
1.376000   0.351900  0.0446037  0.4875680
1.396000   0.354140  0.0424965  0.5300645
1.416000   0.356290  0.0397877  0.5698523
1.436000   0.360250  0.0366428  0.6064951
1.456000   0.363930  0.0334980  0.6399931
1.476000   0.367210  0.0304967  0.6704898
1.496000   0.371160  0.0276888  0.6981786
1.516000   0.373670  0.0251590  0.7233376
1.536000   0.374630  0.0228820  0.7462196
1.556000   0.374050  0.0208275  0.7670471
1.576000   0.370940  0.0189602  0.7860073
1.596000   0.365450  0.0172453  0.8032526
1.616000   0.357910  0.0156583  0.8189109
1.636000   0.348510  0.0141829  0.8330938
1.656000   0.337750  0.0128129  0.8459067
1.676000   0.326080  0.0115462  0.8574529
1.696000   0.313940  0.0103838  0.8678367
1.716000   0.301680  0.0093254  0.8771621
1.736000   0.289540  0.0083690  0.8855311
1.756000   0.277780  0.0075116  0.8930427
1.776000   0.266510  0.0067473  0.8997899
1.796000   0.255820  0.0060689  0.9058588
1.816000   0.245790  0.0054696  0.9113285
1.836000   0.236410  0.0049407  0.9162692
1.856000   0.227700  0.0044748  0.9207440
1.876000   0.219650  0.0040646  0.9248086
1.896000   0.212230  0.0037030  0.9285116
1.916000   0.205400  0.0033842  0.9318958
1.936000   0.199140  0.0031029  0.9349987
1.956000   0.193410  0.0028539  0.9378526
1.976000   0.188160  0.0026330  0.9404856
1.996000   0.183370  0.0024369  0.9429226
2.016000   0.178990  0.0022622  0.9451847
2.036000   0.174990  0.0021060  0.9472907
2.056000   0.171350  0.0019660  0.9492568
2.076000   0.168030  0.0018405  0.9510973
2.096000   0.165000  0.0017273  0.9528246
2.116000   0.162240  0.0016250  0.9544496
2.136000   0.159720  0.0015324  0.9559820
2.156000   0.157430  0.0014482  0.9574302
2.176000   0.155340  0.0013717  0.9588019
2.196000   0.153430  0.0013017  0.9601036
2.216000   0.151700  0.0012377  0.9613413
2.236000   0.150110  0.0011788  0.9625202
2.256000   0.148670  0.0011247  0.9636449
2.276000   0.147350  0.0010747  0.9647196
2.296000   0.146150  0.0010286  0.9657482
2.316000   0.145050  0.0009858  0.9667340
2.336000   0.144050  0.0009461  0.9676801
2.356000   0.143140  0.0009090  0.9685891
2.376000   0.142310  0.0008745  0.9694635
2.396000   0.141550  0.0008421  0.9703057
2.416000   0.140860  0.0008121  0.9711178
2.436000   0.140230  0.0007837  0.9719015
2.456000   0.139650  0.0007571  0.9726586
2.476000   0.139130  0.0007320  0.9733907
2.496000   0.138650  0.0007086  0.9740993
2.516000   0.138210  0.0006861  0.9747854
2.536000   0.137820  0.0006652  0.9754506
2.556000   0.137460  0.0006452  0.9760958
2.576000   0.137130  0.0006263  0.9767220
2.596000   0.136830  0.0006084  0.9773304
2.616000   0.136560  0.0005913  0.9779216
2.636000   0.136310  0.0005750  0.9784967
2.656000   0.136090  0.0005596  0.9790562
2.676000   0.135880  0.0005448  0.9796010
2.696000   0.135700  0.0005308  0.9801318
2.716000   0.135530  0.0005174  0.9806492
2.736000   0.135390  0.0005044  0.9811536
2.756000   0.135250  0.0004921  0.9816457
2.776000   0.135130  0.0004803  0.9821260
2.796000   0.135020  0.0004690  0.9825950
2.816000   0.134930  0.0004581  0.9830531
2.836000   0.134840  0.0004476  0.9835008
2.856000   0.134770  0.0004375  0.9839383
2.876000   0.134700  0.0004279  0.9843662
2.896000   0.134640  0.0004186  0.9847848
2.916000   0.134590  0.0004098  0.9851945
2.936000   0.134540  0.0004011  0.9855956
2.956000   0.134510  0.0003927  0.9859883
2.976000   0.134470  0.0003846  0.9863729
2.996000   0.134450  0.0003768  0.9867498
3.016000   0.134430  0.0003694  0.9871192
3.036000   0.134410  0.0003622  0.9874814
3.056000   0.134400  0.0003550  0.9878364
3.076000   0.134390  0.0003482  0.9881846
3.096000   0.134380  0.0003416  0.9885263
3.116000   0.134380  0.0003353  0.9888615
3.136000   0.134380  0.0003291  0.9891906
3.156000   0.134380  0.0003231  0.9895137
3.176000   0.134390  0.0003173  0.9898311
3.196000   0.134400  0.0003118  0.9901429
3.216000   0.134410  0.0003062  0.9904491
3.236000   0.134420  0.0003009  0.9907500
3.256000   0.134440  0.0002957  0.9910457
3.276000   0.134450  0.0002908  0.9913365
3.296000   0.134470  0.0002859  0.9916224
3.316000   0.134490  0.0002811  0.9919035
3.336000   0.134510  0.0002764  0.9921799
3.356000   0.134530  0.0002719  0.9924518
3.376000   0.134550  0.0002675  0.9927193
3.396000   0.134570  0.0002632  0.9929825
3.416000   0.134590  0.0002591  0.9932416
3.436000   0.134620  0.0002550  0.9934966
3.456000   0.134640  0.0002511  0.9937477
3.476000   0.134670  0.0002474  0.9939951
3.496000   0.134690  0.0002435  0.9942385
3.516000   0.134720  0.0002400  0.9944785
3.536000   0.134740  0.0002363  0.9947148
3.556000   0.134770  0.0002328  0.9949475
3.576000   0.134800  0.0002295  0.9951770
3.596000   0.134830  0.0002260  0.9954030
3.616000   0.134850  0.0002229  0.9956259
3.636000   0.134880  0.0002196  0.9958455
3.656000   0.134910  0.0002165  0.9960620
3.676000   0.134940  0.0002134  0.9962754
3.696000   0.134960  0.0002105  0.9964859
3.716000   0.134990  0.0002077  0.9966936
3.736000   0.135020  0.0002048  0.9968983
3.756000   0.135050  0.0002021  0.9971004
3.776000   0.135070  0.0001994  0.9972999
3.796000   0.135100  0.0001967  0.9974966
3.816000   0.135130  0.0001941  0.9976907
3.836000   0.135160  0.0001916  0.9978823
3.856000   0.135190  0.0001891  0.9980714
3.876000   0.135210  0.0001867  0.9982581
3.896000   0.135240  0.0001842  0.9984423
3.916000   0.135270  0.0001819  0.9986242
3.936000   0.135290  0.0001795  0.9988037
3.956000   0.135320  0.0001774  0.9989811
3.976000   0.135350  0.0001751  0.9991562
3.996000   0.135370  0.0001729  0.9993291
4.016000   0.135400  0.0001708  0.9994999
4.036000   0.135430  0.0001688  0.9996687
4.056000   0.135450  0.0001667  0.9998354
4.076000   0.135480  0.0001646  1.0000000
