0.917080   0.000010  0.0000000  0.0000000
0.937080   0.000020  0.0000002  0.0000002
0.957080   0.000040  0.0000002  0.0000004
0.977080   0.000080  0.0000004  0.0000008
0.997080   0.000130  0.0000008  0.0000016
1.017080   0.000210  0.0000014  0.0000030
1.037080   0.000330  0.0000024  0.0000054
1.057080   0.000480  0.0000038  0.0000092
1.077080   0.000700  0.0000060  0.0000152
1.097080   0.001000  0.0000094  0.0000246
1.117080   0.001410  0.0000148  0.0000394
1.137080   0.001970  0.0000228  0.0000622
1.157080   0.002740  0.0000354  0.0000977
1.177080   0.003800  0.0000546  0.0001523
1.197080   0.005200  0.0000836  0.0002359
1.217080   0.007030  0.0001271  0.0003630
1.237080   0.009320  0.0001903  0.0005533
1.257080   0.012140  0.0002812  0.0008345
1.277080   0.015530  0.0004104  0.0012449
1.297080   0.019530  0.0005925  0.0018375
1.317080   0.024170  0.0008483  0.0026858
1.337080   0.029540  0.0012089  0.0038947
1.357080   0.035800  0.0017238  0.0056185
1.377080   0.043350  0.0024817  0.0081001
1.397080   0.052940  0.0036437  0.0117439
1.417080   0.064740  0.0054190  0.0171629
1.437080   0.078100  0.0080433  0.0252062
1.457080   0.092440  0.0118481  0.0370543
1.477080   0.107160  0.0172605  0.0543148
1.497080   0.121490  0.0247543  0.0790691
1.517080   0.134790  0.0347876  0.1138567
1.537080   0.146800  0.0475321  0.1613888
1.557080   0.157420  0.0621980  0.2235868
1.577080   0.166640  0.0761944  0.2997813
1.597080   0.174500  0.0853870  0.3851683
1.617080   0.181020  0.0866568  0.4718251
1.637080   0.186250  0.0805288  0.5523539
1.657080   0.190230  0.0702854  0.6226393
1.677080   0.193020  0.0591603  0.6817995
1.697080   0.194690  0.0489773  0.7307768
1.717080   0.195310  0.0403631  0.7711399
1.737080   0.194950  0.0333275  0.8044674
1.757080   0.193690  0.0276548  0.8321222
1.777080   0.191620  0.0230887  0.8552110
1.797080   0.188830  0.0193990  0.8746099
1.817080   0.185380  0.0163978  0.8910077
1.837080   0.181370  0.0139388  0.9049465
1.857080   0.176880  0.0119090  0.9168555
1.877080   0.171990  0.0102216  0.9270771
1.897080   0.166770  0.0088094  0.9358864
1.917080   0.161290  0.0076203  0.9435067
1.937080   0.155620  0.0066139  0.9501206
1.957080   0.149810  0.0057576  0.9558781
1.977080   0.143920  0.0050261  0.9609043
1.997080   0.138000  0.0043986  0.9653029
2.017080   0.132080  0.0038585  0.9691613
2.037080   0.126210  0.0033918  0.9725531
2.057080   0.120430  0.0029876  0.9755407
2.077080   0.114740  0.0026365  0.9781772
2.097080   0.109190  0.0023308  0.9805080
2.117080   0.103780  0.0020640  0.9825720
2.137080   0.098540  0.0018307  0.9844027
2.157080   0.093470  0.0016262  0.9860288
2.177080   0.088580  0.0014466  0.9874755
2.197080   0.083880  0.0012886  0.9887640
2.217080   0.079370  0.0011495  0.9899135
2.237080   0.075060  0.0010266  0.9909401
2.257080   0.070940  0.0009181  0.9918582
2.277080   0.067010  0.0008221  0.9926803
2.297080   0.063270  0.0007368  0.9934171
2.317080   0.059710  0.0006614  0.9940785
2.337080   0.056340  0.0005941  0.9946727
2.357080   0.053140  0.0005345  0.9952072
2.377080   0.050110  0.0004813  0.9956885
2.397080   0.047250  0.0004339  0.9961223
2.417080   0.044540  0.0003914  0.9965138
2.437080   0.041980  0.0003534  0.9968672
2.457080   0.039560  0.0003196  0.9971868
2.477080   0.037280  0.0002892  0.9974759
2.497080   0.035130  0.0002620  0.9977379
2.517080   0.033110  0.0002375  0.9979754
2.537080   0.031200  0.0002155  0.9981909
2.557080   0.029410  0.0001959  0.9983869
2.577080   0.027720  0.0001781  0.9985650
2.597080   0.026130  0.0001621  0.9987271
2.617080   0.024630  0.0001475  0.9988745
2.637080   0.023220  0.0001345  0.9990090
2.657080   0.021900  0.0001227  0.9991317
2.677080   0.020650  0.0001121  0.9992438
2.697080   0.019480  0.0001025  0.9993462
2.717080   0.018380  0.0000937  0.9994399
2.737080   0.017340  0.0000857  0.9995255
2.757080   0.016370  0.0000784  0.9996040
2.777080   0.015450  0.0000720  0.9996760
2.797080   0.014590  0.0000660  0.9997420
2.817080   0.013780  0.0000606  0.9998027
2.837080   0.013020  0.0000556  0.9998583
2.857080   0.012310  0.0000512  0.9999095
2.877080   0.011630  0.0000470  0.9999566
2.897080   0.011000  0.0000434  1.0000000
