0.801350   0.000010  0.0000000  0.0000000
0.821350   0.000040  0.0000004  0.0000004
0.841350   0.000110  0.0000010  0.0000014
0.861350   0.000220  0.0000026  0.0000040
0.881350   0.000410  0.0000054  0.0000094
0.901350   0.000680  0.0000100  0.0000194
0.921350   0.001050  0.0000180  0.0000374
0.941350   0.001560  0.0000306  0.0000681
0.961350   0.002240  0.0000511  0.0001191
0.981350   0.003160  0.0000841  0.0002032
1.001350   0.004430  0.0001393  0.0003425
1.021350   0.006380  0.0002388  0.0005814
1.041350   0.009220  0.0004166  0.0009980
1.061350   0.012500  0.0006913  0.0016893
1.081350   0.015900  0.0010943  0.0027836
1.101350   0.019480  0.0017047  0.0044884
1.121350   0.023330  0.0026647  0.0071531
1.141350   0.027630  0.0042537  0.0114068
1.161350   0.032470  0.0070317  0.0184385
1.181350   0.038130  0.0122654  0.0307040
1.201350   0.044830  0.0229667  0.0536707
1.221350   0.053020  0.0465985  0.1002692
1.241350   0.063130  0.0956034  0.1958726
1.261350   0.076470  0.1439397  0.3398123
1.281350   0.112200  0.1029441  0.4427564
1.301350   0.162990  0.0646272  0.5073836
1.321350   0.198400  0.0483098  0.5556934
1.341350   0.227150  0.0385962  0.5942896
1.361350   0.251520  0.0320537  0.6263433
1.381350   0.272640  0.0273195  0.6536629
1.401350   0.291140  0.0237247  0.6773875
1.421350   0.307550  0.0208972  0.6982848
1.441350   0.322300  0.0186141  0.7168989
1.461350   0.335720  0.0167324  0.7336312
1.481350   0.348210  0.0151578  0.7487890
1.501350   0.360050  0.0138242  0.7626133
1.521350   0.371730  0.0126859  0.7752991
1.541350   0.383530  0.0117083  0.7870074
1.561350   0.395980  0.0108666  0.7978740
1.581350   0.409040  0.0101379  0.8080119
1.601350   0.423130  0.0095066  0.8175186
1.621350   0.437860  0.0089545  0.8264731
1.641350   0.453410  0.0084698  0.8349429
1.661350   0.469130  0.0080386  0.8429814
1.681350   0.485210  0.0076536  0.8506350
1.701350   0.501040  0.0073052  0.8579402
1.721350   0.516520  0.0069873  0.8649275
1.741350   0.531260  0.0066944  0.8716219
1.761350   0.545190  0.0064229  0.8780448
1.781350   0.558130  0.0061695  0.8842143
1.801350   0.569970  0.0059314  0.8901457
1.821350   0.580700  0.0057068  0.8958525
1.841350   0.590110  0.0054936  0.9013461
1.861350   0.597910  0.0052890  0.9066350
1.881350   0.603860  0.0050912  0.9117262
1.901350   0.607840  0.0048986  0.9166248
1.921350   0.609660  0.0047096  0.9213344
1.941350   0.609260  0.0045232  0.9258575
1.961350   0.606690  0.0043390  0.9301965
1.981350   0.601970  0.0041564  0.9343530
2.001350   0.595170  0.0039746  0.9383276
2.021350   0.586490  0.0037943  0.9421219
2.041350   0.576160  0.0036157  0.9457375
2.061350   0.564320  0.0034387  0.9491762
2.081350   0.551250  0.0032645  0.9524407
2.101350   0.537110  0.0030929  0.9555337
2.121350   0.522140  0.0029252  0.9584588
2.141350   0.506480  0.0027616  0.9612204
2.161350   0.490340  0.0026024  0.9638229
2.181350   0.473810  0.0024483  0.9662712
2.201350   0.457090  0.0022997  0.9685709
2.221350   0.440280  0.0021568  0.9707277
2.241350   0.423520  0.0020203  0.9727479
2.261350   0.406890  0.0018899  0.9746379
2.281350   0.390430  0.0017660  0.9764038
2.301350   0.374220  0.0016483  0.9780521
2.321350   0.358350  0.0015372  0.9795893
2.341350   0.342850  0.0014323  0.9810215
2.361350   0.327760  0.0013336  0.9823551
2.381350   0.313110  0.0012411  0.9835962
2.401350   0.298910  0.0011542  0.9847503
2.421350   0.285200  0.0010729  0.9858232
2.441350   0.271980  0.0009972  0.9868204
2.461350   0.259260  0.0009263  0.9877468
2.481350   0.247030  0.0008605  0.9886072
2.501350   0.235290  0.0007992  0.9894064
2.521350   0.224030  0.0007422  0.9901486
2.541350   0.213260  0.0006891  0.9908377
2.561350   0.202960  0.0006398  0.9914775
2.581350   0.193120  0.0005942  0.9920718
2.601350   0.183730  0.0005518  0.9926235
2.621350   0.174770  0.0005125  0.9931360
2.641350   0.166230  0.0004761  0.9936121
2.661350   0.158090  0.0004424  0.9940546
2.681350   0.150340  0.0004110  0.9944656
2.701350   0.142970  0.0003822  0.9948478
2.721350   0.135960  0.0003554  0.9952031
2.741350   0.129290  0.0003303  0.9955335
2.761350   0.122950  0.0003073  0.9958408
2.781350   0.116930  0.0002861  0.9961269
2.801350   0.111210  0.0002663  0.9963931
2.821350   0.105770  0.0002479  0.9966410
2.841350   0.100610  0.0002308  0.9968718
2.861350   0.095720  0.0002152  0.9970870
2.881350   0.091060  0.0002006  0.9972876
2.901350   0.086650  0.0001870  0.9974746
2.921350   0.082460  0.0001744  0.9976490
2.941350   0.078480  0.0001628  0.9978118
2.961350   0.074700  0.0001520  0.9979637
2.981350   0.071110  0.0001417  0.9981055
3.001350   0.067710  0.0001325  0.9982380
3.021350   0.064480  0.0001237  0.9983617
3.041350   0.061420  0.0001157  0.9984775
3.061350   0.058510  0.0001081  0.9985856
3.081350   0.055740  0.0001011  0.9986867
3.101350   0.053120  0.0000947  0.9987814
3.121350   0.050630  0.0000887  0.9988701
3.141350   0.048260  0.0000831  0.9989531
3.161350   0.046010  0.0000777  0.9990308
3.181350   0.043880  0.0000729  0.9991037
3.201350   0.041860  0.0000683  0.9991720
3.221350   0.039920  0.0000641  0.9992360
3.241350   0.038100  0.0000601  0.9992961
3.261350   0.036360  0.0000565  0.9993525
3.281350   0.034710  0.0000531  0.9994056
3.301350   0.033140  0.0000499  0.9994554
3.321350   0.031640  0.0000466  0.9995021
3.341350   0.030220  0.0000438  0.9995459
3.361350   0.028870  0.0000412  0.9995872
3.381350   0.027580  0.0000388  0.9996260
3.401350   0.026360  0.0000366  0.9996627
3.421350   0.025200  0.0000344  0.9996971
3.441350   0.024090  0.0000324  0.9997295
3.461350   0.023030  0.0000304  0.9997600
3.481350   0.022030  0.0000288  0.9997888
3.501350   0.021080  0.0000270  0.9998158
3.521350   0.020170  0.0000256  0.9998414
3.541350   0.019300  0.0000240  0.9998655
3.561350   0.018480  0.0000226  0.9998881
3.581350   0.017690  0.0000214  0.9999095
3.601350   0.016940  0.0000202  0.9999297
3.621350   0.016230  0.0000190  0.9999487
3.641350   0.015550  0.0000180  0.9999668
3.661350   0.014900  0.0000170  0.9999838
3.681350   0.014280  0.0000162  1.0000000
