1.513720   0.000010  0.0000002  0.0000002
1.533720   0.000030  0.0000004  0.0000006
1.553720   0.000080  0.0000010  0.0000017
1.573720   0.000160  0.0000027  0.0000044
1.593720   0.000300  0.0000056  0.0000100
1.613720   0.000520  0.0000109  0.0000209
1.633720   0.000840  0.0000203  0.0000411
1.653720   0.001330  0.0000370  0.0000781
1.673720   0.002060  0.0000670  0.0001451
1.693720   0.003120  0.0001195  0.0002646
1.713720   0.004590  0.0002093  0.0004739
1.733720   0.006530  0.0003598  0.0008337
1.753720   0.009010  0.0006096  0.0014433
1.773720   0.012050  0.0010229  0.0024662
1.793720   0.015680  0.0017106  0.0041769
1.813720   0.019870  0.0028770  0.0070539
1.833720   0.024610  0.0049220  0.0119760
1.853720   0.029840  0.0086969  0.0206729
1.873720   0.035500  0.0162066  0.0368795
1.893720   0.041540  0.0327211  0.0696006
1.913720   0.047900  0.0727719  0.1423725
1.933720   0.054490  0.1570192  0.2993917
1.953720   0.061270  0.1871511  0.4865428
1.973720   0.068180  0.1154409  0.6019837
1.993720   0.075160  0.0666150  0.6685987
2.013720   0.082160  0.0425239  0.7111226
2.033720   0.089160  0.0297739  0.7408965
2.053720   0.096110  0.0223113  0.7632078
2.073720   0.102990  0.0175620  0.7807698
2.093720   0.109770  0.0143357  0.7951055
2.113720   0.116440  0.0120294  0.8071349
2.133720   0.122980  0.0103127  0.8174477
2.153720   0.129390  0.0089928  0.8264405
2.173720   0.135650  0.0079505  0.8343910
2.193720   0.141760  0.0071089  0.8414999
2.213720   0.147710  0.0064168  0.8479166
2.233720   0.153510  0.0058383  0.8537549
2.253720   0.159150  0.0053481  0.8591030
2.273720   0.164630  0.0049281  0.8640311
2.293720   0.169960  0.0045643  0.8685954
2.313720   0.175140  0.0042464  0.8728418
2.333720   0.180170  0.0039664  0.8768082
2.353720   0.185060  0.0037181  0.8805263
2.373720   0.189800  0.0034963  0.8840225
2.393720   0.194410  0.0032970  0.8873196
2.413720   0.198880  0.0031172  0.8904368
2.433720   0.203220  0.0029541  0.8933909
2.453720   0.207440  0.0028056  0.8961965
2.473720   0.211530  0.0026699  0.8988664
2.493720   0.215500  0.0025454  0.9014118
2.513720   0.219360  0.0024305  0.9038423
2.533720   0.223120  0.0023246  0.9061670
2.553720   0.226760  0.0022267  0.9083937
2.573720   0.230300  0.0021354  0.9105291
2.593720   0.233750  0.0020509  0.9125799
2.613720   0.237090  0.0019717  0.9145516
2.633720   0.240350  0.0018978  0.9164494
2.653720   0.243520  0.0018284  0.9182779
2.673720   0.246600  0.0017635  0.9200413
2.693720   0.249600  0.0017023  0.9217436
2.713720   0.252520  0.0016449  0.9233885
2.733720   0.255360  0.0015906  0.9249790
2.753720   0.258130  0.0015392  0.9265182
2.773720   0.260820  0.0014907  0.9280090
2.793720   0.263450  0.0014448  0.9294538
2.813720   0.266010  0.0014011  0.9308549
2.833720   0.268500  0.0013598  0.9322147
2.853720   0.270940  0.0013205  0.9335352
2.873720   0.273310  0.0012829  0.9348181
2.893720   0.275620  0.0012472  0.9360654
2.913720   0.277880  0.0012132  0.9372785
2.933720   0.280080  0.0011808  0.9384593
2.953720   0.282230  0.0011497  0.9396090
2.973720   0.284330  0.0011200  0.9407291
2.993720   0.286380  0.0010916  0.9418207
3.013720   0.288380  0.0010645  0.9428852
3.033720   0.290340  0.0010384  0.9439236
3.053720   0.292250  0.0010133  0.9449369
3.073720   0.294120  0.0009893  0.9459262
3.093720   0.295950  0.0009661  0.9468923
3.113720   0.297730  0.0009440  0.9478363
3.133720   0.299480  0.0009225  0.9487587
3.153720   0.301180  0.0009020  0.9496607
3.173720   0.302850  0.0008822  0.9505429
3.193720   0.304490  0.0008632  0.9514060
3.213720   0.306090  0.0008446  0.9522506
3.233720   0.307650  0.0008268  0.9530774
3.253720   0.309180  0.0008097  0.9538871
3.273720   0.310680  0.0007932  0.9546803
3.293720   0.312150  0.0007771  0.9554574
3.313720   0.313590  0.0007617  0.9562191
3.333720   0.315000  0.0007466  0.9569657
3.353720   0.316380  0.0007322  0.9576979
3.373720   0.317730  0.0007182  0.9584161
3.393720   0.319060  0.0007046  0.9591208
3.413720   0.320360  0.0006913  0.9598120
3.433720   0.321630  0.0006785  0.9604906
3.453720   0.322880  0.0006662  0.9611568
3.473720   0.324100  0.0006541  0.9618109
3.493720   0.325310  0.0006424  0.9624533
3.513720   0.326480  0.0006311  0.9630844
3.533720   0.327640  0.0006203  0.9637047
3.553720   0.328770  0.0006094  0.9643141
3.573720   0.329890  0.0005992  0.9649133
3.593720   0.330980  0.0005889  0.9655022
3.613720   0.332050  0.0005791  0.9660813
3.633720   0.333100  0.0005695  0.9666509
3.653720   0.334140  0.0005603  0.9672112
3.673720   0.335150  0.0005511  0.9677623
3.693720   0.336150  0.0005424  0.9683047
3.713720   0.337130  0.0005338  0.9688385
3.733720   0.338090  0.0005255  0.9693640
3.753720   0.339030  0.0005173  0.9698813
3.773720   0.339960  0.0005094  0.9703906
3.793720   0.340870  0.0005016  0.9708923
3.813720   0.341770  0.0004939  0.9713862
3.833720   0.342650  0.0004866  0.9718728
3.853720   0.343510  0.0004795  0.9723523
3.873720   0.344370  0.0004724  0.9728247
3.893720   0.345200  0.0004655  0.9732902
3.913720   0.346030  0.0004588  0.9737491
3.933720   0.346830  0.0004521  0.9742012
3.953720   0.347630  0.0004459  0.9746471
3.973720   0.348410  0.0004396  0.9750867
3.993720   0.349180  0.0004336  0.9755203
4.013720   0.349940  0.0004275  0.9759478
4.033720   0.350680  0.0004217  0.9763694
4.053720   0.351420  0.0004160  0.9767855
4.073720   0.352140  0.0004104  0.9771958
4.093720   0.352850  0.0004049  0.9776008
4.113720   0.353550  0.0003995  0.9780003
4.133720   0.354240  0.0003943  0.9783946
4.153720   0.354910  0.0003891  0.9787837
4.173720   0.355580  0.0003841  0.9791678
4.193720   0.356240  0.0003793  0.9795470
4.213720   0.356880  0.0003745  0.9799215
4.233720   0.357520  0.0003697  0.9802911
4.253720   0.358150  0.0003651  0.9806562
4.273720   0.358760  0.0003605  0.9810167
4.293720   0.359370  0.0003561  0.9813727
4.313720   0.359970  0.0003517  0.9817244
4.333720   0.360560  0.0003475  0.9820719
4.353720   0.361140  0.0003433  0.9824153
4.373720   0.361720  0.0003392  0.9827544
4.393720   0.362280  0.0003352  0.9830896
4.413720   0.362840  0.0003312  0.9834209
4.433720   0.363380  0.0003273  0.9837481
4.453720   0.363930  0.0003235  0.9840716
4.473720   0.364460  0.0003197  0.9843914
4.493720   0.364980  0.0003160  0.9847074
4.513720   0.365500  0.0003124  0.9850198
4.533720   0.366010  0.0003089  0.9853287
4.553720   0.366510  0.0003055  0.9856342
4.573720   0.367010  0.0003020  0.9859362
4.593720   0.367500  0.0002986  0.9862348
4.613720   0.367980  0.0002953  0.9865301
4.633720   0.368460  0.0002922  0.9868223
4.653720   0.368930  0.0002890  0.9871114
4.673720   0.369390  0.0002859  0.9873973
4.693720   0.369850  0.0002828  0.9876800
4.713720   0.370300  0.0002799  0.9879599
4.733720   0.370740  0.0002767  0.9882366
4.753720   0.371180  0.0002738  0.9885104
4.773720   0.371620  0.0002711  0.9887815
4.793720   0.372040  0.0002682  0.9890497
4.813720   0.372460  0.0002654  0.9893151
4.833720   0.372880  0.0002627  0.9895778
4.853720   0.373290  0.0002600  0.9898378
4.873720   0.373700  0.0002573  0.9900951
4.893720   0.374100  0.0002548  0.9903499
4.913720   0.374490  0.0002523  0.9906022
4.933720   0.374880  0.0002498  0.9908520
4.953720   0.375270  0.0002473  0.9910993
4.973720   0.375650  0.0002448  0.9913440
4.993720   0.376020  0.0002423  0.9915863
5.013720   0.376390  0.0002400  0.9918262
5.033720   0.376760  0.0002377  0.9920639
5.053720   0.377120  0.0002354  0.9922993
5.073720   0.377480  0.0002331  0.9925323
5.093720   0.377830  0.0002310  0.9927633
5.113720   0.378180  0.0002287  0.9929920
5.133720   0.378520  0.0002266  0.9932186
5.153720   0.378860  0.0002245  0.9934431
5.173720   0.379200  0.0002224  0.9936655
5.193720   0.379530  0.0002203  0.9938859
5.213720   0.379860  0.0002182  0.9941041
5.233720   0.380180  0.0002162  0.9943203
5.253720   0.380500  0.0002143  0.9945345
5.273720   0.380820  0.0002124  0.9947469
5.293720   0.381130  0.0002103  0.9949572
5.313720   0.381440  0.0002084  0.9951657
5.333720   0.381740  0.0002065  0.9953722
5.353720   0.382040  0.0002049  0.9955771
5.373720   0.382340  0.0002030  0.9957801
5.393720   0.382630  0.0002011  0.9959812
5.413720   0.382930  0.0001994  0.9961806
5.433720   0.383210  0.0001978  0.9963784
5.453720   0.383500  0.0001959  0.9965743
5.473720   0.383780  0.0001942  0.9967685
5.493720   0.384060  0.0001926  0.9969611
5.513720   0.384330  0.0001909  0.9971520
5.533720   0.384600  0.0001894  0.9973414
5.553720   0.384870  0.0001878  0.9975292
5.573720   0.385140  0.0001861  0.9977152
5.593720   0.385400  0.0001846  0.9978999
5.613720   0.385660  0.0001829  0.9980828
5.633720   0.385920  0.0001815  0.9982643
5.653720   0.386170  0.0001800  0.9984443
5.673720   0.386420  0.0001786  0.9986229
5.693720   0.386670  0.0001771  0.9988000
5.713720   0.386920  0.0001756  0.9989756
5.733720   0.387160  0.0001742  0.9991498
5.753720   0.387400  0.0001727  0.9993225
5.773720   0.387640  0.0001715  0.9994940
5.793720   0.387870  0.0001700  0.9996640
5.813720   0.388110  0.0001687  0.9998327
5.833720   0.388340  0.0001673  1.0000000
