1.144130   0.000010  0.0000000  0.0000000
1.164130   0.000030  0.0000002  0.0000002
1.184130   0.000060  0.0000002  0.0000004
1.204130   0.000120  0.0000006  0.0000010
1.224130   0.000200  0.0000012  0.0000022
1.244130   0.000330  0.0000020  0.0000043
1.264130   0.000520  0.0000035  0.0000078
1.284130   0.000810  0.0000059  0.0000137
1.304130   0.001230  0.0000098  0.0000235
1.324130   0.001900  0.0000165  0.0000400
1.344130   0.002970  0.0000284  0.0000684
1.364130   0.004630  0.0000486  0.0001169
1.384130   0.007060  0.0000816  0.0001985
1.404130   0.010280  0.0001312  0.0003297
1.424130   0.014270  0.0002014  0.0005311
1.444130   0.018940  0.0002971  0.0008282
1.464130   0.024250  0.0004242  0.0012524
1.484130   0.030160  0.0005911  0.0018435
1.504130   0.036680  0.0008088  0.0026523
1.524130   0.043840  0.0010930  0.0037453
1.544130   0.051690  0.0014652  0.0052105
1.564130   0.060290  0.0019545  0.0071650
1.584130   0.069720  0.0026011  0.0097660
1.604130   0.080050  0.0034607  0.0132267
1.624130   0.091350  0.0046094  0.0178361
1.644130   0.103700  0.0061507  0.0239868
1.664130   0.117170  0.0082239  0.0322107
1.684130   0.131820  0.0110072  0.0432178
1.704130   0.147700  0.0147098  0.0579277
1.724130   0.164810  0.0195292  0.0774568
1.744130   0.183100  0.0255470  0.1030039
1.764130   0.202490  0.0325471  0.1355510
1.784130   0.222890  0.0398139  0.1753649
1.804130   0.244200  0.0461286  0.2214935
1.824130   0.266290  0.0502141  0.2717076
1.844130   0.288960  0.0514413  0.3231489
1.864130   0.311870  0.0501328  0.3732818
1.884130   0.334660  0.0471788  0.4204606
1.904130   0.356940  0.0434753  0.4639359
1.924130   0.378410  0.0396423  0.5035782
1.944130   0.398770  0.0360133  0.5395915
1.964130   0.417830  0.0327277  0.5723192
1.984130   0.435410  0.0298157  0.6021349
2.004130   0.451380  0.0272571  0.6293919
2.024130   0.465660  0.0250120  0.6544040
2.044130   0.478190  0.0230364  0.6774404
2.064130   0.488940  0.0212882  0.6987285
2.084130   0.497920  0.0197310  0.7184595
2.104130   0.505140  0.0183343  0.7367938
2.124130   0.510640  0.0170722  0.7538660
2.144130   0.514480  0.0159236  0.7697896
2.164130   0.516730  0.0148716  0.7846613
2.184130   0.517460  0.0139025  0.7985637
2.204130   0.516770  0.0130049  0.8115686
2.224130   0.514750  0.0121700  0.8237386
2.244130   0.511500  0.0113906  0.8351291
2.264130   0.507110  0.0106607  0.8457898
2.284130   0.501700  0.0099760  0.8557658
2.304130   0.495350  0.0093322  0.8650980
2.324130   0.488180  0.0087269  0.8738249
2.344130   0.480280  0.0081572  0.8819821
2.364130   0.471750  0.0076212  0.8896033
2.384130   0.462660  0.0071168  0.8967201
2.404130   0.453130  0.0066426  0.9033627
2.424130   0.443220  0.0061974  0.9095601
2.444130   0.433010  0.0057795  0.9153396
2.464130   0.422570  0.0053880  0.9207276
2.484130   0.411970  0.0050213  0.9257490
2.504130   0.401270  0.0046786  0.9304276
2.524130   0.390530  0.0043582  0.9347858
2.544130   0.379790  0.0040595  0.9388453
2.564130   0.369090  0.0037810  0.9426263
2.584130   0.358490  0.0035219  0.9461482
2.604130   0.348010  0.0032807  0.9494289
2.624130   0.337690  0.0030565  0.9524854
2.644130   0.327550  0.0028484  0.9553337
2.664130   0.317610  0.0026553  0.9579890
2.684130   0.307890  0.0024760  0.9604650
2.704130   0.298410  0.0023099  0.9627749
2.724130   0.289180  0.0021561  0.9649310
2.744130   0.280220  0.0020132  0.9669442
2.764130   0.271520  0.0018812  0.9688254
2.784130   0.263100  0.0017588  0.9705842
2.804130   0.254960  0.0016454  0.9722296
2.824130   0.247090  0.0015405  0.9737701
2.844130   0.239510  0.0014432  0.9752132
2.864130   0.232200  0.0013532  0.9765664
2.884130   0.225170  0.0012697  0.9778361
2.904130   0.218410  0.0011924  0.9790285
2.924130   0.211920  0.0011206  0.9801491
2.944130   0.205690  0.0010543  0.9812033
2.964130   0.199720  0.0009926  0.9821960
2.984130   0.194000  0.0009353  0.9831313
3.004130   0.188520  0.0008823  0.9840135
3.024130   0.183270  0.0008329  0.9848464
3.044130   0.178260  0.0007872  0.9856336
3.064130   0.173470  0.0007445  0.9863781
3.084130   0.168890  0.0007049  0.9870830
3.104130   0.164520  0.0006680  0.9877511
3.124130   0.160350  0.0006337  0.9883848
3.144130   0.156370  0.0006019  0.9889867
3.164130   0.152570  0.0005719  0.9895586
3.184130   0.148960  0.0005442  0.9901028
3.204130   0.145510  0.0005183  0.9906210
3.224130   0.142220  0.0004940  0.9911150
3.244130   0.139100  0.0004713  0.9915863
3.264130   0.136130  0.0004503  0.9920366
3.284130   0.133310  0.0004305  0.9924672
3.304130   0.130630  0.0004120  0.9928791
3.324130   0.128080  0.0003946  0.9932737
3.344130   0.125660  0.0003783  0.9936520
3.364130   0.123360  0.0003632  0.9940152
3.384130   0.121180  0.0003487  0.9943639
3.404130   0.119100  0.0003352  0.9946991
3.424130   0.117130  0.0003226  0.9950217
3.444130   0.115260  0.0003107  0.9953325
3.464130   0.113480  0.0002995  0.9956320
3.484130   0.111780  0.0002889  0.9959209
3.504130   0.110180  0.0002789  0.9961998
3.524130   0.108650  0.0002695  0.9964693
3.544130   0.107200  0.0002606  0.9967299
3.564130   0.105820  0.0002522  0.9969821
3.584130   0.104500  0.0002442  0.9972263
3.604130   0.103260  0.0002367  0.9974630
3.624130   0.102070  0.0002295  0.9976925
3.644130   0.100950  0.0002226  0.9979152
3.664130   0.099880  0.0002163  0.9981314
3.684130   0.098860  0.0002102  0.9983416
3.704130   0.097890  0.0002042  0.9985458
3.724130   0.096970  0.0001987  0.9987446
3.744130   0.096100  0.0001934  0.9989380
3.764130   0.095260  0.0001883  0.9991263
3.784130   0.094470  0.0001836  0.9993099
3.804130   0.093720  0.0001789  0.9994889
3.824130   0.093010  0.0001745  0.9996633
3.844130   0.092330  0.0001704  0.9998337
3.864130   0.091680  0.0001663  1.0000000
