1.076000   0.000030  0.0000000  0.0000000
1.096000   0.004850  0.0000198  0.0000198
1.116000   0.006910  0.0000304  0.0000502
1.136000   0.008500  0.0000405  0.0000907
1.156000   0.009850  0.0000506  0.0001413
1.176000   0.011050  0.0000614  0.0002027
1.196000   0.012120  0.0000731  0.0002758
1.216000   0.013100  0.0000857  0.0003614
1.236000   0.014010  0.0000994  0.0004609
1.256000   0.014860  0.0001148  0.0005757
1.276000   0.015660  0.0001318  0.0007075
1.296000   0.016440  0.0001513  0.0008587
1.316000   0.017220  0.0001733  0.0010321
1.336000   0.018010  0.0001988  0.0012309
1.356000   0.018890  0.0002292  0.0014601
1.376000   0.019900  0.0002665  0.0017266
1.396000   0.021150  0.0003132  0.0020398
1.416000   0.022750  0.0003740  0.0024138
1.436000   0.024820  0.0004544  0.0028682
1.456000   0.027490  0.0005627  0.0034309
1.476000   0.030870  0.0007099  0.0041408
1.496000   0.035100  0.0009116  0.0050524
1.516000   0.040250  0.0011863  0.0062387
1.536000   0.046300  0.0015585  0.0077972
1.556000   0.053180  0.0020582  0.0098555
1.576000   0.060830  0.0027262  0.0125817
1.596000   0.069180  0.0036190  0.0162007
1.616000   0.078200  0.0048181  0.0210188
1.636000   0.087960  0.0064422  0.0274610
1.656000   0.098560  0.0086649  0.0361258
1.676000   0.110100  0.0117307  0.0478565
1.696000   0.123410  0.0160401  0.0638966
1.716000   0.137460  0.0218876  0.0857842
1.736000   0.152300  0.0296284  0.1154126
1.756000   0.167760  0.0393224  0.1547350
1.776000   0.183580  0.0503284  0.2050634
1.796000   0.199490  0.0609590  0.2660224
1.816000   0.215180  0.0688252  0.3348476
1.836000   0.230530  0.0720830  0.4069306
1.856000   0.246590  0.0702732  0.4772038
1.876000   0.265570  0.0643923  0.5415961
1.896000   0.290590  0.0563051  0.5979012
1.916000   0.326030  0.0477370  0.6456382
1.936000   0.378300  0.0396960  0.6853343
1.956000   0.457140  0.0324931  0.7178273
1.976000   0.578350  0.0260454  0.7438728
1.996000   0.769760  0.0201843  0.7640571
2.016000   1.085920  0.0148422  0.7788993
2.036000   1.649250  0.0100970  0.7889963
2.056000   2.774980  0.0061401  0.7951364
2.076000   5.160080  0.0033408  0.7984772
2.096000   8.839480  0.0019574  0.8004346
2.116000  12.298490  0.0014083  0.8018429
2.136000  14.924410  0.0011610  0.8030039
2.156000  16.821600  0.0010300  0.8040340
2.176000  18.147400  0.0009549  0.8049889
2.196000  19.022500  0.0009110  0.8058998
2.216000  19.537190  0.0008869  0.8067867
2.236000  19.761300  0.0008768  0.8076635
2.256000  19.750700  0.0008772  0.8085406
2.276000  19.551290  0.0008859  0.8094265
2.296000  19.201220  0.0009019  0.8103283
2.316000  18.732750  0.0009243  0.8112527
2.336000  18.173040  0.0009525  0.8122052
2.356000  17.545140  0.0009861  0.8131913
2.376000  16.868440  0.0010254  0.8142166
2.396000  16.159230  0.0010697  0.8152863
2.416000  15.431060  0.0011195  0.8164059
2.436000  14.695170  0.0011748  0.8175807
2.456000  13.960690  0.0012356  0.8188162
2.476000  13.235010  0.0013020  0.8201182
2.496000  12.523980  0.0013743  0.8214925
2.516000  11.832130  0.0014526  0.8229451
2.536000  11.162920  0.0015370  0.8244821
2.556000  10.518830  0.0016280  0.8261101
2.576000   9.901590  0.0017252  0.8278352
2.596000   9.312260  0.0018292  0.8296645
2.616000   8.751390  0.0019398  0.8316043
2.636000   8.219070  0.0020572  0.8336615
2.656000   7.715090  0.0021814  0.8358428
2.676000   7.238920  0.0023120  0.8381548
2.696000   6.789850  0.0024488  0.8406036
2.716000   6.367010  0.0025916  0.8431952
2.736000   5.969410  0.0027396  0.8459348
2.756000   5.595990  0.0028919  0.8488267
2.776000   5.245630  0.0030478  0.8518744
2.796000   4.917200  0.0032057  0.8550802
2.816000   4.609540  0.0033643  0.8584444
2.836000   4.321520  0.0035216  0.8619660
2.856000   4.052040  0.0036755  0.8656415
2.876000   3.800000  0.0038237  0.8694652
2.896000   3.564350  0.0039636  0.8734288
2.916000   3.344080  0.0040926  0.8775214
2.936000   3.138240  0.0042078  0.8817292
2.956000   2.945900  0.0043064  0.8860356
2.976000   2.766200  0.0043860  0.8904216
2.996000   2.598300  0.0044445  0.8948661
3.016000   2.441430  0.0044799  0.8993460
3.036000   2.294860  0.0044917  0.9038377
3.056000   2.157890  0.0044787  0.9083164
3.076000   2.029890  0.0044415  0.9127579
3.096000   1.910250  0.0043811  0.9171390
3.116000   1.798410  0.0042987  0.9214377
3.136000   1.693830  0.0041967  0.9256344
3.156000   1.596020  0.0040774  0.9297118
3.176000   1.504520  0.0039438  0.9336556
3.196000   1.418900  0.0037982  0.9374538
3.216000   1.338770  0.0036441  0.9410978
3.236000   1.263740  0.0034839  0.9445818
3.256000   1.193490  0.0033201  0.9479019
3.276000   1.127670  0.0031553  0.9510572
3.296000   1.066000  0.0029911  0.9540483
3.316000   1.008190  0.0028293  0.9568776
3.336000   0.953980  0.0026712  0.9595487
3.356000   0.903130  0.0025181  0.9620668
3.376000   0.855420  0.0023705  0.9644373
3.396000   0.810630  0.0022291  0.9666664
3.416000   0.768580  0.0020943  0.9687607
3.436000   0.729080  0.0019663  0.9707270
3.456000   0.691970  0.0018450  0.9725720
3.476000   0.657090  0.0017308  0.9743029
3.496000   0.624280  0.0016231  0.9759260
3.516000   0.593430  0.0015221  0.9774480
3.536000   0.564390  0.0014273  0.9788753
3.556000   0.537060  0.0013384  0.9802137
3.576000   0.511330  0.0012554  0.9814691
3.596000   0.487080  0.0011776  0.9826468
3.616000   0.464240  0.0011052  0.9837519
3.636000   0.442700  0.0010373  0.9847893
3.656000   0.422400  0.0009743  0.9857636
3.676000   0.403240  0.0009152  0.9866788
3.696000   0.385160  0.0008604  0.9875392
3.716000   0.368100  0.0008091  0.9883483
3.736000   0.351980  0.0007613  0.9891096
3.756000   0.336760  0.0007168  0.9898264
3.776000   0.322380  0.0006753  0.9905017
3.796000   0.308780  0.0006364  0.9911381
3.816000   0.295920  0.0006002  0.9917383
3.836000   0.283760  0.0005665  0.9923048
3.856000   0.272270  0.0005350  0.9928398
3.876000   0.261400  0.0005056  0.9933454
3.896000   0.251110  0.0004781  0.9938235
3.916000   0.241370  0.0004523  0.9942758
3.936000   0.232150  0.0004285  0.9947043
3.956000   0.223420  0.0004060  0.9951102
3.976000   0.215140  0.0003851  0.9954954
3.996000   0.207300  0.0003655  0.9958608
4.016000   0.199860  0.0003471  0.9962079
4.036000   0.192800  0.0003298  0.9965377
4.056000   0.186100  0.0003136  0.9968514
4.076000   0.179750  0.0002985  0.9971498
4.096000   0.173710  0.0002843  0.9974341
4.116000   0.167980  0.0002709  0.9977051
4.136000   0.162530  0.0002584  0.9979634
4.156000   0.157350  0.0002466  0.9982100
4.176000   0.152420  0.0002355  0.9984455
4.196000   0.147740  0.0002250  0.9986705
4.216000   0.143280  0.0002152  0.9988857
4.236000   0.139040  0.0002059  0.9990917
4.256000   0.135000  0.0001972  0.9992889
4.276000   0.131160  0.0001889  0.9994778
4.296000   0.127490  0.0001812  0.9996590
4.316000   0.124000  0.0001739  0.9998330
4.336000   0.120670  0.0001670  1.0000000
