0.276300   0.000010  0.0000000  0.0000000
0.296300   0.005220  0.0000223  0.0000223
0.316300   0.013410  0.0000686  0.0000909
0.336300   0.022620  0.0001378  0.0002287
0.356300   0.032120  0.0002324  0.0004611
0.376300   0.041550  0.0003568  0.0008178
0.396300   0.050680  0.0005162  0.0013341
0.416300   0.059410  0.0007185  0.0020525
0.436300   0.067690  0.0009734  0.0030259
0.456300   0.075490  0.0012942  0.0043201
0.476300   0.082810  0.0016987  0.0060188
0.496300   0.089660  0.0022112  0.0082299
0.516300   0.096050  0.0028648  0.0110947
0.536300   0.102020  0.0037068  0.0148015
0.556300   0.107580  0.0048035  0.0196050
0.576300   0.112770  0.0062514  0.0258564
0.596300   0.117600  0.0081928  0.0340491
0.616300   0.122110  0.0108396  0.0448887
0.636300   0.126320  0.0145115  0.0594002
0.656300   0.130250  0.0196856  0.0790858
0.676300   0.133920  0.0270429  0.1061287
0.696300   0.137350  0.0374223  0.1435510
0.716300   0.140570  0.0513843  0.1949352
0.736300   0.143570  0.0678200  0.2627552
0.756300   0.146390  0.0818832  0.3446384
0.776300   0.149040  0.0864097  0.4310481
0.796300   0.151520  0.0794378  0.5104858
0.816300   0.153860  0.0663795  0.5768654
0.836300   0.156050  0.0530757  0.6299411
0.856300   0.158120  0.0420473  0.6719884
0.876300   0.160070  0.0335821  0.7055704
0.896300   0.161910  0.0272247  0.7327952
0.916300   0.163650  0.0224400  0.7552352
0.936300   0.165290  0.0187952  0.7740304
0.956300   0.166840  0.0159749  0.7900052
0.976300   0.168310  0.0137564  0.8037617
0.996300   0.169700  0.0119840  0.8157457
1.016300   0.171020  0.0105467  0.8262924
1.036300   0.172270  0.0093655  0.8356579
1.056300   0.173460  0.0083828  0.8440407
1.076300   0.174590  0.0075563  0.8515970
1.096300   0.175670  0.0068539  0.8584509
1.116300   0.176690  0.0062518  0.8647027
1.136300   0.177670  0.0057314  0.8704342
1.156300   0.178600  0.0052780  0.8757121
1.176300   0.179480  0.0048805  0.8805927
1.196300   0.180330  0.0045300  0.8851227
1.216300   0.181140  0.0042187  0.8893413
1.236300   0.181910  0.0039412  0.8932826
1.256300   0.182640  0.0036923  0.8969749
1.276300   0.183350  0.0034684  0.9004433
1.296300   0.184030  0.0032657  0.9037090
1.316300   0.184670  0.0030821  0.9067911
1.336300   0.185290  0.0029146  0.9097057
1.356300   0.185890  0.0027617  0.9124674
1.376300   0.186460  0.0026214  0.9150888
1.396300   0.187010  0.0024925  0.9175814
1.416300   0.187530  0.0023735  0.9199549
1.436300   0.188040  0.0022639  0.9222188
1.456300   0.188530  0.0021620  0.9243808
1.476300   0.188990  0.0020676  0.9264484
1.496300   0.189440  0.0019796  0.9284280
1.516300   0.189880  0.0018976  0.9303256
1.536300   0.190290  0.0018212  0.9321468
1.556300   0.190690  0.0017495  0.9338962
1.576300   0.191080  0.0016823  0.9355786
1.596300   0.191460  0.0016191  0.9371977
1.616300   0.191820  0.0015598  0.9387576
1.636300   0.192160  0.0015041  0.9402616
1.656300   0.192500  0.0014514  0.9417130
1.676300   0.192830  0.0014016  0.9431146
1.696300   0.193140  0.0013545  0.9444692
1.716300   0.193440  0.0013099  0.9457790
1.736300   0.193740  0.0012678  0.9470468
1.756300   0.194020  0.0012277  0.9482745
1.776300   0.194290  0.0011895  0.9494639
1.796300   0.194560  0.0011533  0.9506172
1.816300   0.194820  0.0011188  0.9517360
1.836300   0.195070  0.0010860  0.9528220
1.856300   0.195310  0.0010548  0.9538768
1.876300   0.195540  0.0010248  0.9549016
1.896300   0.195770  0.0009963  0.9558979
1.916300   0.195990  0.0009688  0.9568667
1.936300   0.196200  0.0009428  0.9578096
1.956300   0.196410  0.0009178  0.9587274
1.976300   0.196610  0.0008938  0.9596212
1.996300   0.196810  0.0008707  0.9604919
2.016300   0.196990  0.0008488  0.9613407
2.036300   0.197180  0.0008275  0.9621683
2.056300   0.197360  0.0008073  0.9629756
2.076300   0.197530  0.0007877  0.9637632
2.096300   0.197700  0.0007689  0.9645321
2.116300   0.197870  0.0007507  0.9652828
2.136300   0.198030  0.0007333  0.9660162
2.156300   0.198180  0.0007164  0.9667326
2.176300   0.198330  0.0007003  0.9674328
2.196300   0.198480  0.0006846  0.9681174
2.216300   0.198630  0.0006695  0.9687869
2.236300   0.198770  0.0006548  0.9694418
2.256300   0.198900  0.0006408  0.9700826
2.276300   0.199030  0.0006272  0.9707097
2.296300   0.199160  0.0006141  0.9713239
2.316300   0.199290  0.0006013  0.9719252
2.336300   0.199410  0.0005889  0.9725142
2.356300   0.199530  0.0005772  0.9730913
2.376300   0.199650  0.0005656  0.9736569
2.396300   0.199760  0.0005542  0.9742112
2.416300   0.199880  0.0005435  0.9747547
2.436300   0.199980  0.0005330  0.9752877
2.456300   0.200090  0.0005228  0.9758105
2.476300   0.200190  0.0005129  0.9763234
2.496300   0.200300  0.0005032  0.9768266
2.516300   0.200390  0.0004939  0.9773206
2.536300   0.200490  0.0004848  0.9778054
2.556300   0.200590  0.0004762  0.9782815
2.576300   0.200680  0.0004675  0.9787490
2.596300   0.200770  0.0004592  0.9792082
2.616300   0.200860  0.0004512  0.9796594
2.636300   0.200940  0.0004433  0.9801027
2.656300   0.201030  0.0004357  0.9805384
2.676300   0.201110  0.0004282  0.9809666
2.696300   0.201190  0.0004208  0.9813874
2.716300   0.201270  0.0004138  0.9818012
2.736300   0.201350  0.0004070  0.9822081
2.756300   0.201420  0.0004003  0.9826085
2.776300   0.201500  0.0003937  0.9830022
2.796300   0.201570  0.0003873  0.9833895
2.816300   0.201640  0.0003811  0.9837706
2.836300   0.201710  0.0003751  0.9841458
2.856300   0.201780  0.0003691  0.9845149
2.876300   0.201840  0.0003634  0.9848783
2.896300   0.201910  0.0003578  0.9852361
2.916300   0.201970  0.0003522  0.9855883
2.936300   0.202030  0.0003468  0.9859351
2.956300   0.202100  0.0003417  0.9862768
2.976300   0.202160  0.0003365  0.9866133
2.996300   0.202210  0.0003316  0.9869449
3.016300   0.202270  0.0003266  0.9872715
3.036300   0.202330  0.0003218  0.9875933
3.056300   0.202380  0.0003173  0.9879106
3.076300   0.202440  0.0003128  0.9882234
3.096300   0.202490  0.0003082  0.9885316
3.116300   0.202540  0.0003039  0.9888355
3.136300   0.202600  0.0002995  0.9891350
3.156300   0.202650  0.0002954  0.9894304
3.176300   0.202700  0.0002913  0.9897217
3.196300   0.202750  0.0002873  0.9900090
3.216300   0.202790  0.0002834  0.9902924
3.236300   0.202840  0.0002795  0.9905719
3.256300   0.202890  0.0002758  0.9908477
3.276300   0.202930  0.0002721  0.9911198
3.296300   0.202980  0.0002685  0.9913883
3.316300   0.203020  0.0002650  0.9916533
3.336300   0.203060  0.0002615  0.9919149
3.356300   0.203100  0.0002580  0.9921729
3.376300   0.203150  0.0002547  0.9924276
3.396300   0.203190  0.0002516  0.9926792
3.416300   0.203230  0.0002483  0.9929275
3.436300   0.203270  0.0002452  0.9931727
3.456300   0.203300  0.0002421  0.9934148
3.476300   0.203340  0.0002392  0.9936540
3.496300   0.203380  0.0002361  0.9938901
3.516300   0.203420  0.0002332  0.9941234
3.536300   0.203450  0.0002303  0.9943537
3.556300   0.203490  0.0002276  0.9945813
3.576300   0.203520  0.0002250  0.9948063
3.596300   0.203560  0.0002223  0.9950286
3.616300   0.203590  0.0002196  0.9952482
3.636300   0.203620  0.0002169  0.9954651
3.656300   0.203660  0.0002144  0.9956795
3.676300   0.203690  0.0002119  0.9958914
3.696300   0.203720  0.0002095  0.9961009
3.716300   0.203750  0.0002070  0.9963079
3.736300   0.203780  0.0002047  0.9965126
3.756300   0.203810  0.0002022  0.9967148
3.776300   0.203840  0.0002000  0.9969148
3.796300   0.203870  0.0001977  0.9971125
3.816300   0.203900  0.0001956  0.9973081
3.836300   0.203930  0.0001934  0.9975015
3.856300   0.203950  0.0001913  0.9976928
3.876300   0.203980  0.0001892  0.9978820
3.896300   0.204010  0.0001872  0.9980691
3.916300   0.204040  0.0001851  0.9982542
3.936300   0.204060  0.0001830  0.9984373
3.956300   0.204090  0.0001812  0.9986184
3.976300   0.204110  0.0001791  0.9987975
3.996300   0.204140  0.0001772  0.9989748
4.016300   0.204160  0.0001754  0.9991502
4.036300   0.204190  0.0001735  0.9993237
4.056300   0.204210  0.0001717  0.9994953
4.076300   0.204230  0.0001700  0.9996653
4.096300   0.204260  0.0001682  0.9998335
4.116300   0.204280  0.0001665  1.0000000
