1.344190   0.000010  0.0000000  0.0000000
1.364190   0.000020  0.0000002  0.0000002
1.384190   0.000040  0.0000004  0.0000006
1.404190   0.000080  0.0000008  0.0000014
1.424190   0.000140  0.0000014  0.0000029
1.444190   0.000230  0.0000025  0.0000053
1.464190   0.000370  0.0000045  0.0000099
1.484190   0.000590  0.0000080  0.0000179
1.504190   0.000940  0.0000144  0.0000323
1.524190   0.001490  0.0000255  0.0000578
1.544190   0.002320  0.0000446  0.0001024
1.564190   0.003450  0.0000753  0.0001777
1.584190   0.004860  0.0001209  0.0002986
1.604190   0.006550  0.0001867  0.0004853
1.624190   0.008480  0.0002801  0.0007653
1.644190   0.010640  0.0004106  0.0011759
1.664190   0.013050  0.0005947  0.0017706
1.684190   0.015880  0.0008650  0.0026356
1.704190   0.019420  0.0012827  0.0039183
1.724190   0.023900  0.0019478  0.0058661
1.744190   0.029520  0.0030286  0.0088947
1.764190   0.036370  0.0048138  0.0137085
1.784190   0.044500  0.0078156  0.0215241
1.804190   0.053840  0.0129687  0.0344928
1.824190   0.064280  0.0219878  0.0564806
1.844190   0.075630  0.0377829  0.0942635
1.864190   0.087690  0.0635677  0.1578312
1.884190   0.100240  0.0956167  0.2534478
1.904190   0.113040  0.1131927  0.3666405
1.924190   0.125890  0.1031934  0.4698339
1.944190   0.138590  0.0814846  0.5513185
1.964190   0.150970  0.0621456  0.6134641
1.984190   0.162880  0.0480029  0.6614669
2.004190   0.174200  0.0380338  0.6995007
2.024190   0.184850  0.0309170  0.7304178
2.044190   0.194740  0.0256996  0.7561174
2.064190   0.203840  0.0217628  0.7778802
2.084190   0.212110  0.0187123  0.7965925
2.104190   0.219540  0.0162911  0.8128836
2.124190   0.226130  0.0143293  0.8272128
2.144190   0.231890  0.0127112  0.8399241
2.164190   0.236840  0.0113558  0.8512799
2.184190   0.241020  0.0102053  0.8614852
2.204190   0.244440  0.0092175  0.8707027
2.224190   0.247160  0.0083611  0.8790639
2.244190   0.249220  0.0076125  0.8866763
2.264190   0.250640  0.0069530  0.8936294
2.284190   0.251500  0.0063687  0.8999981
2.304190   0.251820  0.0058480  0.9058461
2.324190   0.251660  0.0053819  0.9112280
2.344190   0.251050  0.0049628  0.9161909
2.364190   0.250050  0.0045849  0.9207758
2.384190   0.248700  0.0042428  0.9250185
2.404190   0.247030  0.0039325  0.9289510
2.424190   0.245090  0.0036504  0.9326014
2.444190   0.242920  0.0033931  0.9359946
2.464190   0.240540  0.0031583  0.9391529
2.484190   0.238000  0.0029437  0.9420965
2.504190   0.235320  0.0027471  0.9448436
2.524190   0.232520  0.0025668  0.9474104
2.544190   0.229650  0.0024010  0.9498114
2.564190   0.226710  0.0022489  0.9520603
2.584190   0.223740  0.0021088  0.9541691
2.604190   0.220740  0.0019799  0.9561490
2.624190   0.217740  0.0018609  0.9580099
2.644190   0.214750  0.0017513  0.9597612
2.664190   0.211790  0.0016499  0.9614111
2.684190   0.208860  0.0015561  0.9629672
2.704190   0.205980  0.0014694  0.9644366
2.724190   0.203150  0.0013892  0.9658257
2.744190   0.200390  0.0013147  0.9671405
2.764190   0.197690  0.0012456  0.9683861
2.784190   0.195070  0.0011815  0.9695676
2.804190   0.192530  0.0011221  0.9706897
2.824190   0.190060  0.0010668  0.9717564
2.844190   0.187680  0.0010151  0.9727716
2.864190   0.185380  0.0009672  0.9737388
2.884190   0.183170  0.0009224  0.9746612
2.904190   0.181040  0.0008807  0.9755419
2.924190   0.179000  0.0008418  0.9763837
2.944190   0.177050  0.0008054  0.9771891
2.964190   0.175170  0.0007713  0.9779604
2.984190   0.173380  0.0007394  0.9786998
3.004190   0.171680  0.0007094  0.9794092
3.024190   0.170050  0.0006814  0.9800906
3.044190   0.168500  0.0006551  0.9807457
3.064190   0.167020  0.0006304  0.9813762
3.084190   0.165620  0.0006072  0.9819834
3.104190   0.164290  0.0005852  0.9825685
3.124190   0.163030  0.0005646  0.9831332
3.144190   0.161840  0.0005453  0.9836785
3.164190   0.160710  0.0005268  0.9842053
3.184190   0.159640  0.0005095  0.9847148
3.204190   0.158630  0.0004931  0.9852079
3.224190   0.157680  0.0004777  0.9856855
3.244190   0.156780  0.0004631  0.9861486
3.264190   0.155940  0.0004491  0.9865977
3.284190   0.155140  0.0004359  0.9870336
3.304190   0.154400  0.0004234  0.9874570
3.324190   0.153710  0.0004114  0.9878684
3.344190   0.153060  0.0004001  0.9882685
3.364190   0.152460  0.0003892  0.9886578
3.384190   0.151890  0.0003792  0.9890369
3.404190   0.151370  0.0003693  0.9894062
3.424190   0.150880  0.0003600  0.9897663
3.444190   0.150420  0.0003510  0.9901173
3.464190   0.150000  0.0003426  0.9904598
3.484190   0.149610  0.0003343  0.9907942
3.504190   0.149250  0.0003265  0.9911207
3.524190   0.148920  0.0003191  0.9914398
3.544190   0.148610  0.0003119  0.9917518
3.564190   0.148330  0.0003051  0.9920569
3.584190   0.148070  0.0002986  0.9923555
3.604190   0.147830  0.0002922  0.9926476
3.624190   0.147620  0.0002860  0.9929337
3.644190   0.147420  0.0002803  0.9932139
3.664190   0.147240  0.0002745  0.9934884
3.684190   0.147080  0.0002692  0.9937576
3.704190   0.146930  0.0002638  0.9940214
3.724190   0.146810  0.0002587  0.9942801
3.744190   0.146690  0.0002539  0.9945340
3.764190   0.146590  0.0002492  0.9947832
3.784190   0.146500  0.0002447  0.9950279
3.804190   0.146430  0.0002402  0.9952681
3.824190   0.146360  0.0002358  0.9955039
3.844190   0.146310  0.0002317  0.9957356
3.864190   0.146260  0.0002278  0.9959635
3.884190   0.146230  0.0002239  0.9961874
3.904190   0.146200  0.0002200  0.9964074
3.924190   0.146190  0.0002165  0.9966239
3.944190   0.146180  0.0002130  0.9968369
3.964190   0.146180  0.0002095  0.9970465
3.984190   0.146180  0.0002062  0.9972527
4.004190   0.146190  0.0002029  0.9974557
4.024190   0.146210  0.0001997  0.9976553
4.044190   0.146240  0.0001966  0.9978519
4.064190   0.146270  0.0001937  0.9980456
4.084190   0.146300  0.0001908  0.9982364
4.104190   0.146340  0.0001879  0.9984243
4.124190   0.146380  0.0001853  0.9986096
4.144190   0.146430  0.0001826  0.9987922
4.164190   0.146480  0.0001799  0.9989721
4.184190   0.146540  0.0001772  0.9991493
4.204190   0.146590  0.0001748  0.9993241
4.224190   0.146650  0.0001725  0.9994966
4.244190   0.146720  0.0001700  0.9996667
4.264190   0.146780  0.0001678  0.9998345
4.284190   0.146850  0.0001655  1.0000000
