1.343590   0.000010  0.0000000  0.0000000
1.363590   0.000080  0.0000008  0.0000008
1.383590   0.000240  0.0000024  0.0000032
1.403590   0.000530  0.0000061  0.0000093
1.423590   0.000970  0.0000126  0.0000219
1.443590   0.001570  0.0000230  0.0000449
1.463590   0.002360  0.0000390  0.0000839
1.483590   0.003340  0.0000628  0.0001467
1.503590   0.004520  0.0000971  0.0002437
1.523590   0.005870  0.0001452  0.0003890
1.543590   0.007460  0.0002141  0.0006031
1.563590   0.009350  0.0003146  0.0009177
1.583590   0.011660  0.0004647  0.0013825
1.603590   0.014470  0.0006920  0.0020745
1.623590   0.017850  0.0010398  0.0031143
1.643590   0.021850  0.0015787  0.0046930
1.663590   0.026510  0.0024273  0.0071203
1.683590   0.031840  0.0037949  0.0109152
1.703590   0.037870  0.0060699  0.0169851
1.723590   0.044630  0.0100144  0.0269995
1.743590   0.052130  0.0172043  0.0442038
1.763590   0.060450  0.0309523  0.0751561
1.783590   0.069640  0.0572134  0.1323696
1.803590   0.079830  0.0975608  0.2299303
1.823590   0.091110  0.1210505  0.3509809
1.843590   0.103630  0.1016052  0.4525860
1.863590   0.117530  0.0724597  0.5250457
1.883590   0.132930  0.0518589  0.5769046
1.903590   0.149970  0.0389385  0.6158431
1.923590   0.168720  0.0307004  0.6465435
1.943590   0.189240  0.0252061  0.6717496
1.963590   0.211530  0.0213675  0.6931171
1.983590   0.235550  0.0185703  0.7116875
2.003590   0.261190  0.0164560  0.7281435
2.023590   0.288290  0.0148060  0.7429495
2.043590   0.316620  0.0134825  0.7564320
2.063590   0.345940  0.0123956  0.7688276
2.083590   0.375910  0.0114844  0.7803119
2.103590   0.406230  0.0107074  0.7910194
2.123590   0.436520  0.0100349  0.8010542
2.143590   0.466440  0.0094454  0.8104997
2.163590   0.495630  0.0089230  0.8194227
2.183590   0.523750  0.0084560  0.8278787
2.203590   0.550500  0.0080347  0.8359134
2.223590   0.575600  0.0076518  0.8435652
2.243590   0.598810  0.0073017  0.8508669
2.263590   0.619920  0.0069791  0.8578460
2.283590   0.638790  0.0066799  0.8645259
2.303590   0.655310  0.0064008  0.8709267
2.323590   0.669420  0.0061388  0.8770655
2.343590   0.681080  0.0058912  0.8829567
2.363590   0.690320  0.0056562  0.8886128
2.383590   0.697160  0.0054317  0.8940446
2.403590   0.701690  0.0052164  0.8992610
2.423590   0.704000  0.0050088  0.9042698
2.443590   0.704200  0.0048081  0.9090779
2.463590   0.702420  0.0046131  0.9136910
2.483590   0.698810  0.0044236  0.9181146
2.503590   0.693510  0.0042388  0.9223534
2.523590   0.686670  0.0040582  0.9264116
2.543590   0.678440  0.0038821  0.9302937
2.563590   0.668990  0.0037100  0.9340037
2.583590   0.658440  0.0035423  0.9375460
2.603590   0.646950  0.0033785  0.9409245
2.623590   0.634640  0.0032191  0.9441436
2.643590   0.621660  0.0030643  0.9472079
2.663590   0.608130  0.0029140  0.9501219
2.683590   0.594150  0.0027684  0.9528903
2.703590   0.579830  0.0026276  0.9555179
2.723590   0.565270  0.0024919  0.9580098
2.743590   0.550550  0.0023613  0.9603711
2.763590   0.535760  0.0022360  0.9626071
2.783590   0.520960  0.0021159  0.9647230
2.803590   0.506210  0.0020012  0.9667242
2.823590   0.491580  0.0018915  0.9686157
2.843590   0.477100  0.0017873  0.9704030
2.863590   0.462830  0.0016880  0.9720909
2.883590   0.448800  0.0015937  0.9736846
2.903590   0.435040  0.0015045  0.9751891
2.923590   0.421570  0.0014200  0.9766092
2.943590   0.408420  0.0013402  0.9779494
2.963590   0.395600  0.0012646  0.9792140
2.983590   0.383130  0.0011936  0.9804076
3.003590   0.371020  0.0011265  0.9815341
3.023590   0.359270  0.0010633  0.9825974
3.043590   0.347890  0.0010040  0.9836015
3.063590   0.336880  0.0009482  0.9845497
3.083590   0.326240  0.0008958  0.9854454
3.103590   0.315970  0.0008464  0.9862918
3.123590   0.306070  0.0008003  0.9870921
3.143590   0.296520  0.0007568  0.9878490
3.163590   0.287340  0.0007160  0.9885650
3.183590   0.278500  0.0006778  0.9892428
3.203590   0.270000  0.0006421  0.9898849
3.223590   0.261840  0.0006084  0.9904932
3.243590   0.254000  0.0005769  0.9910701
3.263590   0.246480  0.0005472  0.9916173
3.283590   0.239270  0.0005194  0.9921367
3.303590   0.232350  0.0004934  0.9926301
3.323590   0.225730  0.0004690  0.9930991
3.343590   0.219390  0.0004461  0.9935452
3.363590   0.213330  0.0004245  0.9939697
3.383590   0.207540  0.0004044  0.9943741
3.403590   0.202000  0.0003853  0.9947594
3.423590   0.196720  0.0003677  0.9951271
3.443590   0.191690  0.0003510  0.9954781
3.463590   0.186880  0.0003354  0.9958134
3.483590   0.182300  0.0003207  0.9961342
3.503590   0.177920  0.0003069  0.9964411
3.523590   0.173750  0.0002939  0.9967350
3.543590   0.169760  0.0002815  0.9970165
3.563590   0.165960  0.0002702  0.9972867
3.583590   0.162330  0.0002592  0.9975459
3.603590   0.158870  0.0002490  0.9977949
3.623590   0.155560  0.0002393  0.9980342
3.643590   0.152400  0.0002301  0.9982643
3.663590   0.149390  0.0002216  0.9984859
3.683590   0.146510  0.0002135  0.9986994
3.703590   0.143760  0.0002058  0.9989052
3.723590   0.141140  0.0001985  0.9991036
3.743590   0.138630  0.0001917  0.9992954
3.763590   0.136230  0.0001850  0.9994804
3.783590   0.133950  0.0001790  0.9996594
3.803590   0.131760  0.0001731  0.9998324
3.823590   0.129670  0.0001676  1.0000000
