1.343400   0.000010  0.0000002  0.0000002
1.363400   0.000080  0.0000016  0.0000018
1.383400   0.000250  0.0000055  0.0000073
1.403400   0.000550  0.0000143  0.0000216
1.423400   0.001010  0.0000312  0.0000529
1.443400   0.001710  0.0000627  0.0001155
1.463400   0.002890  0.0001272  0.0002427
1.483400   0.004650  0.0002500  0.0004927
1.503400   0.007010  0.0004682  0.0009609
1.523400   0.009940  0.0008442  0.0018051
1.543400   0.013430  0.0014910  0.0032960
1.563400   0.017470  0.0026302  0.0059263
1.583400   0.022100  0.0047280  0.0106543
1.603400   0.027370  0.0088674  0.0195216
1.623400   0.033350  0.0178670  0.0373886
1.643400   0.040160  0.0399603  0.0773489
1.663400   0.047930  0.0972316  0.1745805
1.683400   0.056820  0.1751960  0.3497765
1.703400   0.067030  0.1351384  0.4849149
1.723400   0.078780  0.0781259  0.5630408
1.743400   0.092370  0.0494795  0.6125204
1.763400   0.108140  0.0350745  0.6475949
1.783400   0.126540  0.0270446  0.6746395
1.803400   0.148110  0.0221445  0.6967840
1.823400   0.173610  0.0189373  0.7157213
1.843400   0.204060  0.0167179  0.7324392
1.863400   0.240850  0.0151039  0.7475430
1.883400   0.285920  0.0138662  0.7614092
1.903400   0.341750  0.0128502  0.7742594
1.923400   0.410990  0.0119419  0.7862014
1.943400   0.494880  0.0110651  0.7972665
1.963400   0.590690  0.0102003  0.8074668
1.983400   0.690710  0.0093850  0.8168518
2.003400   0.785420  0.0086698  0.8255216
2.023400   0.867940  0.0080771  0.8335987
2.043400   0.935140  0.0075993  0.8411979
2.063400   0.986640  0.0072164  0.8484143
2.083400   1.023470  0.0069066  0.8553209
2.103400   1.047200  0.0066504  0.8619713
2.123400   1.059550  0.0064331  0.8684044
2.143400   1.062280  0.0062420  0.8746464
2.163400   1.056870  0.0060675  0.8807139
2.183400   1.044750  0.0059020  0.8866159
2.203400   1.027170  0.0057397  0.8923556
2.223400   1.005220  0.0055760  0.8979316
2.243400   0.979860  0.0054077  0.9033393
2.263400   0.951900  0.0052323  0.9085716
2.283400   0.922060  0.0050492  0.9136209
2.303400   0.890920  0.0048578  0.9184787
2.323400   0.859010  0.0046588  0.9231375
2.343400   0.826730  0.0044533  0.9275908
2.363400   0.794440  0.0042428  0.9318336
2.383400   0.762440  0.0040296  0.9358632
2.403400   0.730950  0.0038153  0.9396784
2.423400   0.700150  0.0036020  0.9432804
2.443400   0.670200  0.0033920  0.9466723
2.463400   0.641210  0.0031868  0.9498592
2.483400   0.613250  0.0029880  0.9528472
2.503400   0.586380  0.0027968  0.9556440
2.523400   0.560630  0.0026141  0.9582581
2.543400   0.536030  0.0024404  0.9606986
2.563400   0.512580  0.0022765  0.9629751
2.583400   0.490260  0.0021222  0.9650973
2.603400   0.469060  0.0019777  0.9670751
2.623400   0.448960  0.0018428  0.9689179
2.643400   0.429930  0.0017171  0.9706350
2.663400   0.411930  0.0016004  0.9722354
2.683400   0.394930  0.0014924  0.9737277
2.703400   0.378880  0.0013922  0.9751199
2.723400   0.363750  0.0012999  0.9764198
2.743400   0.349490  0.0012144  0.9776342
2.763400   0.336070  0.0011358  0.9787700
2.783400   0.323430  0.0010632  0.9798332
2.803400   0.311550  0.0009962  0.9808294
2.823400   0.300370  0.0009346  0.9817640
2.843400   0.289870  0.0008778  0.9826418
2.863400   0.280010  0.0008254  0.9834672
2.883400   0.270740  0.0007770  0.9842442
2.903400   0.262040  0.0007325  0.9849768
2.923400   0.253870  0.0006915  0.9856682
2.943400   0.246200  0.0006535  0.9863218
2.963400   0.239000  0.0006184  0.9869402
2.983400   0.232240  0.0005860  0.9875262
3.003400   0.225910  0.0005560  0.9880821
3.023400   0.219960  0.0005282  0.9886104
3.043400   0.214380  0.0005025  0.9891129
3.063400   0.209140  0.0004786  0.9895915
3.083400   0.204230  0.0004566  0.9900480
3.103400   0.199620  0.0004360  0.9904840
3.123400   0.195290  0.0004168  0.9909008
3.143400   0.191230  0.0003988  0.9912996
3.163400   0.187420  0.0003823  0.9916819
3.183400   0.183850  0.0003668  0.9920486
3.203400   0.180500  0.0003523  0.9924009
3.223400   0.177350  0.0003388  0.9927397
3.243400   0.174390  0.0003259  0.9930657
3.263400   0.171620  0.0003141  0.9933798
3.283400   0.169020  0.0003031  0.9936829
3.303400   0.166580  0.0002925  0.9939754
3.323400   0.164280  0.0002827  0.9942580
3.343400   0.162130  0.0002735  0.9945315
3.363400   0.160110  0.0002647  0.9947962
3.383400   0.158210  0.0002566  0.9950528
3.403400   0.156430  0.0002488  0.9953016
3.423400   0.154760  0.0002415  0.9955431
3.443400   0.153190  0.0002345  0.9957776
3.463400   0.151720  0.0002280  0.9960055
3.483400   0.150330  0.0002217  0.9962272
3.503400   0.149040  0.0002157  0.9964429
3.523400   0.147820  0.0002102  0.9966532
3.543400   0.146680  0.0002049  0.9968581
3.563400   0.145610  0.0001998  0.9970579
3.583400   0.144610  0.0001949  0.9972528
3.603400   0.143670  0.0001904  0.9974432
3.623400   0.142780  0.0001859  0.9976292
3.643400   0.141960  0.0001816  0.9978108
3.663400   0.141180  0.0001778  0.9979886
3.683400   0.140450  0.0001739  0.9981625
3.703400   0.139770  0.0001702  0.9983327
3.723400   0.139130  0.0001668  0.9984995
3.743400   0.138530  0.0001633  0.9986627
3.763400   0.137970  0.0001600  0.9988227
3.783400   0.137440  0.0001570  0.9989797
3.803400   0.136950  0.0001539  0.9991336
3.823400   0.136490  0.0001510  0.9992846
3.843400   0.136050  0.0001482  0.9994328
3.863400   0.135650  0.0001455  0.9995783
3.883400   0.135270  0.0001431  0.9997214
3.903400   0.134920  0.0001404  0.9998618
3.923400   0.134590  0.0001382  1.0000000
