1.255520   0.000010  0.0000002  0.0000002
1.275520   0.000500  0.0000113  0.0000115
1.295520   0.001270  0.0000325  0.0000441
1.315520   0.002150  0.0000626  0.0001067
1.335520   0.003230  0.0001079  0.0002145
1.355520   0.004880  0.0001882  0.0004027
1.375520   0.006750  0.0003031  0.0007058
1.395520   0.008700  0.0004590  0.0011648
1.415520   0.010670  0.0006686  0.0018333
1.435520   0.012940  0.0009762  0.0028095
1.455520   0.018810  0.0017345  0.0045440
1.475520   0.025070  0.0028750  0.0074191
1.495520   0.031010  0.0045197  0.0119388
1.515520   0.036680  0.0069803  0.0189191
1.535520   0.042480  0.0109064  0.0298255
1.555520   0.048620  0.0175537  0.0473792
1.575520   0.055020  0.0293910  0.0767703
1.595520   0.061650  0.0516739  0.1284442
1.615520   0.068730  0.0945875  0.2230317
1.635520   0.077350  0.1626245  0.3856562
1.655520   0.093290  0.1879372  0.5735934
1.675520   0.155970  0.1091693  0.6827627
1.695520   0.364230  0.0468373  0.7296000
1.715520   0.816890  0.0212806  0.7508805
1.735520   1.590430  0.0110306  0.7619111
1.755520   2.735050  0.0064400  0.7683511
1.775520   4.271870  0.0041308  0.7724819
1.795520   6.193220  0.0028522  0.7753340
1.815520   8.466490  0.0020874  0.7774215
1.835520  11.039510  0.0016013  0.7790228
1.855520  13.847380  0.0012770  0.7802998
1.875520  16.818780  0.0010515  0.7813513
1.895520  19.881850  0.0008895  0.7822408
1.915520  22.967650  0.0007701  0.7830109
1.935520  26.014390  0.0006799  0.7836908
1.955520  28.968550  0.0006107  0.7843015
1.975520  31.785330  0.0005566  0.7848580
1.995520  34.428770  0.0005137  0.7853718
2.015520  36.872250  0.0004798  0.7858515
2.035520  39.095960  0.0004524  0.7863039
2.055520  41.088120  0.0004305  0.7867344
2.075520  42.842120  0.0004128  0.7871472
2.095520  44.355990  0.0003988  0.7875461
2.115520  45.633510  0.0003877  0.7879338
2.135520  46.679550  0.0003789  0.7883126
2.155520  47.502530  0.0003725  0.7886851
2.175520  48.113290  0.0003677  0.7890529
2.195520  48.523720  0.0003644  0.7894173
2.215520  48.745300  0.0003628  0.7897801
2.235520  48.792980  0.0003626  0.7901427
2.255520  48.679020  0.0003634  0.7905061
2.275520  48.418410  0.0003653  0.7908714
2.295520  48.022840  0.0003684  0.7912397
2.315520  47.507200  0.0003723  0.7916120
2.335520  46.883420  0.0003772  0.7919892
2.355520  46.164390  0.0003830  0.7923722
2.375520  45.362250  0.0003898  0.7927620
2.395520  44.486590  0.0003974  0.7931594
2.415520  43.550110  0.0004060  0.7935654
2.435520  42.561020  0.0004153  0.7939807
2.455520  41.529540  0.0004256  0.7944063
2.475520  40.463720  0.0004367  0.7948430
2.495520  39.371300  0.0004489  0.7952919
2.515520  38.259800  0.0004618  0.7957537
2.535520  37.135780  0.0004758  0.7962296
2.555520  36.004820  0.0004907  0.7967202
2.575520  34.871800  0.0005065  0.7972268
2.595520  33.742100  0.0005234  0.7977502
2.615520  32.619810  0.0005413  0.7982915
2.635520  31.508950  0.0005601  0.7988515
2.655520  30.411290  0.0005802  0.7994318
2.675520  29.331060  0.0006014  0.8000332
2.695520  28.270170  0.0006237  0.8006569
2.715520  27.230440  0.0006474  0.8013042
2.735520  26.213950  0.0006721  0.8019763
2.755520  25.221330  0.0006982  0.8026745
2.775520  24.254770  0.0007256  0.8034001
2.795520  23.314100  0.0007544  0.8041545
2.815520  22.400390  0.0007847  0.8049392
2.835520  21.514520  0.0008164  0.8057556
2.855520  20.655830  0.0008496  0.8066052
2.875520  19.824940  0.0008843  0.8074895
2.895520  19.022240  0.0009206  0.8084101
2.915520  18.246810  0.0009585  0.8093686
2.935520  17.498440  0.0009982  0.8103668
2.955520  16.777870  0.0010396  0.8114064
2.975520  16.083080  0.0010826  0.8124890
2.995520  15.414450  0.0011275  0.8136165
3.015520  14.771620  0.0011741  0.8147906
3.035520  14.153600  0.0012226  0.8160132
3.055520  13.560080  0.0012729  0.8172861
3.075520  12.990020  0.0013250  0.8186111
3.095520  12.442890  0.0013787  0.8199898
3.115520  11.918430  0.0014343  0.8214241
3.135520  11.415260  0.0014918  0.8229159
3.155520  10.933300  0.0015509  0.8244667
3.175520  10.471310  0.0016116  0.8260783
3.195520  10.028800  0.0016738  0.8277521
3.215520   9.605280  0.0017374  0.8294895
3.235520   9.199840  0.0018025  0.8312920
3.255520   8.811660  0.0018684  0.8331603
3.275520   8.440430  0.0019355  0.8350958
3.295520   8.086070  0.0020030  0.8370988
3.315520   7.747980  0.0020710  0.8391698
3.335520   7.425400  0.0021387  0.8413085
3.355520   7.117600  0.0022064  0.8435149
3.375520   6.823880  0.0022734  0.8457883
3.395520   6.543570  0.0023395  0.8481277
3.415520   6.276050  0.0024041  0.8505318
3.435520   6.020700  0.0024671  0.8529989
3.455520   5.776950  0.0025279  0.8555268
3.475520   5.544240  0.0025861  0.8581129
3.495520   5.322050  0.0026413  0.8607542
3.515520   5.109880  0.0026932  0.8634474
3.535520   4.907250  0.0027412  0.8661886
3.555520   4.713720  0.0027848  0.8689734
3.575520   4.528840  0.0028239  0.8717974
3.595520   4.352200  0.0028581  0.8746555
3.615520   4.183420  0.0028867  0.8775422
3.635520   4.022130  0.0029100  0.8804522
3.655520   3.867960  0.0029273  0.8833795
3.675520   3.720580  0.0029386  0.8863182
3.695520   3.579680  0.0029440  0.8892621
3.715520   3.444940  0.0029432  0.8922053
3.735520   3.316080  0.0029364  0.8951417
3.755520   3.192820  0.0029234  0.8980651
3.775520   3.074890  0.0029049  0.9009699
3.795520   2.962060  0.0028806  0.9038505
3.815520   2.854070  0.0028509  0.9067014
3.835520   2.750720  0.0028163  0.9095177
3.855520   2.651770  0.0027770  0.9122947
3.875520   2.557030  0.0027336  0.9150283
3.895520   2.466300  0.0026862  0.9177145
3.915520   2.379400  0.0026353  0.9203498
3.935520   2.296160  0.0025814  0.9229312
3.955520   2.216400  0.0025250  0.9254562
3.975520   2.139960  0.0024663  0.9279225
3.995520   2.066700  0.0024060  0.9303284
4.015520   1.996470  0.0023442  0.9326726
4.035520   1.929140  0.0022814  0.9349540
4.055520   1.864570  0.0022182  0.9371722
4.075520   1.802630  0.0021543  0.9393265
4.095520   1.743220  0.0020907  0.9414173
4.115520   1.686220  0.0020273  0.9434446
4.135520   1.631520  0.0019643  0.9454089
4.155520   1.579020  0.0019019  0.9473108
4.175520   1.528620  0.0018406  0.9491513
4.195520   1.480230  0.0017802  0.9509316
4.215520   1.433760  0.0017209  0.9526525
4.235520   1.389140  0.0016629  0.9543154
4.255520   1.346260  0.0016062  0.9559216
4.275520   1.305070  0.0015513  0.9574729
4.295520   1.265490  0.0014975  0.9589704
4.315520   1.227450  0.0014454  0.9604158
4.335520   1.190880  0.0013948  0.9618106
4.355520   1.155730  0.0013458  0.9631564
4.375520   1.121920  0.0012984  0.9644548
4.395520   1.089410  0.0012527  0.9657075
4.415520   1.058130  0.0012084  0.9669159
4.435520   1.028040  0.0011656  0.9680815
4.455520   0.999090  0.0011244  0.9692060
4.475520   0.971230  0.0010849  0.9702909
4.495520   0.944410  0.0010466  0.9713375
4.515520   0.918590  0.0010099  0.9723474
4.535520   0.893730  0.0009745  0.9733219
4.555520   0.869790  0.0009406  0.9742625
4.575520   0.846730  0.0009078  0.9751703
4.595520   0.824520  0.0008763  0.9760466
4.615520   0.803120  0.0008463  0.9768929
4.635520   0.782500  0.0008172  0.9777101
4.655520   0.762630  0.0007894  0.9784995
4.675520   0.743470  0.0007627  0.9792622
4.695520   0.725000  0.0007369  0.9799991
4.715520   0.707190  0.0007124  0.9807115
4.735520   0.690020  0.0006887  0.9814003
4.755520   0.673460  0.0006661  0.9820664
4.775520   0.657480  0.0006443  0.9827106
4.795520   0.642060  0.0006233  0.9833339
4.815520   0.627190  0.0006031  0.9839370
4.835520   0.612830  0.0005839  0.9845209
4.855520   0.598980  0.0005654  0.9850863
4.875520   0.585600  0.0005477  0.9856340
4.895520   0.572680  0.0005306  0.9861646
4.915520   0.560210  0.0005141  0.9866788
4.935520   0.548170  0.0004985  0.9871773
4.955520   0.536540  0.0004833  0.9876605
4.975520   0.525300  0.0004688  0.9881294
4.995520   0.514440  0.0004548  0.9885842
5.015520   0.503950  0.0004415  0.9890256
5.035520   0.493800  0.0004285  0.9894541
5.055520   0.484000  0.0004161  0.9898703
5.075520   0.474530  0.0004042  0.9902744
5.095520   0.465370  0.0003929  0.9906673
5.115520   0.456510  0.0003817  0.9910490
5.135520   0.447940  0.0003712  0.9914203
5.155520   0.439650  0.0003609  0.9917812
5.175520   0.431640  0.0003513  0.9921325
5.195520   0.423880  0.0003418  0.9924743
5.215520   0.416380  0.0003327  0.9928070
5.235520   0.409110  0.0003241  0.9931311
5.255520   0.402080  0.0003156  0.9934468
5.275520   0.395280  0.0003074  0.9937542
5.295520   0.388690  0.0002996  0.9940538
5.315520   0.382320  0.0002922  0.9943459
5.335520   0.376140  0.0002848  0.9946307
5.355520   0.370160  0.0002780  0.9949087
5.375520   0.364370  0.0002712  0.9951798
5.395520   0.358760  0.0002646  0.9954444
5.415520   0.353320  0.0002584  0.9957028
5.435520   0.348050  0.0002522  0.9959551
5.455520   0.342950  0.0002465  0.9962015
5.475520   0.338000  0.0002407  0.9964422
5.495520   0.333210  0.0002353  0.9966776
5.515520   0.328560  0.0002300  0.9969076
5.535520   0.324050  0.0002251  0.9971326
5.555520   0.319680  0.0002201  0.9973527
5.575520   0.315450  0.0002154  0.9975681
5.595520   0.311340  0.0002108  0.9977789
5.615520   0.307350  0.0002063  0.9979853
5.635520   0.303490  0.0002020  0.9981872
5.655520   0.299740  0.0001979  0.9983851
5.675520   0.296100  0.0001940  0.9985791
5.695520   0.292570  0.0001900  0.9987691
5.715520   0.289140  0.0001861  0.9989553
5.735520   0.285810  0.0001826  0.9991379
5.755520   0.282590  0.0001791  0.9993170
5.775520   0.279450  0.0001756  0.9994927
5.795520   0.276410  0.0001723  0.9996650
5.815520   0.273460  0.0001690  0.9998340
5.835520   0.270590  0.0001660  1.0000000
