1.344190   0.000010  0.0000000  0.0000000
1.364190   0.000020  0.0000002  0.0000002
1.384190   0.000040  0.0000004  0.0000006
1.404190   0.000080  0.0000008  0.0000014
1.424190   0.000140  0.0000014  0.0000029
1.444190   0.000230  0.0000025  0.0000053
1.464190   0.000370  0.0000045  0.0000099
1.484190   0.000590  0.0000080  0.0000179
1.504190   0.000940  0.0000144  0.0000323
1.524190   0.001490  0.0000255  0.0000578
1.544190   0.002320  0.0000446  0.0001024
1.564190   0.003440  0.0000751  0.0001775
1.584190   0.004850  0.0001205  0.0002979
1.604190   0.006530  0.0001863  0.0004842
1.624190   0.008460  0.0002794  0.0007637
1.644190   0.010620  0.0004098  0.0011735
1.664190   0.013030  0.0005936  0.0017671
1.684190   0.015850  0.0008636  0.0026307
1.704190   0.019390  0.0012808  0.0039115
1.724190   0.023870  0.0019456  0.0058571
1.744190   0.029490  0.0030259  0.0088830
1.764190   0.036350  0.0048105  0.0136935
1.784190   0.044480  0.0078117  0.0215052
1.804190   0.053820  0.0129642  0.0344694
1.824190   0.064260  0.0219835  0.0564529
1.844190   0.075610  0.0377799  0.0942327
1.864190   0.087680  0.0635684  0.1578011
1.884190   0.100230  0.0956219  0.2534230
1.904190   0.113040  0.1131959  0.3666188
1.924190   0.125890  0.1031910  0.4698098
1.944190   0.138600  0.0814808  0.5512906
1.964190   0.150980  0.0621428  0.6134333
1.984190   0.162900  0.0480012  0.6614346
2.004190   0.174230  0.0380334  0.6994680
2.024190   0.184870  0.0309175  0.7303855
2.044190   0.194780  0.0257005  0.7560860
2.064190   0.203880  0.0217641  0.7778500
2.084190   0.212150  0.0187135  0.7965635
2.104190   0.219590  0.0162925  0.8128561
2.124190   0.226180  0.0143309  0.8271870
2.144190   0.231940  0.0127127  0.8398997
2.164190   0.236900  0.0113572  0.8512569
2.184190   0.241070  0.0102068  0.8614637
2.204190   0.244500  0.0092190  0.8706827
2.224190   0.247220  0.0083626  0.8790453
2.244190   0.249280  0.0076139  0.8866592
2.264190   0.250710  0.0069543  0.8936135
2.284190   0.251560  0.0063699  0.8999834
2.304190   0.251890  0.0058493  0.9058327
2.324190   0.251720  0.0053829  0.9112156
2.344190   0.251120  0.0049639  0.9161795
2.364190   0.250120  0.0045857  0.9207652
2.384190   0.248760  0.0042438  0.9250090
2.404190   0.247090  0.0039333  0.9289423
2.424190   0.245150  0.0036510  0.9325933
2.444190   0.242980  0.0033938  0.9359871
2.464190   0.240600  0.0031589  0.9391460
2.484190   0.238050  0.0029443  0.9420903
2.504190   0.235370  0.0027475  0.9448378
2.524190   0.232580  0.0025672  0.9474050
2.544190   0.229700  0.0024016  0.9498066
2.564190   0.226760  0.0022493  0.9520559
2.584190   0.223780  0.0021093  0.9541652
2.604190   0.220780  0.0019803  0.9561455
2.624190   0.217780  0.0018613  0.9580068
2.644190   0.214790  0.0017515  0.9597582
2.664190   0.211820  0.0016501  0.9614084
2.684190   0.208900  0.0015563  0.9629647
2.704190   0.206010  0.0014696  0.9644343
2.724190   0.203180  0.0013894  0.9658236
2.744190   0.200420  0.0013149  0.9671386
2.764190   0.197720  0.0012459  0.9683844
2.784190   0.195100  0.0011817  0.9695661
2.804190   0.192550  0.0011223  0.9706884
2.824190   0.190090  0.0010668  0.9717552
2.844190   0.187700  0.0010154  0.9727705
2.864190   0.185400  0.0009672  0.9737378
2.884190   0.183190  0.0009226  0.9746604
2.904190   0.181060  0.0008809  0.9755413
2.924190   0.179020  0.0008418  0.9763831
2.944190   0.177060  0.0008054  0.9771885
2.964190   0.175190  0.0007713  0.9779598
2.984190   0.173400  0.0007394  0.9786992
3.004190   0.171690  0.0007096  0.9794088
3.024190   0.170060  0.0006814  0.9800902
3.044190   0.168510  0.0006551  0.9807453
3.064190   0.167040  0.0006304  0.9813757
3.084190   0.165630  0.0006072  0.9819829
3.104190   0.164300  0.0005852  0.9825681
3.124190   0.163040  0.0005646  0.9831328
3.144190   0.161850  0.0005453  0.9836781
3.164190   0.160720  0.0005268  0.9842049
3.184190   0.159650  0.0005095  0.9847144
3.204190   0.158640  0.0004931  0.9852075
3.224190   0.157690  0.0004777  0.9856851
3.244190   0.156790  0.0004631  0.9861482
3.264190   0.155940  0.0004491  0.9865973
3.284190   0.155150  0.0004359  0.9870332
3.304190   0.154410  0.0004234  0.9874565
3.324190   0.153710  0.0004114  0.9878680
3.344190   0.153060  0.0004001  0.9882681
3.364190   0.152460  0.0003894  0.9886576
3.384190   0.151890  0.0003792  0.9890367
3.404190   0.151370  0.0003693  0.9894060
3.424190   0.150880  0.0003600  0.9897661
3.444190   0.150430  0.0003510  0.9901171
3.464190   0.150000  0.0003426  0.9904596
3.484190   0.149610  0.0003343  0.9907940
3.504190   0.149250  0.0003265  0.9911205
3.524190   0.148920  0.0003191  0.9914396
3.544190   0.148610  0.0003119  0.9917515
3.564190   0.148330  0.0003051  0.9920567
3.584190   0.148070  0.0002986  0.9923552
3.604190   0.147830  0.0002922  0.9926474
3.624190   0.147620  0.0002860  0.9929334
3.644190   0.147420  0.0002803  0.9932137
3.664190   0.147240  0.0002745  0.9934882
3.684190   0.147080  0.0002692  0.9937574
3.704190   0.146940  0.0002638  0.9940212
3.724190   0.146810  0.0002589  0.9942801
3.744190   0.146690  0.0002539  0.9945340
3.764190   0.146590  0.0002492  0.9947832
3.784190   0.146500  0.0002447  0.9950279
3.804190   0.146430  0.0002402  0.9952681
3.824190   0.146360  0.0002358  0.9955039
3.844190   0.146310  0.0002317  0.9957356
3.864190   0.146260  0.0002278  0.9959635
3.884190   0.146230  0.0002239  0.9961874
3.904190   0.146200  0.0002200  0.9964074
3.924190   0.146190  0.0002165  0.9966239
3.944190   0.146180  0.0002130  0.9968369
3.964190   0.146180  0.0002095  0.9970465
3.984190   0.146180  0.0002062  0.9972527
4.004190   0.146190  0.0002029  0.9974557
4.024190   0.146210  0.0001997  0.9976553
4.044190   0.146240  0.0001966  0.9978519
4.064190   0.146270  0.0001937  0.9980456
4.084190   0.146300  0.0001908  0.9982364
4.104190   0.146340  0.0001879  0.9984243
4.124190   0.146380  0.0001853  0.9986096
4.144190   0.146430  0.0001826  0.9987922
4.164190   0.146480  0.0001799  0.9989721
4.184190   0.146530  0.0001772  0.9991493
4.204190   0.146590  0.0001748  0.9993241
4.224190   0.146650  0.0001725  0.9994966
4.244190   0.146720  0.0001700  0.9996667
4.264190   0.146780  0.0001678  0.9998345
4.284190   0.146850  0.0001655  1.0000000
