1.275920   0.000010  0.0000002  0.0000002
1.295920   0.000050  0.0000008  0.0000010
1.315920   0.000150  0.0000025  0.0000035
1.335920   0.000310  0.0000060  0.0000095
1.355920   0.000610  0.0000132  0.0000226
1.375920   0.001110  0.0000282  0.0000508
1.395920   0.001880  0.0000558  0.0001066
1.415920   0.002950  0.0001033  0.0002099
1.435920   0.004340  0.0001817  0.0003917
1.455920   0.006160  0.0003124  0.0007041
1.475920   0.008510  0.0005329  0.0012370
1.495920   0.011420  0.0009017  0.0021387
1.515920   0.015090  0.0015402  0.0036789
1.535920   0.019710  0.0026846  0.0063635
1.555920   0.024620  0.0046675  0.0110310
1.575920   0.029540  0.0082441  0.0192751
1.595920   0.034470  0.0152899  0.0345651
1.615920   0.039410  0.0309631  0.0655282
1.635920   0.044500  0.0709716  0.1364998
1.655920   0.051060  0.1606991  0.2971989
1.675920   0.065300  0.1589986  0.4561975
1.695920   0.087840  0.0908968  0.5470943
1.715920   0.114650  0.0575677  0.6046619
1.735920   0.143430  0.0412319  0.6458939
1.755920   0.172770  0.0319678  0.6778616
1.775920   0.201760  0.0260820  0.7039436
1.795920   0.229810  0.0220278  0.7259714
1.815920   0.256530  0.0190660  0.7450374
1.835920   0.281660  0.0168046  0.7618421
1.855920   0.305060  0.0150170  0.7768591
1.875920   0.326620  0.0135649  0.7904240
1.895920   0.346320  0.0123580  0.8027819
1.915920   0.364140  0.0113356  0.8141176
1.935920   0.380100  0.0104555  0.8245731
1.955920   0.394250  0.0096876  0.8342606
1.975920   0.406650  0.0090090  0.8432696
1.995920   0.417340  0.0084034  0.8516731
2.015920   0.426410  0.0078580  0.8595310
2.035920   0.433930  0.0073628  0.8668938
2.055920   0.440000  0.0069102  0.8738040
2.075920   0.444700  0.0064940  0.8802980
2.095920   0.448100  0.0061095  0.8864075
2.115920   0.450310  0.0057526  0.8921601
2.135920   0.451400  0.0054202  0.8975803
2.155920   0.451460  0.0051096  0.9026899
2.175920   0.450580  0.0048188  0.9075087
2.195920   0.448830  0.0045459  0.9120546
2.215920   0.446290  0.0042892  0.9163438
2.235920   0.443050  0.0040478  0.9203915
2.255920   0.439170  0.0038205  0.9242120
2.275920   0.434740  0.0036063  0.9278183
2.295920   0.429810  0.0034046  0.9312229
2.315920   0.424470  0.0032142  0.9344370
2.335920   0.418760  0.0030349  0.9374719
2.355920   0.412750  0.0028659  0.9403378
2.375920   0.406500  0.0027068  0.9430446
2.395920   0.400050  0.0025570  0.9456016
2.415920   0.393450  0.0024160  0.9480176
2.435920   0.386750  0.0022832  0.9503008
2.455920   0.379980  0.0021585  0.9524593
2.475920   0.373180  0.0020412  0.9545005
2.495920   0.366380  0.0019308  0.9564313
2.515920   0.359610  0.0018273  0.9582586
2.535920   0.352900  0.0017302  0.9599888
2.555920   0.346260  0.0016390  0.9616278
2.575920   0.339720  0.0015534  0.9631812
2.595920   0.333300  0.0014729  0.9646540
2.615920   0.327000  0.0013976  0.9660516
2.635920   0.320850  0.0013270  0.9673785
2.655920   0.314840  0.0012607  0.9686392
2.675920   0.309000  0.0011985  0.9698377
2.695920   0.303320  0.0011403  0.9709780
2.715920   0.297820  0.0010855  0.9720635
2.735920   0.292480  0.0010343  0.9730978
2.755920   0.287330  0.0009863  0.9740841
2.775920   0.282350  0.0009410  0.9750252
2.795920   0.277560  0.0008988  0.9759240
2.815920   0.272940  0.0008589  0.9767829
2.835920   0.268500  0.0008217  0.9776046
2.855920   0.264230  0.0007867  0.9783912
2.875920   0.260140  0.0007537  0.9791450
2.895920   0.256210  0.0007227  0.9798676
2.915920   0.252450  0.0006934  0.9805610
2.935920   0.248860  0.0006661  0.9812271
2.955920   0.245420  0.0006403  0.9818674
2.975920   0.242140  0.0006160  0.9824834
2.995920   0.239000  0.0005930  0.9830764
3.015920   0.236010  0.0005714  0.9836478
3.035920   0.233160  0.0005510  0.9841988
3.055920   0.230450  0.0005319  0.9847306
3.075920   0.227860  0.0005135  0.9852442
3.095920   0.225400  0.0004965  0.9857406
3.115920   0.223060  0.0004802  0.9862208
3.135920   0.220840  0.0004648  0.9866856
3.155920   0.218730  0.0004501  0.9871357
3.175920   0.216730  0.0004363  0.9875721
3.195920   0.214830  0.0004232  0.9879952
3.215920   0.213030  0.0004106  0.9884059
3.235920   0.211320  0.0003989  0.9888048
3.255920   0.209700  0.0003876  0.9891923
3.275920   0.208160  0.0003769  0.9895692
3.295920   0.206720  0.0003668  0.9899360
3.315920   0.205350  0.0003571  0.9902931
3.335920   0.204060  0.0003478  0.9906409
3.355920   0.202840  0.0003390  0.9909799
3.375920   0.201700  0.0003306  0.9913105
3.395920   0.200610  0.0003225  0.9916330
3.415920   0.199600  0.0003149  0.9919479
3.435920   0.198640  0.0003075  0.9922554
3.455920   0.197730  0.0003005  0.9925559
3.475920   0.196880  0.0002937  0.9928496
3.495920   0.196080  0.0002873  0.9931370
3.515920   0.195330  0.0002812  0.9934181
3.535920   0.194620  0.0002752  0.9936933
3.555920   0.193960  0.0002694  0.9939627
3.575920   0.193330  0.0002639  0.9942266
3.595920   0.192750  0.0002587  0.9944853
3.615920   0.192200  0.0002536  0.9947389
3.635920   0.191680  0.0002486  0.9949875
3.655920   0.191200  0.0002439  0.9952314
3.675920   0.190750  0.0002394  0.9954708
3.695920   0.190330  0.0002348  0.9957057
3.715920   0.189940  0.0002307  0.9959364
3.735920   0.189570  0.0002266  0.9961630
3.755920   0.189220  0.0002225  0.9963855
3.775920   0.188900  0.0002188  0.9966043
3.795920   0.188610  0.0002151  0.9968194
3.815920   0.188330  0.0002114  0.9970308
3.835920   0.188070  0.0002079  0.9972386
3.855920   0.187840  0.0002046  0.9974432
3.875920   0.187620  0.0002013  0.9976445
3.895920   0.187410  0.0001980  0.9978425
3.915920   0.187230  0.0001949  0.9980375
3.935920   0.187050  0.0001918  0.9982293
3.955920   0.186900  0.0001889  0.9984182
3.975920   0.186750  0.0001861  0.9986043
3.995920   0.186620  0.0001834  0.9987877
4.015920   0.186500  0.0001807  0.9989684
4.035920   0.186390  0.0001780  0.9991464
4.055920   0.186300  0.0001756  0.9993220
4.075920   0.186210  0.0001731  0.9994951
4.095920   0.186130  0.0001706  0.9996657
4.115920   0.186060  0.0001684  0.9998341
4.135920   0.186000  0.0001659  1.0000000
