1.492290   0.000010  0.0000002  0.0000002
1.512290   0.000030  0.0000009  0.0000011
1.532290   0.000070  0.0000024  0.0000034
1.552290   0.000130  0.0000049  0.0000084
1.572290   0.000210  0.0000092  0.0000176
1.592290   0.000310  0.0000165  0.0000341
1.612290   0.000430  0.0000281  0.0000621
1.632290   0.000770  0.0000621  0.0001243
1.652290   0.001620  0.0001641  0.0002884
1.672290   0.003160  0.0004170  0.0007054
1.692290   0.005390  0.0009581  0.0016635
1.712290   0.007840  0.0019641  0.0036277
1.732290   0.010530  0.0039694  0.0075971
1.752290   0.013410  0.0083670  0.0159641
1.772290   0.016390  0.0197846  0.0357487
1.792290   0.019400  0.0603271  0.0960759
1.812290   0.022410  0.3046329  0.4007088
1.832290   0.025360  0.3368121  0.7375208
1.852290   0.028250  0.0886453  0.8261661
1.872290   0.031040  0.0390029  0.8651690
1.892290   0.033730  0.0224956  0.8876645
1.912290   0.036310  0.0149910  0.9026556
1.932290   0.038790  0.0109020  0.9135576
1.952290   0.041160  0.0083994  0.9219570
1.972290   0.043420  0.0067395  0.9286965
1.992290   0.045580  0.0055721  0.9342686
2.012290   0.047640  0.0047139  0.9389824
2.032290   0.049610  0.0040603  0.9430427
2.052290   0.051490  0.0035486  0.9465913
2.072290   0.053280  0.0031387  0.9497300
2.092290   0.054990  0.0028039  0.9525339
2.112290   0.056620  0.0025260  0.9550599
2.132290   0.058180  0.0022922  0.9573521
2.152290   0.059660  0.0020931  0.9594453
2.172290   0.061090  0.0019219  0.9613672
2.192290   0.062450  0.0017734  0.9631406
2.212290   0.063750  0.0016434  0.9647840
2.232290   0.064990  0.0015287  0.9663127
2.252290   0.066180  0.0014269  0.9677396
2.272290   0.067330  0.0013361  0.9690757
2.292290   0.068420  0.0012549  0.9703306
2.312290   0.069480  0.0011814  0.9715119
2.332290   0.070490  0.0011151  0.9726271
2.352290   0.071460  0.0010547  0.9736818
2.372290   0.072400  0.0009996  0.9746814
2.392290   0.073300  0.0009495  0.9756309
2.412290   0.074170  0.0009032  0.9765342
2.432290   0.075010  0.0008608  0.9773949
2.452290   0.075820  0.0008214  0.9782163
2.472290   0.076600  0.0007851  0.9790015
2.492290   0.077360  0.0007515  0.9797530
2.512290   0.078090  0.0007200  0.9804730
2.532290   0.078800  0.0006909  0.9811638
2.552290   0.079490  0.0006636  0.9818275
2.572290   0.080160  0.0006381  0.9824656
2.592290   0.080800  0.0006144  0.9830800
2.612290   0.081430  0.0005919  0.9836718
2.632290   0.082050  0.0005709  0.9842427
2.652290   0.082640  0.0005511  0.9847938
2.672290   0.083220  0.0005325  0.9853263
2.692290   0.083790  0.0005147  0.9858410
2.712290   0.084340  0.0004982  0.9863393
2.732290   0.084870  0.0004824  0.9868216
2.752290   0.085390  0.0004674  0.9872890
2.772290   0.085900  0.0004532  0.9877422
2.792290   0.086400  0.0004397  0.9881819
2.812290   0.086890  0.0004271  0.9886090
2.832290   0.087360  0.0004149  0.9890238
2.852290   0.087830  0.0004033  0.9894271
2.872290   0.088280  0.0003921  0.9898193
2.892290   0.088730  0.0003816  0.9902009
2.912290   0.089160  0.0003714  0.9905723
2.932290   0.089580  0.0003617  0.9909340
2.952290   0.090000  0.0003525  0.9912865
2.972290   0.090410  0.0003437  0.9916302
2.992290   0.090810  0.0003354  0.9919656
3.012290   0.091200  0.0003272  0.9922928
3.032290   0.091580  0.0003193  0.9926121
3.052290   0.091950  0.0003118  0.9929238
3.072290   0.092320  0.0003047  0.9932286
3.092290   0.092680  0.0002976  0.9935262
3.112290   0.093030  0.0002910  0.9938172
3.132290   0.093380  0.0002846  0.9941018
3.152290   0.093720  0.0002784  0.9943801
3.172290   0.094050  0.0002724  0.9946525
3.192290   0.094380  0.0002668  0.9949193
3.212290   0.094700  0.0002612  0.9951805
3.232290   0.095010  0.0002559  0.9954363
3.252290   0.095320  0.0002505  0.9956868
3.272290   0.095620  0.0002456  0.9959324
3.292290   0.095920  0.0002406  0.9961731
3.312290   0.096210  0.0002361  0.9964092
3.332290   0.096500  0.0002314  0.9966406
3.352290   0.096780  0.0002271  0.9968678
3.372290   0.097060  0.0002229  0.9970906
3.392290   0.097330  0.0002188  0.9973094
3.412290   0.097590  0.0002147  0.9975241
3.432290   0.097850  0.0002109  0.9977350
3.452290   0.098110  0.0002070  0.9979420
3.472290   0.098360  0.0002034  0.9981454
3.492290   0.098610  0.0001999  0.9983453
3.512290   0.098850  0.0001965  0.9985418
3.532290   0.099090  0.0001931  0.9987349
3.552290   0.099330  0.0001899  0.9989247
3.572290   0.099560  0.0001866  0.9991114
3.592290   0.099790  0.0001836  0.9992950
3.612290   0.100010  0.0001804  0.9994754
3.632290   0.100230  0.0001776  0.9996531
3.652290   0.100450  0.0001749  0.9998279
3.672290   0.100660  0.0001721  1.0000000
