1.543400   0.000010  0.0000000  0.0000000
1.563400   0.000020  0.0000000  0.0000000
1.583400   0.000040  0.0000002  0.0000002
1.603400   0.000070  0.0000002  0.0000004
1.623400   0.000120  0.0000004  0.0000008
1.643400   0.000190  0.0000008  0.0000017
1.663400   0.000300  0.0000013  0.0000030
1.683400   0.000460  0.0000021  0.0000051
1.703400   0.000680  0.0000034  0.0000085
1.723400   0.000980  0.0000051  0.0000136
1.743400   0.001370  0.0000079  0.0000215
1.763400   0.001870  0.0000115  0.0000329
1.783400   0.002520  0.0000168  0.0000497
1.803400   0.003320  0.0000242  0.0000739
1.823400   0.004310  0.0000342  0.0001081
1.843400   0.005520  0.0000480  0.0001561
1.863400   0.006960  0.0000663  0.0002224
1.883400   0.008670  0.0000909  0.0003133
1.903400   0.010680  0.0001236  0.0004369
1.923400   0.013000  0.0001669  0.0006038
1.943400   0.015660  0.0002239  0.0008277
1.963400   0.018690  0.0002986  0.0011263
1.983400   0.022090  0.0003968  0.0015231
2.003400   0.025890  0.0005257  0.0020488
2.023400   0.030100  0.0006952  0.0027439
2.043400   0.034720  0.0009188  0.0036627
2.063400   0.039750  0.0012147  0.0048774
2.083400   0.045200  0.0016093  0.0064867
2.103400   0.051060  0.0021394  0.0086262
2.123400   0.057320  0.0028592  0.0114854
2.143400   0.063970  0.0038484  0.0153338
2.163400   0.070990  0.0052277  0.0205614
2.183400   0.078350  0.0071830  0.0277444
2.203400   0.086050  0.0100050  0.0377494
2.223400   0.094060  0.0141488  0.0518983
2.243400   0.102340  0.0203074  0.0722057
2.263400   0.110870  0.0294255  0.1016312
2.283400   0.119620  0.0423495  0.1439806
2.303400   0.128570  0.0583884  0.2023690
2.323400   0.137680  0.0727711  0.2751401
2.343400   0.146920  0.0778613  0.3530014
2.363400   0.156280  0.0716972  0.4246987
2.383400   0.165720  0.0599814  0.4846800
2.403400   0.175210  0.0482789  0.5329589
2.423400   0.184740  0.0387145  0.5716734
2.443400   0.194280  0.0314161  0.6030895
2.463400   0.203800  0.0259325  0.6290219
2.483400   0.213300  0.0217867  0.6508087
2.503400   0.222760  0.0186064  0.6694150
2.523400   0.232140  0.0161239  0.6855389
2.543400   0.241460  0.0141525  0.6996914
2.563400   0.250680  0.0125612  0.7122526
2.583400   0.259800  0.0112571  0.7235097
2.603400   0.268810  0.0101737  0.7336834
2.623400   0.277710  0.0092625  0.7429459
2.643400   0.286470  0.0084875  0.7514333
2.663400   0.295110  0.0078218  0.7592552
2.683400   0.303610  0.0072450  0.7665001
2.703400   0.311960  0.0067407  0.7732409
2.723400   0.320170  0.0062968  0.7795377
2.743400   0.328240  0.0059035  0.7854412
2.763400   0.336160  0.0055526  0.7909939
2.783400   0.343930  0.0052381  0.7962319
2.803400   0.351540  0.0049545  0.8011864
2.823400   0.359010  0.0046977  0.8058842
2.843400   0.366330  0.0044643  0.8103485
2.863400   0.373510  0.0042511  0.8145995
2.883400   0.380530  0.0040555  0.8186550
2.903400   0.387410  0.0038758  0.8225308
2.923400   0.394150  0.0037099  0.8262406
2.943400   0.400740  0.0035565  0.8297972
2.963400   0.407200  0.0034140  0.8332112
2.983400   0.413520  0.0032817  0.8364929
3.003400   0.419700  0.0031581  0.8396510
3.023400   0.425750  0.0030428  0.8426938
3.043400   0.431670  0.0029346  0.8456284
3.063400   0.437470  0.0028331  0.8484615
3.083400   0.443140  0.0027378  0.8511993
3.103400   0.448690  0.0026481  0.8538474
3.123400   0.454120  0.0025634  0.8564108
3.143400   0.459430  0.0024833  0.8588941
3.163400   0.464630  0.0024075  0.8613016
3.183400   0.469720  0.0023357  0.8636373
3.203400   0.474700  0.0022677  0.8659050
3.223400   0.479580  0.0022030  0.8681080
3.243400   0.484350  0.0021414  0.8702493
3.263400   0.489020  0.0020827  0.8723321
3.283400   0.493600  0.0020269  0.8743589
3.303400   0.498080  0.0019736  0.8763325
3.323400   0.502460  0.0019228  0.8782553
3.343400   0.506760  0.0018740  0.8801293
3.363400   0.510960  0.0018274  0.8819567
3.383400   0.515090  0.0017828  0.8837395
3.403400   0.519120  0.0017399  0.8854795
3.423400   0.523080  0.0016989  0.8871784
3.443400   0.526950  0.0016594  0.8888378
3.463400   0.530750  0.0016216  0.8904595
3.483400   0.534470  0.0015853  0.8920448
3.503400   0.538120  0.0015503  0.8935950
3.523400   0.541690  0.0015165  0.8951115
3.543400   0.545200  0.0014840  0.8965955
3.563400   0.548630  0.0014526  0.8980481
3.583400   0.552000  0.0014224  0.8994705
3.603400   0.555310  0.0013931  0.9008636
3.623400   0.558550  0.0013651  0.9022287
3.643400   0.561730  0.0013379  0.9035665
3.663400   0.564850  0.0013115  0.9048781
3.683400   0.567910  0.0012860  0.9061641
3.703400   0.570920  0.0012614  0.9074255
3.723400   0.573860  0.0012374  0.9086629
3.743400   0.576760  0.0012145  0.9098774
3.763400   0.579600  0.0011920  0.9110693
3.783400   0.582390  0.0011703  0.9122396
3.803400   0.585120  0.0011493  0.9133889
3.823400   0.587810  0.0011289  0.9145178
3.843400   0.590450  0.0011089  0.9156267
3.863400   0.593040  0.0010898  0.9167165
3.883400   0.595590  0.0010711  0.9177876
3.903400   0.598090  0.0010528  0.9188404
3.923400   0.600550  0.0010352  0.9198756
3.943400   0.602970  0.0010180  0.9208936
3.963400   0.605340  0.0010014  0.9218951
3.983400   0.607680  0.0009851  0.9228801
4.003400   0.609970  0.0009694  0.9238495
4.023400   0.612220  0.0009539  0.9248034
4.043400   0.614440  0.0009390  0.9257424
4.063400   0.616620  0.0009243  0.9266667
4.083400   0.618760  0.0009101  0.9275768
4.103400   0.620870  0.0008961  0.9284729
4.123400   0.622940  0.0008827  0.9293556
4.143400   0.624980  0.0008693  0.9302249
4.163400   0.626980  0.0008566  0.9310815
4.183400   0.628960  0.0008441  0.9319256
4.203400   0.630900  0.0008317  0.9327573
4.223400   0.632810  0.0008198  0.9335772
4.243400   0.634690  0.0008082  0.9343853
4.263400   0.636540  0.0007967  0.9351820
4.283400   0.638360  0.0007854  0.9359674
4.303400   0.640150  0.0007746  0.9367420
4.323400   0.641910  0.0007640  0.9375060
4.343400   0.643650  0.0007536  0.9382596
4.363400   0.645360  0.0007434  0.9390030
4.383400   0.647040  0.0007334  0.9397364
4.403400   0.648700  0.0007236  0.9404600
4.423400   0.650330  0.0007141  0.9411741
4.443400   0.651940  0.0007047  0.9418788
4.463400   0.653530  0.0006956  0.9425744
4.483400   0.655090  0.0006867  0.9432611
4.503400   0.656630  0.0006780  0.9439390
4.523400   0.658140  0.0006693  0.9446083
4.543400   0.659630  0.0006610  0.9452692
4.563400   0.661100  0.0006527  0.9459219
4.583400   0.662550  0.0006446  0.9465665
4.603400   0.663980  0.0006368  0.9472033
4.623400   0.665390  0.0006289  0.9478322
4.643400   0.666780  0.0006213  0.9484535
4.663400   0.668150  0.0006138  0.9490673
4.683400   0.669500  0.0006066  0.9496739
4.703400   0.670830  0.0005994  0.9502732
4.723400   0.672140  0.0005924  0.9508656
4.743400   0.673430  0.0005856  0.9514512
4.763400   0.674700  0.0005788  0.9520300
4.783400   0.675960  0.0005722  0.9526021
4.803400   0.677200  0.0005656  0.9531678
4.823400   0.678430  0.0005592  0.9537270
4.843400   0.679630  0.0005529  0.9542798
4.863400   0.680820  0.0005467  0.9548265
4.883400   0.682000  0.0005408  0.9553673
4.903400   0.683160  0.0005348  0.9559021
4.923400   0.684300  0.0005289  0.9564310
4.943400   0.685430  0.0005231  0.9569541
4.963400   0.686540  0.0005174  0.9574715
4.983400   0.687640  0.0005119  0.9579834
5.003400   0.688720  0.0005066  0.9584899
5.023400   0.689790  0.0005010  0.9589910
5.043400   0.690850  0.0004959  0.9594869
5.063400   0.691890  0.0004906  0.9599775
5.083400   0.692920  0.0004855  0.9604631
5.103400   0.693940  0.0004806  0.9609437
5.123400   0.694940  0.0004756  0.9614193
5.143400   0.695930  0.0004709  0.9618901
5.163400   0.696910  0.0004660  0.9623561
5.183400   0.697870  0.0004613  0.9628174
5.203400   0.698830  0.0004566  0.9632741
5.223400   0.699770  0.0004522  0.9637263
5.243400   0.700700  0.0004477  0.9641740
5.263400   0.701620  0.0004433  0.9646173
5.283400   0.702530  0.0004390  0.9650563
5.303400   0.703420  0.0004348  0.9654911
5.323400   0.704310  0.0004305  0.9659216
5.343400   0.705180  0.0004265  0.9663481
5.363400   0.706050  0.0004222  0.9667703
5.383400   0.706900  0.0004184  0.9671887
5.403400   0.707750  0.0004144  0.9676031
5.423400   0.708580  0.0004106  0.9680137
5.443400   0.709400  0.0004067  0.9684204
5.463400   0.710220  0.0004029  0.9688233
5.483400   0.711020  0.0003991  0.9692224
5.503400   0.711820  0.0003955  0.9696179
5.523400   0.712600  0.0003919  0.9700097
5.543400   0.713380  0.0003883  0.9703980
5.563400   0.714150  0.0003849  0.9707829
5.583400   0.714900  0.0003815  0.9711643
5.603400   0.715650  0.0003778  0.9715422
5.623400   0.716400  0.0003747  0.9719168
5.643400   0.717130  0.0003713  0.9722881
5.663400   0.717850  0.0003681  0.9726562
5.683400   0.718570  0.0003649  0.9730211
5.703400   0.719280  0.0003617  0.9733828
5.723400   0.719980  0.0003585  0.9737413
5.743400   0.720670  0.0003553  0.9740966
5.763400   0.721360  0.0003524  0.9744490
5.783400   0.722040  0.0003494  0.9747984
5.803400   0.722710  0.0003464  0.9751448
5.823400   0.723370  0.0003434  0.9754882
5.843400   0.724020  0.0003405  0.9758287
5.863400   0.724670  0.0003377  0.9761664
5.883400   0.725310  0.0003349  0.9765014
5.903400   0.725950  0.0003322  0.9768335
5.923400   0.726580  0.0003294  0.9771630
5.943400   0.727200  0.0003267  0.9774896
5.963400   0.727810  0.0003241  0.9778137
5.983400   0.728420  0.0003214  0.9781351
6.003400   0.729020  0.0003188  0.9784539
6.023400   0.729620  0.0003163  0.9787702
6.043400   0.730200  0.0003137  0.9790839
6.063400   0.730790  0.0003112  0.9793950
6.083400   0.731360  0.0003086  0.9797036
6.103400   0.731930  0.0003063  0.9800099
6.123400   0.732500  0.0003039  0.9803138
6.143400   0.733060  0.0003014  0.9806152
6.163400   0.733610  0.0002991  0.9809143
6.183400   0.734160  0.0002967  0.9812110
6.203400   0.734700  0.0002946  0.9815056
6.223400   0.735230  0.0002923  0.9817978
6.243400   0.735770  0.0002899  0.9820877
6.263400   0.736290  0.0002878  0.9823755
6.283400   0.736810  0.0002857  0.9826612
6.303400   0.737330  0.0002835  0.9829448
6.323400   0.737840  0.0002812  0.9832260
6.343400   0.738340  0.0002793  0.9835053
6.363400   0.738840  0.0002772  0.9837824
6.383400   0.739330  0.0002751  0.9840575
6.403400   0.739820  0.0002729  0.9843304
6.423400   0.740310  0.0002710  0.9846014
6.443400   0.740790  0.0002691  0.9848705
6.463400   0.741260  0.0002670  0.9851375
6.483400   0.741740  0.0002651  0.9854026
6.503400   0.742200  0.0002632  0.9856657
6.523400   0.742660  0.0002612  0.9859270
6.543400   0.743120  0.0002593  0.9861863
6.563400   0.743570  0.0002576  0.9864440
6.583400   0.744020  0.0002557  0.9866997
6.603400   0.744470  0.0002538  0.9869535
6.623400   0.744910  0.0002521  0.9872056
6.643400   0.745340  0.0002504  0.9874560
6.663400   0.745780  0.0002485  0.9877045
6.683400   0.746200  0.0002468  0.9879513
6.703400   0.746630  0.0002451  0.9881964
6.723400   0.747050  0.0002434  0.9884398
6.743400   0.747460  0.0002417  0.9886815
6.763400   0.747880  0.0002400  0.9889215
6.783400   0.748280  0.0002385  0.9891600
6.803400   0.748690  0.0002368  0.9893969
6.823400   0.749090  0.0002351  0.9896320
6.843400   0.749490  0.0002336  0.9898656
6.863400   0.749880  0.0002319  0.9900976
6.883400   0.750270  0.0002304  0.9903280
6.903400   0.750660  0.0002290  0.9905570
6.923400   0.751040  0.0002275  0.9907844
6.943400   0.751420  0.0002260  0.9910104
6.963400   0.751790  0.0002243  0.9912347
6.983400   0.752170  0.0002228  0.9914575
7.003400   0.752540  0.0002215  0.9916790
7.023400   0.752900  0.0002200  0.9918991
7.043400   0.753270  0.0002186  0.9921176
7.063400   0.753620  0.0002171  0.9923347
7.083400   0.753980  0.0002158  0.9925505
7.103400   0.754330  0.0002143  0.9927648
7.123400   0.754680  0.0002130  0.9929778
7.143400   0.755030  0.0002115  0.9931894
7.163400   0.755380  0.0002103  0.9933996
7.183400   0.755720  0.0002090  0.9936086
7.203400   0.756050  0.0002075  0.9938161
7.223400   0.756390  0.0002062  0.9940224
7.243400   0.756720  0.0002050  0.9942273
7.263400   0.757050  0.0002037  0.9944310
7.283400   0.757380  0.0002024  0.9946334
7.303400   0.757700  0.0002011  0.9948346
7.323400   0.758020  0.0001999  0.9950344
7.343400   0.758340  0.0001986  0.9952330
7.363400   0.758660  0.0001975  0.9954306
7.383400   0.758970  0.0001963  0.9956268
7.403400   0.759280  0.0001950  0.9958218
7.423400   0.759590  0.0001939  0.9960157
7.443400   0.759890  0.0001926  0.9962083
7.463400   0.760200  0.0001916  0.9963999
7.483400   0.760500  0.0001903  0.9965902
7.503400   0.760790  0.0001892  0.9967795
7.523400   0.761090  0.0001880  0.9969674
7.543400   0.761380  0.0001869  0.9971543
7.563400   0.761670  0.0001858  0.9973402
7.583400   0.761960  0.0001848  0.9975250
7.603400   0.762250  0.0001835  0.9977085
7.623400   0.762530  0.0001824  0.9978909
7.643400   0.762810  0.0001814  0.9980723
7.663400   0.763090  0.0001803  0.9982526
7.683400   0.763370  0.0001793  0.9984319
7.703400   0.763640  0.0001782  0.9986101
7.723400   0.763910  0.0001773  0.9987874
7.743400   0.764180  0.0001763  0.9989637
7.763400   0.764450  0.0001752  0.9991390
7.783400   0.764710  0.0001742  0.9993131
7.803400   0.764980  0.0001731  0.9994862
7.823400   0.765240  0.0001723  0.9996585
7.843400   0.765500  0.0001712  0.9998297
7.863400   0.765760  0.0001703  1.0000000
