1.320500   0.000010  0.0000000  0.0000000
1.340500   0.000020  0.0000000  0.0000000
1.360500   0.000030  0.0000000  0.0000000
1.380500   0.000050  0.0000002  0.0000002
1.400500   0.000090  0.0000002  0.0000004
1.420500   0.000150  0.0000006  0.0000010
1.440500   0.000250  0.0000010  0.0000021
1.460500   0.000410  0.0000017  0.0000038
1.480500   0.000650  0.0000029  0.0000067
1.500500   0.001000  0.0000046  0.0000113
1.520500   0.001490  0.0000075  0.0000188
1.540500   0.002160  0.0000117  0.0000304
1.560500   0.003070  0.0000179  0.0000484
1.580500   0.004260  0.0000267  0.0000751
1.600500   0.005790  0.0000394  0.0001145
1.620500   0.007720  0.0000567  0.0001712
1.640500   0.010110  0.0000807  0.0002519
1.660500   0.013030  0.0001132  0.0003652
1.680500   0.016580  0.0001570  0.0005222
1.700500   0.020850  0.0002158  0.0007380
1.720500   0.026010  0.0002951  0.0010331
1.740500   0.032290  0.0004025  0.0014356
1.760500   0.040110  0.0005514  0.0019870
1.780500   0.050160  0.0007624  0.0027494
1.800500   0.063430  0.0010690  0.0038184
1.820500   0.081130  0.0015205  0.0053389
1.840500   0.102510  0.0021405  0.0074793
1.860500   0.124770  0.0029092  0.0103885
1.880500   0.145950  0.0038086  0.0141971
1.900500   0.164090  0.0048108  0.0190079
1.920500   0.180230  0.0059584  0.0249664
1.940500   0.196520  0.0073411  0.0323074
1.960500   0.212520  0.0089865  0.0412939
1.980500   0.228700  0.0109493  0.0522431
2.000500   0.245710  0.0132837  0.0655268
2.020500   0.262490  0.0159699  0.0814967
2.040500   0.279060  0.0189891  0.1004858
2.060500   0.295750  0.0222760  0.1227618
2.080500   0.311620  0.0256854  0.1484472
2.100500   0.326740  0.0290385  0.1774857
2.120500   0.341440  0.0320945  0.2095802
2.140500   0.354970  0.0346443  0.2442246
2.160500   0.367510  0.0364953  0.2807199
2.180500   0.379490  0.0374963  0.3182162
2.200500   0.390300  0.0376878  0.3559040
2.220500   0.400290  0.0371170  0.3930210
2.240500   0.409980  0.0358845  0.4289056
2.260500   0.418820  0.0342181  0.4631236
2.280500   0.427330  0.0322509  0.4953746
2.300500   0.436110  0.0301075  0.5254821
2.320500   0.444570  0.0279514  0.5534335
2.340500   0.453360  0.0258410  0.5792745
2.360500   0.462990  0.0238281  0.6031026
2.380500   0.472660  0.0219719  0.6250745
2.400500   0.483040  0.0202715  0.6453460
2.420500   0.494360  0.0187301  0.6640761
2.440500   0.505620  0.0173511  0.6814271
2.460500   0.517320  0.0161163  0.6975434
2.480500   0.529370  0.0150123  0.7125557
2.500500   0.540740  0.0140259  0.7265815
2.520500   0.551870  0.0131406  0.7397221
2.540500   0.562450  0.0123431  0.7520653
2.560500   0.571620  0.0116199  0.7636852
2.580500   0.579830  0.0109609  0.7746461
2.600500   0.586880  0.0103570  0.7850031
2.620500   0.592070  0.0097977  0.7948008
2.640500   0.595860  0.0092782  0.8040790
2.660500   0.598150  0.0087925  0.8128715
2.680500   0.598700  0.0083350  0.8212065
2.700500   0.597870  0.0079033  0.8291098
2.720500   0.595620  0.0074939  0.8366037
2.740500   0.591880  0.0071035  0.8437073
2.760500   0.587080  0.0067323  0.8504396
2.780500   0.581240  0.0063782  0.8568179
2.800500   0.574320  0.0060396  0.8628574
2.820500   0.566630  0.0057165  0.8685740
2.840500   0.558280  0.0054083  0.8739823
2.860500   0.549360  0.0051145  0.8790967
2.880500   0.540110  0.0048354  0.8839322
2.900500   0.530470  0.0045700  0.8885022
2.920500   0.520600  0.0043181  0.8928202
2.940500   0.510710  0.0040803  0.8969005
2.960500   0.500680  0.0038549  0.9007554
2.980500   0.490700  0.0036424  0.9043978
3.000500   0.480790  0.0034422  0.9078400
3.020500   0.471010  0.0032539  0.9110939
3.040500   0.461430  0.0030768  0.9141707
3.060500   0.452080  0.0029110  0.9170817
3.080500   0.442980  0.0027555  0.9198372
3.100500   0.434100  0.0026097  0.9224468
3.120500   0.425510  0.0024733  0.9249201
3.140500   0.417250  0.0023459  0.9272660
3.160500   0.409280  0.0022266  0.9294926
3.180500   0.401620  0.0021150  0.9316076
3.200500   0.394260  0.0020110  0.9336186
3.220500   0.387230  0.0019136  0.9355322
3.240500   0.380510  0.0018227  0.9373548
3.260500   0.374080  0.0017376  0.9390924
3.280500   0.367980  0.0016581  0.9407505
3.300500   0.362150  0.0015839  0.9423344
3.320500   0.356630  0.0015142  0.9438486
3.340500   0.351370  0.0014492  0.9452977
3.360500   0.346380  0.0013883  0.9466860
3.380500   0.341660  0.0013313  0.9480173
3.400500   0.337180  0.0012777  0.9492951
3.420500   0.332930  0.0012275  0.9505225
3.440500   0.328930  0.0011803  0.9517029
3.460500   0.325140  0.0011361  0.9528390
3.480500   0.321550  0.0010944  0.9539334
3.500500   0.318190  0.0010552  0.9549887
3.520500   0.315020  0.0010183  0.9560070
3.540500   0.312010  0.0009835  0.9569904
3.560500   0.309180  0.0009507  0.9579412
3.580500   0.306530  0.0009197  0.9588609
3.600500   0.304020  0.0008905  0.9597513
3.620500   0.301680  0.0008627  0.9606141
3.640500   0.299470  0.0008365  0.9614505
3.660500   0.297390  0.0008116  0.9622622
3.680500   0.295460  0.0007881  0.9630502
3.700500   0.293630  0.0007658  0.9638160
3.720500   0.291930  0.0007445  0.9645605
3.740500   0.290330  0.0007245  0.9652850
3.760500   0.288840  0.0007053  0.9659903
3.780500   0.287440  0.0006869  0.9666772
3.800500   0.286140  0.0006694  0.9673466
3.820500   0.284930  0.0006527  0.9679993
3.840500   0.283800  0.0006369  0.9686362
3.860500   0.282750  0.0006219  0.9692581
3.880500   0.281770  0.0006073  0.9698654
3.900500   0.280860  0.0005933  0.9704587
3.920500   0.280020  0.0005802  0.9710388
3.940500   0.279240  0.0005672  0.9716061
3.960500   0.278520  0.0005551  0.9721612
3.980500   0.277860  0.0005435  0.9727047
4.000500   0.277250  0.0005320  0.9732366
4.020500   0.276690  0.0005211  0.9737578
4.040500   0.276180  0.0005107  0.9742685
4.060500   0.275700  0.0005007  0.9747692
4.080500   0.275280  0.0004911  0.9752603
4.100500   0.274900  0.0004817  0.9757421
4.120500   0.274550  0.0004728  0.9762148
4.140500   0.274230  0.0004642  0.9766790
4.160500   0.273950  0.0004557  0.9771347
4.180500   0.273710  0.0004477  0.9775824
4.200500   0.273490  0.0004398  0.9780223
4.220500   0.273300  0.0004323  0.9784546
4.240500   0.273130  0.0004250  0.9788796
4.260500   0.272990  0.0004177  0.9792973
4.280500   0.272870  0.0004110  0.9797083
4.300500   0.272780  0.0004044  0.9801127
4.320500   0.272700  0.0003979  0.9805106
4.340500   0.272650  0.0003914  0.9809020
4.360500   0.272620  0.0003854  0.9812874
4.380500   0.272600  0.0003795  0.9816669
4.400500   0.272600  0.0003737  0.9820406
4.420500   0.272610  0.0003681  0.9824087
4.440500   0.272650  0.0003627  0.9827714
4.460500   0.272690  0.0003574  0.9831288
4.480500   0.272750  0.0003522  0.9834810
4.500500   0.272820  0.0003472  0.9838283
4.520500   0.272900  0.0003424  0.9841707
4.540500   0.272990  0.0003376  0.9845083
4.560500   0.273090  0.0003330  0.9848413
4.580500   0.273200  0.0003285  0.9851698
4.600500   0.273320  0.0003241  0.9854939
4.620500   0.273450  0.0003197  0.9858136
4.640500   0.273590  0.0003155  0.9861291
4.660500   0.273730  0.0003116  0.9864406
4.680500   0.273880  0.0003074  0.9867480
4.700500   0.274030  0.0003036  0.9870517
4.720500   0.274190  0.0002997  0.9873513
4.740500   0.274360  0.0002959  0.9876473
4.760500   0.274520  0.0002924  0.9879396
4.780500   0.274700  0.0002888  0.9882285
4.800500   0.274880  0.0002853  0.9885138
4.820500   0.275060  0.0002817  0.9887955
4.840500   0.275240  0.0002784  0.9890739
4.860500   0.275430  0.0002753  0.9893492
4.880500   0.275620  0.0002719  0.9896211
4.900500   0.275820  0.0002688  0.9898899
4.920500   0.276010  0.0002657  0.9901556
4.940500   0.276210  0.0002628  0.9904184
4.960500   0.276410  0.0002596  0.9906780
4.980500   0.276610  0.0002567  0.9909347
5.000500   0.276810  0.0002540  0.9911887
5.020500   0.277020  0.0002511  0.9914398
5.040500   0.277220  0.0002484  0.9916882
5.060500   0.277430  0.0002457  0.9919338
5.080500   0.277630  0.0002430  0.9921768
5.100500   0.277840  0.0002404  0.9924172
5.120500   0.278050  0.0002379  0.9926552
5.140500   0.278260  0.0002354  0.9928906
5.160500   0.278470  0.0002329  0.9931236
5.180500   0.278680  0.0002304  0.9933540
5.200500   0.278890  0.0002281  0.9935821
5.220500   0.279100  0.0002259  0.9938080
5.240500   0.279300  0.0002236  0.9940315
5.260500   0.279510  0.0002213  0.9942528
5.280500   0.279720  0.0002190  0.9944718
5.300500   0.279930  0.0002169  0.9946887
5.320500   0.280140  0.0002146  0.9949033
5.340500   0.280350  0.0002125  0.9951158
5.360500   0.280550  0.0002104  0.9953262
5.380500   0.280760  0.0002085  0.9955347
5.400500   0.280970  0.0002065  0.9957412
5.420500   0.281170  0.0002044  0.9959455
5.440500   0.281370  0.0002025  0.9961480
5.460500   0.281580  0.0002006  0.9963487
5.480500   0.281780  0.0001987  0.9965474
5.500500   0.281980  0.0001969  0.9967443
5.520500   0.282180  0.0001950  0.9969392
5.540500   0.282380  0.0001933  0.9971326
5.560500   0.282580  0.0001914  0.9973240
5.580500   0.282780  0.0001898  0.9975138
5.600500   0.282980  0.0001881  0.9977019
5.620500   0.283170  0.0001862  0.9978881
5.640500   0.283370  0.0001846  0.9980727
5.660500   0.283560  0.0001829  0.9982556
5.680500   0.283750  0.0001814  0.9984370
5.700500   0.283950  0.0001798  0.9986167
5.720500   0.284140  0.0001783  0.9987950
5.740500   0.284330  0.0001766  0.9989717
5.760500   0.284510  0.0001752  0.9991469
5.780500   0.284700  0.0001735  0.9993204
5.800500   0.284890  0.0001720  0.9994924
5.820500   0.285070  0.0001706  0.9996630
5.840500   0.285250  0.0001691  0.9998321
5.860500   0.285440  0.0001679  1.0000000
