1.250910   0.000010  0.0000000  0.0000000
1.270910   0.000020  0.0000000  0.0000000
1.290910   0.000030  0.0000000  0.0000000
1.310910   0.000050  0.0000002  0.0000002
1.330910   0.000070  0.0000002  0.0000004
1.350910   0.000110  0.0000002  0.0000006
1.370910   0.000160  0.0000004  0.0000010
1.390910   0.000220  0.0000006  0.0000016
1.410910   0.000300  0.0000010  0.0000026
1.430910   0.000410  0.0000014  0.0000041
1.450910   0.000540  0.0000020  0.0000061
1.470910   0.000710  0.0000028  0.0000089
1.490910   0.000920  0.0000041  0.0000130
1.510910   0.001170  0.0000055  0.0000185
1.530910   0.001490  0.0000075  0.0000260
1.550910   0.001880  0.0000101  0.0000361
1.570910   0.002360  0.0000136  0.0000497
1.590910   0.002960  0.0000185  0.0000682
1.610910   0.003700  0.0000248  0.0000929
1.630910   0.004620  0.0000335  0.0001264
1.650910   0.005760  0.0000452  0.0001717
1.670910   0.007170  0.0000611  0.0002327
1.690910   0.008910  0.0000826  0.0003153
1.710910   0.011070  0.0001116  0.0004269
1.730910   0.013730  0.0001514  0.0005783
1.750910   0.017050  0.0002059  0.0007842
1.770910   0.021220  0.0002818  0.0010660
1.790910   0.026610  0.0003896  0.0014556
1.810910   0.033760  0.0005468  0.0020024
1.830910   0.043360  0.0007793  0.0027817
1.850910   0.055980  0.0011208  0.0039025
1.870910   0.070750  0.0015836  0.0054861
1.890910   0.086200  0.0021649  0.0076511
1.910910   0.101900  0.0028830  0.0105340
1.930910   0.117430  0.0037579  0.0142919
1.950910   0.133650  0.0048553  0.0191472
1.970910   0.151510  0.0062634  0.0254106
1.990910   0.170630  0.0080368  0.0334474
2.010910   0.191210  0.0102500  0.0436974
2.030910   0.213420  0.0129609  0.0566582
2.050910   0.236520  0.0161458  0.0728040
2.070910   0.260450  0.0197324  0.0925364
2.090910   0.285190  0.0235403  0.1160767
2.110910   0.309970  0.0272720  0.1433487
2.130910   0.334730  0.0305908  0.1739396
2.150910   0.359460  0.0331735  0.2071131
2.170910   0.383420  0.0348458  0.2419588
2.190910   0.406680  0.0355650  0.2775239
2.210910   0.429300  0.0354177  0.3129416
2.230910   0.450640  0.0346293  0.3475709
2.250910   0.470960  0.0333746  0.3809455
2.270910   0.490440  0.0318200  0.4127654
2.290910   0.508510  0.0301438  0.4429093
2.310910   0.525710  0.0284135  0.4713228
2.330910   0.542380  0.0266865  0.4980093
2.350910   0.557950  0.0250351  0.5230444
2.370910   0.573300  0.0234543  0.5464987
2.390910   0.588780  0.0219579  0.5684566
2.410910   0.603740  0.0205730  0.5890296
2.430910   0.619350  0.0192795  0.6083091
2.450910   0.635780  0.0180808  0.6263899
2.470910   0.652160  0.0169870  0.6433768
2.490910   0.669840  0.0159788  0.6593556
2.510910   0.688610  0.0150556  0.6744112
2.530910   0.707410  0.0142190  0.6886302
2.550910   0.727500  0.0134533  0.7020835
2.570910   0.748320  0.0127559  0.7148395
2.590910   0.768830  0.0121233  0.7269628
2.610910   0.790040  0.0115447  0.7385074
2.630910   0.811140  0.0110165  0.7495240
2.650910   0.830960  0.0105346  0.7600586
2.670910   0.850780  0.0100911  0.7701497
2.690910   0.869400  0.0096831  0.7798327
2.710910   0.886070  0.0093065  0.7891392
2.730910   0.901540  0.0089567  0.7980959
2.750910   0.915090  0.0086306  0.8067266
2.770910   0.926090  0.0083249  0.8150514
2.790910   0.935490  0.0080368  0.8230882
2.810910   0.942190  0.0077635  0.8308517
2.830910   0.946130  0.0075025  0.8383542
2.850910   0.948200  0.0072524  0.8456066
2.870910   0.947700  0.0070107  0.8526173
2.890910   0.944720  0.0067760  0.8593932
2.910910   0.939650  0.0065469  0.8659401
2.930910   0.932490  0.0063225  0.8722626
2.950910   0.923180  0.0061013  0.8783639
2.970910   0.912260  0.0058834  0.8842473
2.990910   0.899540  0.0056677  0.8899151
3.010910   0.885310  0.0054541  0.8953691
3.030910   0.869780  0.0052425  0.9006116
3.050910   0.853110  0.0050331  0.9056447
3.070910   0.835610  0.0048263  0.9104710
3.090910   0.817170  0.0046218  0.9150928
3.110910   0.798020  0.0044201  0.9195129
3.130910   0.778430  0.0042221  0.9237350
3.150910   0.758510  0.0040279  0.9277629
3.170910   0.738260  0.0038378  0.9316007
3.190910   0.717940  0.0036528  0.9352535
3.210910   0.697440  0.0034722  0.9387256
3.230910   0.677120  0.0032977  0.9420233
3.250910   0.656920  0.0031291  0.9451524
3.270910   0.636790  0.0029660  0.9481184
3.290910   0.617090  0.0028095  0.9509279
3.310910   0.597640  0.0026594  0.9535873
3.330910   0.578630  0.0025161  0.9561034
3.350910   0.559910  0.0023790  0.9584824
3.370910   0.541650  0.0022483  0.9607307
3.390910   0.523880  0.0021241  0.9628548
3.410910   0.506490  0.0020060  0.9648608
3.430910   0.489720  0.0018945  0.9667553
3.450910   0.473340  0.0017885  0.9685438
3.470910   0.457390  0.0016881  0.9702319
3.490910   0.442160  0.0015940  0.9718259
3.510910   0.427300  0.0015049  0.9733308
3.530910   0.412960  0.0014209  0.9747517
3.550910   0.399120  0.0013418  0.9760934
3.570910   0.385770  0.0012673  0.9773607
3.590910   0.372870  0.0011971  0.9785578
3.610910   0.360540  0.0011314  0.9796892
3.630910   0.348580  0.0010693  0.9807584
3.650910   0.337080  0.0010110  0.9817695
3.670910   0.326080  0.0009565  0.9827259
3.690910   0.315470  0.0009051  0.9836311
3.710910   0.305280  0.0008568  0.9844879
3.730910   0.295500  0.0008116  0.9852995
3.750910   0.286110  0.0007690  0.9860685
3.770910   0.277060  0.0007290  0.9867975
3.790910   0.268420  0.0006915  0.9874889
3.810910   0.260110  0.0006562  0.9881451
3.830910   0.252200  0.0006233  0.9887684
3.850910   0.244540  0.0005921  0.9893605
3.870910   0.237220  0.0005628  0.9899233
3.890910   0.230210  0.0005352  0.9904586
3.910910   0.223490  0.0005095  0.9909680
3.930910   0.217030  0.0004851  0.9914532
3.950910   0.210860  0.0004622  0.9919154
3.970910   0.204930  0.0004407  0.9923560
3.990910   0.199270  0.0004204  0.9927765
4.010910   0.193830  0.0004013  0.9931778
4.030910   0.188630  0.0003833  0.9935611
4.050910   0.183620  0.0003662  0.9939273
4.070910   0.178860  0.0003502  0.9942775
4.090910   0.174270  0.0003352  0.9946127
4.110910   0.169890  0.0003210  0.9949337
4.130910   0.165670  0.0003076  0.9952412
4.150910   0.161640  0.0002948  0.9955361
4.170910   0.157800  0.0002828  0.9958189
4.190910   0.154100  0.0002715  0.9960904
4.210910   0.150550  0.0002607  0.9963511
4.230910   0.147160  0.0002506  0.9966017
4.250910   0.143900  0.0002410  0.9968427
4.270910   0.140770  0.0002319  0.9970746
4.290910   0.137790  0.0002234  0.9972980
4.310910   0.134910  0.0002151  0.9975131
4.330910   0.132170  0.0002074  0.9977204
4.350910   0.129540  0.0002001  0.9979205
4.370910   0.127020  0.0001932  0.9981137
4.390910   0.124610  0.0001865  0.9983001
4.410910   0.122300  0.0001804  0.9984805
4.430910   0.120090  0.0001743  0.9986548
4.450910   0.117980  0.0001686  0.9988234
4.470910   0.115950  0.0001633  0.9989867
4.490910   0.114020  0.0001583  0.9991450
4.510910   0.112160  0.0001534  0.9992984
4.530910   0.110380  0.0001487  0.9994471
4.550910   0.108670  0.0001443  0.9995914
4.570910   0.107040  0.0001402  0.9997316
4.590910   0.105470  0.0001361  0.9998677
4.610910   0.103960  0.0001323  1.0000000
