0.838680   0.000010  0.0000000  0.0000000
0.858680   0.000030  0.0000002  0.0000002
0.878680   0.000060  0.0000008  0.0000010
0.898680   0.000120  0.0000017  0.0000027
0.918680   0.000240  0.0000037  0.0000064
0.938680   0.000420  0.0000075  0.0000139
0.958680   0.000700  0.0000147  0.0000285
0.978680   0.001090  0.0000268  0.0000553
0.998680   0.001610  0.0000463  0.0001016
1.018680   0.002280  0.0000777  0.0001793
1.038680   0.003070  0.0001251  0.0003045
1.058680   0.003940  0.0001946  0.0004990
1.078680   0.004940  0.0003004  0.0007995
1.098680   0.006000  0.0004580  0.0012574
1.118680   0.007150  0.0007005  0.0019580
1.138680   0.008480  0.0011003  0.0030582
1.158680   0.009940  0.0017730  0.0048312
1.178680   0.011550  0.0029834  0.0078146
1.198680   0.013380  0.0053937  0.0132084
1.218680   0.015340  0.0108158  0.0240241
1.238680   0.017470  0.0261423  0.0501664
1.258680   0.019830  0.0921087  0.1422751
1.278680   0.022320  0.4973911  0.6396662
1.298680   0.024980  0.1731631  0.8128293
1.318680   0.027820  0.0554686  0.8682979
1.338680   0.030750  0.0278145  0.8961124
1.358680   0.033770  0.0173597  0.9134721
1.378680   0.036890  0.0122450  0.9257171
1.398680   0.039970  0.0093027  0.9350197
1.418680   0.043040  0.0074352  0.9424549
1.438680   0.046070  0.0061573  0.9486122
1.458680   0.048950  0.0052252  0.9538374
1.478680   0.051730  0.0045218  0.9583591
1.498680   0.054360  0.0039703  0.9623294
1.518680   0.056750  0.0035216  0.9658510
1.538680   0.058960  0.0031523  0.9690033
1.558680   0.060930  0.0028395  0.9718428
1.578680   0.062570  0.0025681  0.9744109
1.598680   0.063940  0.0023316  0.9767425
1.618680   0.064950  0.0021211  0.9788636
1.638680   0.065580  0.0019308  0.9807944
1.658680   0.065870  0.0017590  0.9825533
1.678680   0.065790  0.0016020  0.9841553
1.698680   0.065340  0.0014581  0.9856135
1.718680   0.064580  0.0013264  0.9869399
1.738680   0.063520  0.0012057  0.9881457
1.758680   0.062200  0.0010951  0.9892407
1.778680   0.060670  0.0009938  0.9902345
1.798680   0.058960  0.0009015  0.9911360
1.818680   0.057110  0.0008172  0.9919532
1.838680   0.055150  0.0007406  0.9926938
1.858680   0.053120  0.0006708  0.9933647
1.878680   0.051040  0.0006076  0.9939723
1.898680   0.048940  0.0005503  0.9945226
1.918680   0.046830  0.0004985  0.9950211
1.938680   0.044740  0.0004514  0.9954725
1.958680   0.042670  0.0004088  0.9958812
1.978680   0.040640  0.0003704  0.9962517
1.998680   0.038670  0.0003357  0.9965874
2.018680   0.036740  0.0003043  0.9968917
2.038680   0.034880  0.0002759  0.9971676
2.058680   0.033090  0.0002503  0.9974179
2.078680   0.031360  0.0002271  0.9976450
2.098680   0.029700  0.0002063  0.9978513
2.118680   0.028120  0.0001874  0.9980388
2.138680   0.026600  0.0001703  0.9982090
2.158680   0.025150  0.0001548  0.9983639
2.178680   0.023780  0.0001410  0.9985048
2.198680   0.022470  0.0001282  0.9986331
2.218680   0.021220  0.0001169  0.9987499
2.238680   0.020040  0.0001064  0.9988564
2.258680   0.018920  0.0000972  0.9989535
2.278680   0.017860  0.0000885  0.9990420
2.298680   0.016860  0.0000808  0.9991228
2.318680   0.015910  0.0000739  0.9991967
2.338680   0.015020  0.0000675  0.9992642
2.358680   0.014170  0.0000617  0.9993259
2.378680   0.013380  0.0000565  0.9993824
2.398680   0.012620  0.0000517  0.9994341
2.418680   0.011910  0.0000474  0.9994815
2.438680   0.011240  0.0000434  0.9995249
2.458680   0.010610  0.0000399  0.9995648
2.478680   0.010020  0.0000366  0.9996014
2.498680   0.009460  0.0000336  0.9996350
2.518680   0.008930  0.0000309  0.9996658
2.538680   0.008430  0.0000283  0.9996942
2.558680   0.007960  0.0000260  0.9997202
2.578680   0.007520  0.0000239  0.9997441
2.598680   0.007110  0.0000222  0.9997663
2.618680   0.006710  0.0000204  0.9997867
2.638680   0.006340  0.0000187  0.9998054
2.658680   0.006000  0.0000174  0.9998228
2.678680   0.005670  0.0000160  0.9998388
2.698680   0.005360  0.0000148  0.9998536
2.718680   0.005070  0.0000137  0.9998673
2.738680   0.004800  0.0000125  0.9998799
2.758680   0.004540  0.0000118  0.9998916
2.778680   0.004300  0.0000108  0.9999024
2.798680   0.004070  0.0000100  0.9999125
2.818680   0.003850  0.0000093  0.9999217
2.838680   0.003650  0.0000087  0.9999304
2.858680   0.003460  0.0000079  0.9999383
2.878680   0.003280  0.0000073  0.9999456
2.898680   0.003110  0.0000069  0.9999526
2.918680   0.002950  0.0000064  0.9999589
2.938680   0.002790  0.0000060  0.9999649
2.958680   0.002650  0.0000056  0.9999705
2.978680   0.002510  0.0000052  0.9999757
2.998680   0.002390  0.0000048  0.9999805
3.018680   0.002270  0.0000044  0.9999850
3.038680   0.002150  0.0000042  0.9999892
3.058680   0.002040  0.0000039  0.9999931
3.078680   0.001940  0.0000037  0.9999967
3.098680   0.001850  0.0000033  1.0000000
