0.869960   0.000010  0.0000000  0.0000000
0.889960   0.000020  0.0000000  0.0000000
0.909960   0.000050  0.0000002  0.0000002
0.929960   0.000090  0.0000002  0.0000004
0.949960   0.000160  0.0000004  0.0000008
0.969960   0.000290  0.0000008  0.0000016
0.989960   0.000510  0.0000014  0.0000030
1.009960   0.000930  0.0000030  0.0000060
1.029960   0.001800  0.0000060  0.0000120
1.049960   0.003480  0.0000126  0.0000246
1.069960   0.006000  0.0000236  0.0000482
1.089960   0.009170  0.0000390  0.0000872
1.109960   0.012810  0.0000590  0.0001462
1.129960   0.016750  0.0000834  0.0002296
1.149960   0.020900  0.0001128  0.0003425
1.169960   0.025170  0.0001474  0.0004899
1.189960   0.029520  0.0001880  0.0006779
1.209960   0.033900  0.0002348  0.0009128
1.229960   0.038280  0.0002892  0.0012020
1.249960   0.042680  0.0003521  0.0015541
1.269960   0.047330  0.0004273  0.0019813
1.289960   0.055190  0.0005461  0.0025274
1.309960   0.066920  0.0007273  0.0032547
1.329960   0.079000  0.0009452  0.0041999
1.349960   0.090530  0.0011954  0.0053953
1.369960   0.101330  0.0014806  0.0068760
1.389960   0.111350  0.0018061  0.0086821
1.409960   0.120620  0.0021792  0.0108612
1.429960   0.129200  0.0026092  0.0134705
1.449960   0.137160  0.0031087  0.0165792
1.469960   0.144610  0.0036944  0.0202736
1.489960   0.151720  0.0043895  0.0246632
1.509960   0.158750  0.0052273  0.0298904
1.529960   0.166110  0.0062563  0.0361467
1.549960   0.174280  0.0075431  0.0436898
1.569960   0.183370  0.0091597  0.0528495
1.589960   0.192780  0.0111629  0.0640124
1.609960   0.201730  0.0136077  0.0776201
1.629960   0.209860  0.0165750  0.0941951
1.649960   0.217130  0.0201738  0.1143689
1.669960   0.223700  0.0245247  0.1388936
1.689960   0.229840  0.0297244  0.1686181
1.709960   0.235820  0.0357686  0.2043867
1.729960   0.241830  0.0424326  0.2468193
1.749960   0.247880  0.0491543  0.2959736
1.769960   0.253700  0.0550629  0.3510365
1.789960   0.258810  0.0592370  0.4102735
1.809960   0.262710  0.0610513  0.4713248
1.829960   0.265130  0.0603728  0.5316976
1.849960   0.265940  0.0575309  0.5892285
1.869960   0.265170  0.0531352  0.6423636
1.889960   0.262950  0.0478621  0.6902257
1.909960   0.259420  0.0422973  0.7325230
1.929960   0.254760  0.0368660  0.7693891
1.949960   0.249140  0.0318280  0.8012170
1.969960   0.242730  0.0273112  0.8285283
1.989960   0.235660  0.0233533  0.8518816
2.009960   0.228100  0.0199378  0.8718194
2.029960   0.220160  0.0170189  0.8888382
2.049960   0.211940  0.0145381  0.9033763
2.069960   0.203560  0.0124377  0.9158140
2.089960   0.195090  0.0106610  0.9264750
2.109960   0.186620  0.0091583  0.9356333
2.129960   0.178190  0.0078861  0.9435195
2.149960   0.169880  0.0068075  0.9503270
2.169960   0.161720  0.0058910  0.9562180
2.189960   0.153750  0.0051107  0.9613287
2.209960   0.145990  0.0044444  0.9657730
2.229960   0.138470  0.0038745  0.9696475
2.249960   0.131220  0.0033854  0.9730328
2.269960   0.124230  0.0029645  0.9759973
2.289960   0.117520  0.0026018  0.9785992
2.309960   0.111100  0.0022882  0.9808874
2.329960   0.104960  0.0020163  0.9829037
2.349960   0.099110  0.0017803  0.9846840
2.369960   0.093530  0.0015749  0.9862589
2.389960   0.088240  0.0013956  0.9876545
2.409960   0.083210  0.0012390  0.9888935
2.429960   0.078440  0.0011018  0.9899953
2.449960   0.073930  0.0009812  0.9909765
2.469960   0.069660  0.0008753  0.9918518
2.489960   0.065630  0.0007819  0.9926338
2.509960   0.061820  0.0006997  0.9933335
2.529960   0.058230  0.0006269  0.9939604
2.549960   0.054840  0.0005625  0.9945229
2.569960   0.051650  0.0005053  0.9950282
2.589960   0.048650  0.0004545  0.9954826
2.609960   0.045820  0.0004095  0.9958921
2.629960   0.043160  0.0003693  0.9962614
2.649960   0.040660  0.0003335  0.9965948
2.669960   0.038300  0.0003013  0.9968961
2.689960   0.036090  0.0002726  0.9971687
2.709960   0.034010  0.0002470  0.9974158
2.729960   0.032050  0.0002240  0.9976398
2.749960   0.030220  0.0002034  0.9978432
2.769960   0.028490  0.0001848  0.9980281
2.789960   0.026870  0.0001682  0.9981963
2.809960   0.025340  0.0001532  0.9983495
2.829960   0.023920  0.0001396  0.9984891
2.849960   0.022580  0.0001274  0.9986166
2.869960   0.021320  0.0001164  0.9987330
2.889960   0.020140  0.0001066  0.9988396
2.909960   0.019030  0.0000976  0.9989372
2.929960   0.017990  0.0000894  0.9990266
2.949960   0.017010  0.0000820  0.9991086
2.969960   0.016090  0.0000752  0.9991839
2.989960   0.015230  0.0000692  0.9992531
3.009960   0.014420  0.0000636  0.9993167
3.029960   0.013650  0.0000586  0.9993753
3.049960   0.012930  0.0000540  0.9994293
3.069960   0.012260  0.0000498  0.9994791
3.089960   0.011620  0.0000460  0.9995251
3.109960   0.011020  0.0000424  0.9995675
3.129960   0.010450  0.0000392  0.9996067
3.149960   0.009920  0.0000362  0.9996429
3.169960   0.009420  0.0000336  0.9996765
3.189960   0.008940  0.0000310  0.9997076
3.209960   0.008490  0.0000288  0.9997364
3.229960   0.008070  0.0000268  0.9997632
3.249960   0.007670  0.0000248  0.9997880
3.269960   0.007300  0.0000230  0.9998110
3.289960   0.006940  0.0000214  0.9998324
3.309960   0.006600  0.0000200  0.9998524
3.329960   0.006290  0.0000186  0.9998710
3.349960   0.005990  0.0000172  0.9998882
3.369960   0.005700  0.0000162  0.9999044
3.389960   0.005430  0.0000150  0.9999194
3.409960   0.005180  0.0000140  0.9999334
3.429960   0.004940  0.0000130  0.9999464
3.449960   0.004710  0.0000122  0.9999586
3.469960   0.004490  0.0000114  0.9999700
3.489960   0.004290  0.0000106  0.9999806
3.509960   0.004090  0.0000100  0.9999906
3.529960   0.003910  0.0000094  1.0000000
