0.810390   0.000010  0.0000000  0.0000000
0.830390   0.000040  0.0000002  0.0000002
0.850390   0.000090  0.0000006  0.0000008
0.870390   0.000190  0.0000014  0.0000022
0.890390   0.000370  0.0000030  0.0000052
0.910390   0.000670  0.0000060  0.0000112
0.930390   0.001150  0.0000116  0.0000228
0.950390   0.001950  0.0000220  0.0000448
0.970390   0.003340  0.0000422  0.0000870
0.990390   0.005900  0.0000840  0.0001710
1.010390   0.011250  0.0001810  0.0003521
1.030390   0.022700  0.0004147  0.0007667
1.050390   0.039260  0.0008176  0.0015843
1.070390   0.055310  0.0013188  0.0029031
1.090390   0.069530  0.0019082  0.0048113
1.110390   0.082190  0.0026119  0.0074232
1.130390   0.093580  0.0034674  0.0108906
1.150390   0.103920  0.0045242  0.0154148
1.170390   0.113360  0.0058475  0.0212623
1.190390   0.121980  0.0075268  0.0287891
1.210390   0.129880  0.0096862  0.0384753
1.230390   0.137100  0.0124989  0.0509742
1.250390   0.143690  0.0162050  0.0671792
1.270390   0.149730  0.0211339  0.0883131
1.290390   0.155550  0.0277181  0.1160312
1.310390   0.160580  0.0363367  0.1523679
1.330390   0.164800  0.0472121  0.1995800
1.350390   0.168260  0.0598200  0.2594000
1.370390   0.171010  0.0720507  0.3314507
1.390390   0.173060  0.0800850  0.4115357
1.410390   0.174440  0.0805763  0.4921119
1.430390   0.175200  0.0737310  0.5658429
1.450390   0.175360  0.0629366  0.6287795
1.470390   0.174990  0.0516475  0.6804271
1.490390   0.174150  0.0417067  0.7221338
1.510390   0.172940  0.0336212  0.7557550
1.530390   0.171490  0.0272680  0.7830230
1.550390   0.169950  0.0223357  0.8053587
1.570390   0.168450  0.0185110  0.8238697
1.590390   0.167160  0.0155335  0.8394032
1.610390   0.166220  0.0132026  0.8526058
1.630390   0.165850  0.0113703  0.8639761
1.650390   0.166060  0.0099162  0.8738923
1.670390   0.166890  0.0087534  0.8826458
1.690390   0.168370  0.0078162  0.8904620
1.710390   0.170520  0.0070549  0.8975169
1.730390   0.173320  0.0064316  0.9039485
1.750390   0.176790  0.0059175  0.9098660
1.770390   0.181000  0.0054934  0.9153594
1.790390   0.185730  0.0051359  0.9204953
1.810390   0.190850  0.0048305  0.9253258
1.830390   0.196210  0.0045648  0.9298907
1.850390   0.201630  0.0043286  0.9342193
1.870390   0.206880  0.0041140  0.9383332
1.890390   0.211760  0.0039143  0.9422476
1.910390   0.216090  0.0037255  0.9459730
1.930390   0.219590  0.0035423  0.9495153
1.950390   0.222150  0.0033630  0.9528783
1.970390   0.223730  0.0031874  0.9560657
1.990390   0.224260  0.0030146  0.9590803
2.010390   0.223800  0.0028449  0.9619252
2.030390   0.222360  0.0026789  0.9646041
2.050390   0.220050  0.0025177  0.9671217
2.070390   0.216920  0.0023610  0.9694828
2.090390   0.213110  0.0022102  0.9716930
2.110390   0.208710  0.0020654  0.9737584
2.130390   0.203790  0.0019272  0.9756855
2.150390   0.198470  0.0017957  0.9774812
2.170390   0.192770  0.0016707  0.9791520
2.190390   0.186800  0.0015525  0.9807044
2.210390   0.180640  0.0014409  0.9821453
2.230390   0.174350  0.0013362  0.9834816
2.250390   0.168020  0.0012382  0.9847198
2.270390   0.161660  0.0011468  0.9858666
2.290390   0.155290  0.0010610  0.9869276
2.310390   0.148990  0.0009814  0.9879090
2.330390   0.142750  0.0009072  0.9888161
2.350390   0.136640  0.0008382  0.9896543
2.370390   0.130660  0.0007743  0.9904286
2.390390   0.124840  0.0007153  0.9911440
2.410390   0.119180  0.0006605  0.9918045
2.430390   0.113700  0.0006099  0.9924144
2.450390   0.108400  0.0005633  0.9929777
2.470390   0.103290  0.0005201  0.9934978
2.490390   0.098370  0.0004803  0.9939781
2.510390   0.093650  0.0004435  0.9944216
2.530390   0.089120  0.0004097  0.9948312
2.550390   0.084780  0.0003785  0.9952097
2.570390   0.080630  0.0003499  0.9955596
2.590390   0.076670  0.0003233  0.9958828
2.610390   0.072880  0.0002989  0.9961817
2.630390   0.069270  0.0002765  0.9964581
2.650390   0.065830  0.0002558  0.9967140
2.670390   0.062550  0.0002366  0.9969506
2.690390   0.059440  0.0002190  0.9971697
2.710390   0.056470  0.0002028  0.9973725
2.730390   0.053660  0.0001880  0.9975606
2.750390   0.050980  0.0001742  0.9977348
2.770390   0.048430  0.0001614  0.9978962
2.790390   0.046020  0.0001498  0.9980460
2.810390   0.043720  0.0001390  0.9981851
2.830390   0.041550  0.0001290  0.9983141
2.850390   0.039480  0.0001198  0.9984339
2.870390   0.037530  0.0001112  0.9985451
2.890390   0.035670  0.0001034  0.9986486
2.910390   0.033910  0.0000962  0.9987448
2.930390   0.032240  0.0000894  0.9988342
2.950390   0.030650  0.0000832  0.9989174
2.970390   0.029150  0.0000774  0.9989948
2.990390   0.027720  0.0000722  0.9990670
3.010390   0.026380  0.0000672  0.9991342
3.030390   0.025090  0.0000626  0.9991969
3.050390   0.023880  0.0000584  0.9992553
3.070390   0.022730  0.0000546  0.9993099
3.090390   0.021630  0.0000508  0.9993607
3.110390   0.020600  0.0000474  0.9994081
3.130390   0.019610  0.0000444  0.9994525
3.150390   0.018680  0.0000414  0.9994939
3.170390   0.017800  0.0000388  0.9995327
3.190390   0.016960  0.0000362  0.9995689
3.210390   0.016160  0.0000340  0.9996029
3.230390   0.015410  0.0000318  0.9996347
3.250390   0.014690  0.0000298  0.9996645
3.270390   0.014010  0.0000278  0.9996923
3.290390   0.013360  0.0000260  0.9997183
3.310390   0.012750  0.0000244  0.9997428
3.330390   0.012160  0.0000230  0.9997658
3.350390   0.011600  0.0000216  0.9997874
3.370390   0.011080  0.0000202  0.9998076
3.390390   0.010580  0.0000190  0.9998266
3.410390   0.010100  0.0000178  0.9998444
3.430390   0.009650  0.0000168  0.9998612
3.450390   0.009220  0.0000158  0.9998770
3.470390   0.008810  0.0000148  0.9998918
3.490390   0.008420  0.0000140  0.9999058
3.510390   0.008050  0.0000130  0.9999188
3.530390   0.007700  0.0000124  0.9999312
3.550390   0.007360  0.0000116  0.9999428
3.570390   0.007040  0.0000110  0.9999538
3.590390   0.006740  0.0000104  0.9999642
3.610390   0.006450  0.0000098  0.9999740
3.630390   0.006170  0.0000092  0.9999832
3.650390   0.005910  0.0000086  0.9999918
3.670390   0.005660  0.0000082  1.0000000
