1.658560   0.000010  0.0000002  0.0000002
1.678560   0.000030  0.0000006  0.0000008
1.698560   0.000070  0.0000019  0.0000027
1.718560   0.000160  0.0000046  0.0000074
1.738560   0.000320  0.0000108  0.0000182
1.758560   0.000610  0.0000239  0.0000420
1.778560   0.001050  0.0000486  0.0000906
1.798560   0.001670  0.0000927  0.0001833
1.818560   0.002480  0.0001679  0.0003512
1.838560   0.003500  0.0002937  0.0006449
1.858560   0.004720  0.0005024  0.0011473
1.878560   0.006120  0.0008510  0.0019984
1.898560   0.007690  0.0014495  0.0034479
1.918560   0.009400  0.0025261  0.0059740
1.938560   0.011240  0.0046169  0.0105909
1.958560   0.013170  0.0092054  0.0197963
1.978560   0.015180  0.0215813  0.0413776
1.998560   0.017230  0.0709336  0.1123112
2.018560   0.019320  0.4612214  0.5735327
2.038560   0.021430  0.2320724  0.8056050
2.058560   0.023530  0.0608189  0.8664240
2.078560   0.025630  0.0278936  0.8943176
2.098560   0.027700  0.0164768  0.9107944
2.118560   0.029740  0.0111488  0.9219432
2.138560   0.031740  0.0081985  0.9301417
2.158560   0.033710  0.0063735  0.9365152
2.178560   0.035620  0.0051542  0.9416694
2.198560   0.037500  0.0042919  0.9459613
2.218560   0.039320  0.0036550  0.9496163
2.238560   0.041090  0.0031683  0.9527846
2.258560   0.042820  0.0027856  0.9555702
2.278560   0.044490  0.0024782  0.9580484
2.298560   0.046120  0.0022262  0.9602746
2.318560   0.047690  0.0020167  0.9622913
2.338560   0.049220  0.0018396  0.9641309
2.358560   0.050700  0.0016886  0.9658195
2.378560   0.052140  0.0015581  0.9673775
2.398560   0.053530  0.0014444  0.9688220
2.418560   0.054880  0.0013448  0.9701667
2.438560   0.056190  0.0012565  0.9714232
2.458560   0.057450  0.0011779  0.9726012
2.478560   0.058680  0.0011076  0.9737088
2.498560   0.059880  0.0010445  0.9747533
2.518560   0.061030  0.0009872  0.9757405
2.538560   0.062150  0.0009353  0.9766758
2.558560   0.063240  0.0008880  0.9775638
2.578560   0.064300  0.0008447  0.9784085
2.598560   0.065330  0.0008050  0.9792135
2.618560   0.066320  0.0007683  0.9799818
2.638560   0.067290  0.0007345  0.9807162
2.658560   0.068230  0.0007030  0.9814193
2.678560   0.069140  0.0006741  0.9820933
2.698560   0.070030  0.0006468  0.9827402
2.718560   0.070900  0.0006217  0.9833619
2.738560   0.071740  0.0005981  0.9839599
2.758560   0.072550  0.0005759  0.9845358
2.778560   0.073350  0.0005552  0.9850910
2.798560   0.074120  0.0005355  0.9856265
2.818560   0.074880  0.0005172  0.9861437
2.838560   0.075610  0.0004999  0.9866435
2.858560   0.076330  0.0004836  0.9871271
2.878560   0.077020  0.0004682  0.9875953
2.898560   0.077700  0.0004534  0.9880487
2.918560   0.078370  0.0004397  0.9884884
2.938560   0.079010  0.0004264  0.9889147
2.958560   0.079640  0.0004139  0.9893286
2.978560   0.080260  0.0004021  0.9897307
2.998560   0.080860  0.0003907  0.9901214
3.018560   0.081440  0.0003799  0.9905013
3.038560   0.082020  0.0003696  0.9908709
3.058560   0.082570  0.0003596  0.9912305
3.078560   0.083120  0.0003503  0.9915808
3.098560   0.083650  0.0003413  0.9919221
3.118560   0.084170  0.0003326  0.9922547
3.138560   0.084680  0.0003244  0.9925791
3.158560   0.085180  0.0003166  0.9928956
3.178560   0.085670  0.0003090  0.9932046
3.198560   0.086140  0.0003016  0.9935061
3.218560   0.086610  0.0002946  0.9938007
3.238560   0.087060  0.0002878  0.9940885
3.258560   0.087510  0.0002813  0.9943698
3.278560   0.087940  0.0002750  0.9946448
3.298560   0.088370  0.0002690  0.9949138
3.318560   0.088790  0.0002631  0.9951769
3.338560   0.089200  0.0002576  0.9954346
3.358560   0.089600  0.0002521  0.9956867
3.378560   0.089990  0.0002471  0.9959338
3.398560   0.090370  0.0002420  0.9961758
3.418560   0.090750  0.0002372  0.9964130
3.438560   0.091120  0.0002323  0.9966453
3.458560   0.091480  0.0002279  0.9968731
3.478560   0.091840  0.0002234  0.9970965
3.498560   0.092180  0.0002192  0.9973157
3.518560   0.092530  0.0002150  0.9975307
3.538560   0.092860  0.0002110  0.9977417
3.558560   0.093190  0.0002072  0.9979488
3.578560   0.093510  0.0002034  0.9981522
3.598560   0.093830  0.0001996  0.9983518
3.618560   0.094140  0.0001962  0.9985480
3.638560   0.094440  0.0001926  0.9987405
3.658560   0.094740  0.0001892  0.9989298
3.678560   0.095030  0.0001860  0.9991158
3.698560   0.095320  0.0001829  0.9992987
3.718560   0.095600  0.0001797  0.9994784
3.738560   0.095880  0.0001768  0.9996551
3.758560   0.096150  0.0001738  0.9998289
3.778560   0.096420  0.0001711  1.0000000
