1.457510   0.000010  0.0000004  0.0000004
1.477510   0.000510  0.0000224  0.0000229
1.497510   0.001290  0.0000697  0.0000926
1.517510   0.002180  0.0001495  0.0002421
1.537510   0.003140  0.0002784  0.0005205
1.557510   0.004100  0.0004891  0.0010096
1.577510   0.005070  0.0008486  0.0018582
1.597510   0.006010  0.0015081  0.0033663
1.617510   0.007550  0.0031177  0.0064840
1.637510   0.011130  0.0088015  0.0152855
1.657510   0.014730  0.0296173  0.0449028
1.677510   0.018060  0.1720270  0.2169298
1.697510   0.047780  0.1733089  0.3902387
1.717510   0.099960  0.0700925  0.4603312
1.737510   0.149690  0.0436512  0.5039824
1.757510   0.194830  0.0319321  0.5359145
1.777510   0.235610  0.0253145  0.5612290
1.797510   0.272610  0.0210438  0.5822727
1.817510   0.306410  0.0180455  0.6003182
1.837510   0.337450  0.0158159  0.6161341
1.857510   0.366140  0.0140870  0.6302211
1.877510   0.392770  0.0127035  0.6429247
1.897510   0.417610  0.0115691  0.6544938
1.917510   0.440870  0.0106203  0.6651140
1.937510   0.462720  0.0098138  0.6749278
1.957510   0.483310  0.0091191  0.6840470
1.977510   0.502760  0.0085142  0.6925611
1.997510   0.521190  0.0079820  0.7005431
2.017510   0.538670  0.0075100  0.7080531
2.037510   0.555300  0.0070883  0.7151414
2.057510   0.571130  0.0067093  0.7218507
2.077510   0.586240  0.0063666  0.7282173
2.097510   0.600680  0.0060550  0.7342723
2.117510   0.614490  0.0057708  0.7400430
2.137510   0.627720  0.0055101  0.7455531
2.157510   0.640410  0.0052702  0.7508234
2.177510   0.652600  0.0050490  0.7558724
2.197510   0.664300  0.0048439  0.7607163
2.217510   0.675570  0.0046536  0.7653699
2.237510   0.686410  0.0044761  0.7698459
2.257510   0.696860  0.0043106  0.7741566
2.277510   0.706930  0.0041558  0.7783124
2.297510   0.716650  0.0040105  0.7823229
2.317510   0.726040  0.0038740  0.7861969
2.337510   0.735110  0.0037456  0.7899424
2.357510   0.743880  0.0036245  0.7935670
2.377510   0.752360  0.0035102  0.7970772
2.397510   0.760570  0.0034019  0.8004791
2.417510   0.768530  0.0032995  0.8037786
2.437510   0.776230  0.0032022  0.8069808
2.457510   0.783700  0.0031099  0.8100907
2.477510   0.790950  0.0030222  0.8131129
2.497510   0.797980  0.0029386  0.8160515
2.517510   0.804800  0.0028588  0.8189104
2.537510   0.811430  0.0027828  0.8216932
2.557510   0.817870  0.0027102  0.8244034
2.577510   0.824130  0.0026409  0.8270444
2.597510   0.830210  0.0025744  0.8296187
2.617510   0.836130  0.0025107  0.8321295
2.637510   0.841890  0.0024497  0.8345792
2.657510   0.847490  0.0023912  0.8369704
2.677510   0.852950  0.0023352  0.8393057
2.697510   0.858260  0.0022812  0.8415868
2.717510   0.863430  0.0022294  0.8438162
2.737510   0.868480  0.0021794  0.8459957
2.757510   0.873390  0.0021312  0.8481269
2.777510   0.878190  0.0020851  0.8502119
2.797510   0.882860  0.0020404  0.8522524
2.817510   0.887420  0.0019972  0.8542496
2.837510   0.891870  0.0019557  0.8562053
2.857510   0.896210  0.0019156  0.8581209
2.877510   0.900450  0.0018768  0.8599977
2.897510   0.904590  0.0018394  0.8618371
2.917510   0.908640  0.0018031  0.8636402
2.937510   0.912590  0.0017679  0.8654080
2.957510   0.916450  0.0017340  0.8671421
2.977510   0.920220  0.0017011  0.8688432
2.997510   0.923910  0.0016693  0.8705124
3.017510   0.927520  0.0016383  0.8721507
3.037510   0.931040  0.0016083  0.8737590
3.057510   0.934490  0.0015794  0.8753384
3.077510   0.937870  0.0015511  0.8768895
3.097510   0.941170  0.0015236  0.8784131
3.117510   0.944400  0.0014971  0.8799102
3.137510   0.947570  0.0014711  0.8813813
3.157510   0.950660  0.0014460  0.8828273
3.177510   0.953700  0.0014216  0.8842488
3.197510   0.956670  0.0013978  0.8856466
3.217510   0.959580  0.0013747  0.8870214
3.237510   0.962430  0.0013521  0.8883734
3.257510   0.965220  0.0013303  0.8897038
3.277510   0.967960  0.0013088  0.8910126
3.297510   0.970640  0.0012882  0.8923008
3.317510   0.973270  0.0012678  0.8935686
3.337510   0.975850  0.0012481  0.8948167
3.357510   0.978380  0.0012288  0.8960455
3.377510   0.980860  0.0012102  0.8972557
3.397510   0.983290  0.0011918  0.8984475
3.417510   0.985680  0.0011739  0.8996213
3.437510   0.988020  0.0011564  0.9007777
3.457510   0.990320  0.0011394  0.9019171
3.477510   0.992580  0.0011228  0.9030399
3.497510   0.994790  0.0011066  0.9041465
3.517510   0.996960  0.0010907  0.9052372
3.537510   0.999100  0.0010753  0.9063125
3.557510   1.001190  0.0010600  0.9073725
3.577510   1.003250  0.0010452  0.9084177
3.597510   1.005270  0.0010306  0.9094483
3.617510   1.007260  0.0010165  0.9104649
3.637510   1.009210  0.0010026  0.9114675
3.657510   1.011120  0.0009892  0.9124567
3.677510   1.013000  0.0009760  0.9134326
3.697510   1.014860  0.0009630  0.9143956
3.717510   1.016670  0.0009502  0.9153458
3.737510   1.018460  0.0009378  0.9162836
3.757510   1.020220  0.0009255  0.9172091
3.777510   1.021950  0.0009136  0.9181228
3.797510   1.023640  0.0009020  0.9190248
3.817510   1.025310  0.0008906  0.9199153
3.837510   1.026960  0.0008793  0.9207947
3.857510   1.028570  0.0008684  0.9216630
3.877510   1.030160  0.0008576  0.9225206
3.897510   1.031730  0.0008468  0.9233675
3.917510   1.033260  0.0008365  0.9242040
3.937510   1.034780  0.0008264  0.9250304
3.957510   1.036270  0.0008164  0.9258468
3.977510   1.037730  0.0008067  0.9266535
3.997510   1.039170  0.0007971  0.9274506
4.017510   1.040590  0.0007877  0.9282383
4.037510   1.041990  0.0007785  0.9290167
4.057510   1.043370  0.0007693  0.9297860
4.077510   1.044720  0.0007603  0.9305463
4.097510   1.046060  0.0007516  0.9312979
4.117510   1.047370  0.0007431  0.9320410
4.137510   1.048660  0.0007348  0.9327758
4.157510   1.049940  0.0007265  0.9335022
4.177510   1.051190  0.0007182  0.9342204
4.197510   1.052430  0.0007103  0.9349307
4.217510   1.053650  0.0007025  0.9356332
4.237510   1.054850  0.0006946  0.9363279
4.257510   1.056030  0.0006870  0.9370149
4.277510   1.057190  0.0006796  0.9376945
4.297510   1.058340  0.0006722  0.9383668
4.317510   1.059470  0.0006651  0.9390318
4.337510   1.060590  0.0006581  0.9396899
4.357510   1.061690  0.0006509  0.9403408
4.377510   1.062770  0.0006442  0.9409851
4.397510   1.063840  0.0006375  0.9416225
4.417510   1.064890  0.0006308  0.9422533
4.437510   1.065930  0.0006243  0.9428776
4.457510   1.066950  0.0006178  0.9434953
4.477510   1.067960  0.0006115  0.9441068
4.497510   1.068950  0.0006054  0.9447122
4.517510   1.069940  0.0005992  0.9453114
4.537510   1.070900  0.0005931  0.9459045
4.557510   1.071860  0.0005873  0.9464918
4.577510   1.072800  0.0005814  0.9470732
4.597510   1.073730  0.0005756  0.9476488
4.617510   1.074650  0.0005700  0.9482189
4.637510   1.075550  0.0005644  0.9487833
4.657510   1.076440  0.0005590  0.9493423
4.677510   1.077320  0.0005537  0.9498960
4.697510   1.078190  0.0005483  0.9504442
4.717510   1.079050  0.0005431  0.9509874
4.737510   1.079900  0.0005380  0.9515253
4.757510   1.080730  0.0005328  0.9520581
4.777510   1.081560  0.0005277  0.9525858
4.797510   1.082370  0.0005227  0.9531085
4.817510   1.083170  0.0005180  0.9536265
4.837510   1.083960  0.0005131  0.9541396
4.857510   1.084750  0.0005084  0.9546480
4.877510   1.085520  0.0005037  0.9551516
4.897510   1.086280  0.0004992  0.9556508
4.917510   1.087040  0.0004947  0.9561455
4.937510   1.087780  0.0004902  0.9566357
4.957510   1.088520  0.0004857  0.9571215
4.977510   1.089240  0.0004815  0.9576029
4.997510   1.089960  0.0004772  0.9580802
5.017510   1.090670  0.0004730  0.9585531
5.037510   1.091370  0.0004687  0.9590218
5.057510   1.092060  0.0004647  0.9594865
5.077510   1.092740  0.0004606  0.9599471
5.097510   1.093410  0.0004566  0.9604037
5.117510   1.094080  0.0004526  0.9608563
5.137510   1.094740  0.0004488  0.9613050
5.157510   1.095390  0.0004449  0.9617500
5.177510   1.096030  0.0004411  0.9621911
5.197510   1.096660  0.0004373  0.9626284
5.217510   1.097290  0.0004337  0.9630621
5.237510   1.097910  0.0004299  0.9634921
5.257510   1.098520  0.0004263  0.9639184
5.277510   1.099130  0.0004230  0.9643414
5.297510   1.099730  0.0004194  0.9647608
5.317510   1.100320  0.0004158  0.9651766
5.337510   1.100900  0.0004124  0.9655890
5.357510   1.101480  0.0004091  0.9659981
5.377510   1.102050  0.0004057  0.9664038
5.397510   1.102620  0.0004026  0.9668064
5.417510   1.103180  0.0003992  0.9672056
5.437510   1.103730  0.0003961  0.9676017
5.457510   1.104270  0.0003929  0.9679946
5.477510   1.104810  0.0003898  0.9683844
5.497510   1.105350  0.0003867  0.9687710
5.517510   1.105870  0.0003835  0.9691546
5.537510   1.106400  0.0003806  0.9695352
5.557510   1.106910  0.0003777  0.9699129
5.577510   1.107420  0.0003746  0.9702874
5.597510   1.107930  0.0003716  0.9706591
5.617510   1.108430  0.0003690  0.9710280
5.637510   1.108920  0.0003660  0.9713941
5.657510   1.109410  0.0003631  0.9717572
5.677510   1.109890  0.0003604  0.9721176
5.697510   1.110370  0.0003577  0.9724754
5.717510   1.110840  0.0003551  0.9728304
5.737510   1.111310  0.0003524  0.9731828
5.757510   1.111780  0.0003497  0.9735325
5.777510   1.112230  0.0003470  0.9738795
5.797510   1.112690  0.0003445  0.9742240
5.817510   1.113140  0.0003418  0.9745658
5.837510   1.113580  0.0003394  0.9749052
5.857510   1.114020  0.0003369  0.9752421
5.877510   1.114450  0.0003344  0.9755765
5.897510   1.114880  0.0003320  0.9759085
5.917510   1.115310  0.0003295  0.9762380
5.937510   1.115730  0.0003273  0.9765652
5.957510   1.116150  0.0003248  0.9768900
5.977510   1.116560  0.0003226  0.9772126
5.997510   1.116970  0.0003201  0.9775327
6.017510   1.117370  0.0003178  0.9778505
6.037510   1.117770  0.0003156  0.9781661
6.057510   1.118170  0.0003134  0.9784795
6.077510   1.118560  0.0003111  0.9787906
6.097510   1.118950  0.0003089  0.9790995
6.117510   1.119330  0.0003069  0.9794063
6.137510   1.119710  0.0003046  0.9797110
6.157510   1.120090  0.0003026  0.9800136
6.177510   1.120460  0.0003004  0.9803139
6.197510   1.120830  0.0002983  0.9806123
6.217510   1.121200  0.0002963  0.9809086
6.237510   1.121560  0.0002943  0.9812029
6.257510   1.121920  0.0002923  0.9814952
6.277510   1.122270  0.0002903  0.9817855
6.297510   1.122630  0.0002883  0.9820737
6.317510   1.122970  0.0002865  0.9823602
6.337510   1.123320  0.0002844  0.9826447
6.357510   1.123660  0.0002827  0.9829273
6.377510   1.124000  0.0002806  0.9832079
6.397510   1.124330  0.0002788  0.9834868
6.417510   1.124670  0.0002771  0.9837638
6.437510   1.125000  0.0002750  0.9840389
6.457510   1.125320  0.0002732  0.9843121
6.477510   1.125640  0.0002714  0.9845836
6.497510   1.125960  0.0002697  0.9848532
6.517510   1.126280  0.0002681  0.9851213
6.537510   1.126590  0.0002663  0.9853876
6.557510   1.126900  0.0002645  0.9856521
6.577510   1.127210  0.0002627  0.9859148
6.597510   1.127520  0.0002611  0.9861759
6.617510   1.127820  0.0002593  0.9864353
6.637510   1.128120  0.0002578  0.9866930
6.657510   1.128420  0.0002562  0.9869493
6.677510   1.128710  0.0002546  0.9872039
6.697510   1.129000  0.0002528  0.9874567
6.717510   1.129290  0.0002513  0.9877080
6.737510   1.129580  0.0002497  0.9879577
6.757510   1.129860  0.0002481  0.9882058
6.777510   1.130140  0.0002466  0.9884524
6.797510   1.130420  0.0002450  0.9886974
6.817510   1.130690  0.0002437  0.9889411
6.837510   1.130970  0.0002421  0.9891831
6.857510   1.131240  0.0002405  0.9894237
6.877510   1.131510  0.0002392  0.9896628
6.897510   1.131770  0.0002376  0.9899004
6.917510   1.132040  0.0002363  0.9901367
6.937510   1.132300  0.0002347  0.9903714
6.957510   1.132560  0.0002333  0.9906047
6.977510   1.132820  0.0002320  0.9908367
6.997510   1.133070  0.0002304  0.9910671
7.017510   1.133320  0.0002291  0.9912962
7.037510   1.133570  0.0002277  0.9915240
7.057510   1.133820  0.0002264  0.9917503
7.077510   1.134070  0.0002250  0.9919754
7.097510   1.134310  0.0002237  0.9921991
7.117510   1.134560  0.0002224  0.9924215
7.137510   1.134800  0.0002210  0.9926425
7.157510   1.135030  0.0002199  0.9928624
7.177510   1.135270  0.0002185  0.9930809
7.197510   1.135500  0.0002172  0.9932981
7.217510   1.135730  0.0002161  0.9935142
7.237510   1.135960  0.0002147  0.9937289
7.257510   1.136190  0.0002134  0.9939423
7.277510   1.136420  0.0002123  0.9941546
7.297510   1.136640  0.0002112  0.9943657
7.317510   1.136870  0.0002098  0.9945755
7.337510   1.137090  0.0002087  0.9947842
7.357510   1.137310  0.0002073  0.9949916
7.377510   1.137520  0.0002062  0.9951978
7.397510   1.137740  0.0002051  0.9954029
7.417510   1.137950  0.0002040  0.9956069
7.437510   1.138160  0.0002029  0.9958097
7.457510   1.138370  0.0002017  0.9960115
7.477510   1.138580  0.0002006  0.9962121
7.497510   1.138790  0.0001995  0.9964116
7.517510   1.138990  0.0001984  0.9966099
7.537510   1.139200  0.0001973  0.9968072
7.557510   1.139400  0.0001961  0.9970033
7.577510   1.139600  0.0001950  0.9971983
7.597510   1.139800  0.0001939  0.9973922
7.617510   1.139990  0.0001930  0.9975852
7.637510   1.140190  0.0001919  0.9977771
7.657510   1.140380  0.0001908  0.9979678
7.677510   1.140570  0.0001899  0.9981577
7.697510   1.140760  0.0001887  0.9983464
7.717510   1.140950  0.0001876  0.9985341
7.737510   1.141140  0.0001867  0.9987208
7.757510   1.141330  0.0001856  0.9989064
7.777510   1.141510  0.0001847  0.9990911
7.797510   1.141700  0.0001838  0.9992749
7.817510   1.141880  0.0001827  0.9994576
7.837510   1.142060  0.0001818  0.9996393
7.857510   1.142240  0.0001809  0.9998202
7.877510   1.142410  0.0001798  1.0000000
