1.076570   0.000010  0.0000000  0.0000000
1.096570   0.002020  0.0000078  0.0000078
1.116570   0.005260  0.0000221  0.0000299
1.136570   0.008980  0.0000407  0.0000706
1.156570   0.012910  0.0000630  0.0001336
1.176570   0.016880  0.0000888  0.0002224
1.196570   0.020800  0.0001181  0.0003405
1.216570   0.024620  0.0001512  0.0004917
1.236570   0.028310  0.0001879  0.0006796
1.256570   0.031860  0.0002292  0.0009089
1.276570   0.035280  0.0002755  0.0011844
1.296570   0.038620  0.0003279  0.0015123
1.316570   0.041970  0.0003882  0.0019005
1.336570   0.045520  0.0004595  0.0023600
1.356570   0.049500  0.0005462  0.0029063
1.376570   0.054160  0.0006551  0.0035613
1.396570   0.059620  0.0007922  0.0043535
1.416570   0.065810  0.0009632  0.0053167
1.436570   0.072640  0.0011740  0.0064907
1.456570   0.079960  0.0014318  0.0079225
1.476570   0.087670  0.0017446  0.0096671
1.496570   0.095690  0.0021238  0.0117909
1.516570   0.103930  0.0025827  0.0143735
1.536570   0.112340  0.0031386  0.0175121
1.556570   0.120870  0.0038133  0.0213254
1.576570   0.129450  0.0046342  0.0259595
1.596570   0.138020  0.0056362  0.0315957
1.616570   0.146530  0.0068628  0.0384585
1.636570   0.154910  0.0083718  0.0468304
1.656570   0.163110  0.0102358  0.0570662
1.676570   0.171110  0.0125500  0.0696162
1.696570   0.179690  0.0154858  0.0851020
1.716570   0.188960  0.0192066  0.1043086
1.736570   0.198240  0.0238380  0.1281466
1.756570   0.207770  0.0295378  0.1576844
1.776570   0.217880  0.0363593  0.1940437
1.796570   0.228590  0.0440813  0.2381250
1.816570   0.239630  0.0520750  0.2902000
1.836570   0.250640  0.0593213  0.3495213
1.856570   0.262080  0.0645193  0.4140405
1.876570   0.275930  0.0662360  0.4802765
1.896570   0.295840  0.0635472  0.5438237
1.916570   0.327310  0.0568886  0.6007123
1.936570   0.378390  0.0479517  0.6486641
1.956570   0.460960  0.0385498  0.6872139
1.976570   0.593450  0.0297881  0.7170020
1.996570   0.806450  0.0221161  0.7391181
2.016570   1.155870  0.0156721  0.7547902
2.036570   1.757220  0.0104679  0.7652581
2.056570   2.887180  0.0064449  0.7717030
2.076570   5.222840  0.0035865  0.7752895
2.096570   9.517810  0.0019732  0.7772627
2.116570  15.030570  0.0012504  0.7785132
2.136570  20.422730  0.0009206  0.7794338
2.156570  25.066060  0.0007501  0.7801839
2.176570  28.811860  0.0006526  0.7808364
2.196570  31.691350  0.0005933  0.7814298
2.216570  33.792900  0.0005566  0.7819863
2.236570  35.217880  0.0005338  0.7825201
2.256570  36.065090  0.0005214  0.7830416
2.276570  36.425580  0.0005163  0.7835579
2.296570  36.381080  0.0005169  0.7840748
2.316570  36.004130  0.0005223  0.7845970
2.336570  35.358230  0.0005318  0.7851288
2.356570  34.499060  0.0005450  0.7856738
2.376570  33.474410  0.0005615  0.7862353
2.396570  32.325540  0.0005815  0.7868169
2.416570  31.087530  0.0006045  0.7874213
2.436570  29.790010  0.0006307  0.7880520
2.456570  28.457780  0.0006602  0.7887122
2.476570  27.111290  0.0006929  0.7894051
2.496570  25.767340  0.0007288  0.7901339
2.516570  24.439420  0.0007682  0.7909021
2.536570  23.138230  0.0008110  0.7917131
2.556570  21.872090  0.0008576  0.7925707
2.576570  20.647260  0.0009080  0.7934788
2.596570  19.468280  0.0009626  0.7944413
2.616570  18.338290  0.0010210  0.7954623
2.636570  17.259210  0.0010840  0.7965463
2.656570  16.232010  0.0011515  0.7976978
2.676570  15.256890  0.0012236  0.7989214
2.696570  14.333390  0.0013006  0.8002220
2.716570  13.460610  0.0013826  0.8016046
2.736570  12.637210  0.0014700  0.8030746
2.756570  11.861600  0.0015625  0.8046371
2.776570  11.131990  0.0016606  0.8062977
2.796570  10.446460  0.0017640  0.8080617
2.816570   9.802970  0.0018729  0.8099346
2.836570   9.199450  0.0019873  0.8119218
2.856570   8.633820  0.0021068  0.8140287
2.876570   8.104030  0.0022316  0.8162603
2.896570   7.608050  0.0023613  0.8186215
2.916570   7.143910  0.0024951  0.8211166
2.936570   6.709720  0.0026328  0.8237495
2.956570   6.303640  0.0027737  0.8265231
2.976570   5.923920  0.0029166  0.8294397
2.996570   5.568900  0.0030607  0.8325005
3.016570   5.236990  0.0032047  0.8357051
3.036570   4.926700  0.0033472  0.8390523
3.056570   4.636610  0.0034864  0.8425387
3.076570   4.365390  0.0036206  0.8461592
3.096570   4.111800  0.0037482  0.8499075
3.116570   3.874650  0.0038670  0.8537744
3.136570   3.652850  0.0039748  0.8577492
3.156570   3.445370  0.0040702  0.8618193
3.176570   3.251250  0.0041509  0.8659703
3.196570   3.069580  0.0042158  0.8701860
3.216570   2.899530  0.0042633  0.8744493
3.236570   2.740310  0.0042922  0.8787415
3.256570   2.591200  0.0043025  0.8830439
3.276570   2.451510  0.0042936  0.8873376
3.296570   2.320620  0.0042661  0.8916037
3.316570   2.197920  0.0042207  0.8958244
3.336570   2.082880  0.0041583  0.8999828
3.356570   1.974970  0.0040805  0.9040633
3.376570   1.873730  0.0039892  0.9080525
3.396570   1.778720  0.0038858  0.9119382
3.416570   1.689510  0.0037726  0.9157108
3.436570   1.605730  0.0036514  0.9193622
3.456570   1.527020  0.0035241  0.9228863
3.476570   1.453040  0.0033926  0.9262789
3.496570   1.383500  0.0032586  0.9295375
3.516570   1.318090  0.0031235  0.9326610
3.536570   1.256550  0.0029887  0.9356497
3.556570   1.198640  0.0028553  0.9385049
3.576570   1.144120  0.0027243  0.9412292
3.596570   1.092780  0.0025963  0.9438255
3.616570   1.044410  0.0024722  0.9462977
3.636570   0.998820  0.0023520  0.9486497
3.656570   0.955840  0.0022365  0.9508862
3.676570   0.915300  0.0021258  0.9530121
3.696570   0.877070  0.0020199  0.9550320
3.716570   0.840980  0.0019189  0.9569509
3.736570   0.806910  0.0018229  0.9587738
3.756570   0.774740  0.0017316  0.9605054
3.776570   0.744340  0.0016451  0.9621505
3.796570   0.715620  0.0015633  0.9637138
3.816570   0.688470  0.0014859  0.9651996
3.836570   0.662800  0.0014130  0.9666126
3.856570   0.638550  0.0013440  0.9679566
3.876570   0.615620  0.0012789  0.9692355
3.896570   0.593930  0.0012176  0.9704531
3.916570   0.573410  0.0011600  0.9716131
3.936570   0.553980  0.0011057  0.9727188
3.956570   0.535590  0.0010545  0.9737732
3.976570   0.518170  0.0010063  0.9747796
3.996570   0.501660  0.0009609  0.9757405
4.016570   0.486010  0.0009182  0.9766586
4.036570   0.471170  0.0008779  0.9775365
4.056570   0.457100  0.0008399  0.9783764
4.076570   0.443740  0.0008042  0.9791806
4.096570   0.431070  0.0007705  0.9799511
4.116570   0.419030  0.0007387  0.9806898
4.136570   0.407600  0.0007085  0.9813983
4.156570   0.396730  0.0006803  0.9820786
4.176570   0.386410  0.0006536  0.9827322
4.196570   0.376590  0.0006284  0.9833606
4.216570   0.367250  0.0006045  0.9839651
4.236570   0.358370  0.0005820  0.9845470
4.256570   0.349910  0.0005607  0.9851077
4.276570   0.341870  0.0005404  0.9856482
4.296570   0.334200  0.0005212  0.9861694
4.316570   0.326910  0.0005033  0.9866727
4.336570   0.319950  0.0004861  0.9871588
4.356570   0.313320  0.0004698  0.9876286
4.376570   0.307010  0.0004543  0.9880830
4.396570   0.300980  0.0004397  0.9885226
4.416570   0.295230  0.0004258  0.9889484
4.436570   0.289750  0.0004126  0.9893611
4.456570   0.284520  0.0004000  0.9897611
4.476570   0.279520  0.0003880  0.9901491
4.496570   0.274750  0.0003767  0.9905258
4.516570   0.270200  0.0003659  0.9908917
4.536570   0.265840  0.0003556  0.9912474
4.556570   0.261680  0.0003457  0.9915931
4.576570   0.257710  0.0003364  0.9919295
4.596570   0.253910  0.0003273  0.9922568
4.616570   0.250270  0.0003189  0.9925756
4.636570   0.246800  0.0003106  0.9928862
4.656570   0.243470  0.0003027  0.9931890
4.676570   0.240290  0.0002953  0.9934843
4.696570   0.237240  0.0002881  0.9937724
4.716570   0.234320  0.0002813  0.9940537
4.736570   0.231530  0.0002749  0.9943285
4.756570   0.228860  0.0002685  0.9945970
4.776570   0.226290  0.0002625  0.9948595
4.796570   0.223840  0.0002567  0.9951162
4.816570   0.221480  0.0002511  0.9953673
4.836570   0.219230  0.0002458  0.9956130
4.856570   0.217060  0.0002406  0.9958536
4.876570   0.214990  0.0002356  0.9960893
4.896570   0.213000  0.0002309  0.9963201
4.916570   0.211090  0.0002263  0.9965465
4.936570   0.209260  0.0002220  0.9967685
4.956570   0.207500  0.0002179  0.9969864
4.976570   0.205810  0.0002137  0.9972001
4.996570   0.204190  0.0002098  0.9974099
5.016570   0.202630  0.0002059  0.9976158
5.036570   0.201140  0.0002024  0.9978182
5.056570   0.199700  0.0001987  0.9980169
5.076570   0.198320  0.0001954  0.9982122
5.096570   0.197000  0.0001921  0.9984043
5.116570   0.195720  0.0001888  0.9985930
5.136570   0.194500  0.0001857  0.9987787
5.156570   0.193320  0.0001828  0.9989614
5.176570   0.192190  0.0001799  0.9991413
5.196570   0.191100  0.0001770  0.9993183
5.216570   0.190050  0.0001743  0.9994926
5.236570   0.189040  0.0001716  0.9996642
5.256570   0.188070  0.0001691  0.9998333
5.276570   0.187140  0.0001667  1.0000000
