1.133130   0.000010  0.0000000  0.0000000
1.153130   0.000030  0.0000002  0.0000002
1.173130   0.000080  0.0000004  0.0000006
1.193130   0.000160  0.0000008  0.0000014
1.213130   0.000290  0.0000014  0.0000029
1.233130   0.000500  0.0000029  0.0000058
1.253130   0.000800  0.0000047  0.0000105
1.273130   0.001200  0.0000078  0.0000184
1.293130   0.001730  0.0000122  0.0000306
1.313130   0.002400  0.0000184  0.0000489
1.333130   0.003230  0.0000270  0.0000760
1.353130   0.004230  0.0000384  0.0001144
1.373130   0.005410  0.0000537  0.0001681
1.393130   0.006780  0.0000735  0.0002416
1.413130   0.008340  0.0000993  0.0003409
1.433130   0.010090  0.0001321  0.0004730
1.453130   0.012040  0.0001741  0.0006471
1.473130   0.014210  0.0002271  0.0008742
1.493130   0.016600  0.0002946  0.0011688
1.513130   0.019240  0.0003805  0.0015494
1.533130   0.022170  0.0004908  0.0020402
1.553130   0.025420  0.0006328  0.0026730
1.573130   0.029040  0.0008176  0.0034906
1.593130   0.033120  0.0010604  0.0045511
1.613130   0.037730  0.0013825  0.0059336
1.633130   0.042970  0.0018155  0.0077492
1.653130   0.049000  0.0024065  0.0101556
1.673130   0.055950  0.0032224  0.0133781
1.693130   0.063930  0.0043605  0.0177386
1.713130   0.073050  0.0059652  0.0237038
1.733130   0.083460  0.0082507  0.0319545
1.753130   0.095310  0.0115309  0.0434855
1.773130   0.108730  0.0162466  0.0597321
1.793130   0.124010  0.0229663  0.0826984
1.813130   0.141340  0.0321841  0.1148825
1.833130   0.160730  0.0437716  0.1586541
1.853130   0.182160  0.0561037  0.2147578
1.873130   0.205400  0.0658676  0.2806254
1.893130   0.230230  0.0700114  0.3506368
1.913130   0.256520  0.0682179  0.4188547
1.933130   0.284480  0.0625566  0.4814114
1.953130   0.314660  0.0554015  0.5368128
1.973130   0.348270  0.0482288  0.5850416
1.993130   0.387710  0.0416454  0.6266870
2.013130   0.437100  0.0357699  0.6624569
2.033130   0.503490  0.0305005  0.6929575
2.053130   0.599400  0.0256335  0.7185910
2.073130   0.749270  0.0209168  0.7395078
2.093130   1.005370  0.0161399  0.7556477
2.113130   1.467750  0.0114766  0.7671243
2.133130   2.267810  0.0076290  0.7747533
2.153130   3.514410  0.0049938  0.7797471
2.173130   5.253140  0.0033637  0.7831108
2.193130   7.455930  0.0023775  0.7854883
2.213130  10.032940  0.0017697  0.7872580
2.233130  12.855280  0.0013823  0.7886403
2.253130  15.779470  0.0011267  0.7897671
2.273130  18.667540  0.0009527  0.7907197
2.293130  21.400770  0.0008311  0.7915508
2.313130  23.886940  0.0007448  0.7922956
2.333130  26.061750  0.0006826  0.7929782
2.353130  27.887910  0.0006380  0.7936162
2.373130  29.350090  0.0006062  0.7942224
2.393130  30.451430  0.0005843  0.7948067
2.413130  31.208350  0.0005701  0.7953768
2.433130  31.646440  0.0005622  0.7959390
2.453130  31.796940  0.0005595  0.7964985
2.473130  31.693890  0.0005612  0.7970597
2.493130  31.372150  0.0005670  0.7976267
2.513130  30.865600  0.0005763  0.7982030
2.533130  30.206350  0.0005887  0.7987916
2.553130  29.423970  0.0006043  0.7993960
2.573130  28.545180  0.0006227  0.8000187
2.593130  27.593650  0.0006442  0.8006629
2.613130  26.590130  0.0006684  0.8013313
2.633130  25.552430  0.0006952  0.8020265
2.653130  24.495790  0.0007249  0.8027514
2.673130  23.432960  0.0007576  0.8035089
2.693130  22.374490  0.0007931  0.8043020
2.713130  21.329030  0.0008315  0.8051335
2.733130  20.303520  0.0008730  0.8060064
2.753130  19.303380  0.0009176  0.8069240
2.773130  18.332780  0.0009653  0.8078893
2.793130  17.394880  0.0010165  0.8089058
2.813130  16.491850  0.0010710  0.8099767
2.833130  15.625110  0.0011288  0.8111055
2.853130  14.795500  0.0011903  0.8122958
2.873130  14.003260  0.0012556  0.8135514
2.893130  13.248300  0.0013245  0.8148759
2.913130  12.530160  0.0013972  0.8162732
2.933130  11.848060  0.0014738  0.8177470
2.953130  11.201120  0.0015541  0.8193011
2.973130  10.588220  0.0016384  0.8209395
2.993130  10.008170  0.0017263  0.8226658
3.013130   9.459690  0.0018180  0.8244838
3.033130   8.941470  0.0019132  0.8263970
3.053130   8.452130  0.0020119  0.8284089
3.073130   7.990340  0.0021137  0.8305225
3.093130   7.554740  0.0022181  0.8327407
3.113130   7.144010  0.0023249  0.8350656
3.133130   6.756850  0.0024335  0.8374991
3.153130   6.392000  0.0025433  0.8400424
3.173130   6.048250  0.0026538  0.8426962
3.193130   5.724420  0.0027639  0.8454601
3.213130   5.419390  0.0028729  0.8483330
3.233130   5.132080  0.0029794  0.8513124
3.253130   4.861480  0.0030827  0.8543950
3.273130   4.606620  0.0031816  0.8575766
3.293130   4.366560  0.0032747  0.8608513
3.313130   4.140440  0.0033610  0.8642123
3.333130   3.927430  0.0034390  0.8676513
3.353130   3.726740  0.0035078  0.8711591
3.373130   3.537640  0.0035662  0.8747253
3.393130   3.359440  0.0036131  0.8783384
3.413130   3.191470  0.0036482  0.8819866
3.433130   3.033130  0.0036703  0.8856568
3.453130   2.883830  0.0036796  0.8893364
3.473130   2.743020  0.0036756  0.8930121
3.493130   2.610210  0.0036587  0.8966708
3.513130   2.484900  0.0036292  0.9003000
3.533130   2.366640  0.0035875  0.9038874
3.553130   2.255020  0.0035346  0.9074221
3.573130   2.149630  0.0034714  0.9108935
3.593130   2.050100  0.0033992  0.9142927
3.613130   1.956080  0.0033189  0.9176116
3.633130   1.867250  0.0032317  0.9208433
3.653130   1.783290  0.0031388  0.9239821
3.673130   1.703920  0.0030418  0.9270239
3.693130   1.628860  0.0029414  0.9299653
3.713130   1.557870  0.0028388  0.9328041
3.733130   1.490710  0.0027352  0.9355393
3.753130   1.427140  0.0026311  0.9381704
3.773130   1.366970  0.0025274  0.9406978
3.793130   1.310000  0.0024250  0.9431229
3.813130   1.256030  0.0023243  0.9454471
3.833130   1.204930  0.0022256  0.9476727
3.853130   1.156570  0.0021298  0.9498025
3.873130   1.110800  0.0020369  0.9518394
3.893130   1.067450  0.0019470  0.9537864
3.913130   1.026380  0.0018605  0.9556469
3.933130   0.987460  0.0017773  0.9574243
3.953130   0.950560  0.0016978  0.9591221
3.973130   0.915570  0.0016214  0.9607435
3.993130   0.882370  0.0015488  0.9622923
4.013130   0.850870  0.0014794  0.9637717
4.033130   0.820950  0.0014131  0.9651848
4.053130   0.792540  0.0013503  0.9665351
4.073130   0.765550  0.0012905  0.9678256
4.093130   0.739900  0.0012335  0.9690591
4.113130   0.715520  0.0011796  0.9702387
4.133130   0.692330  0.0011284  0.9713670
4.153130   0.670270  0.0010799  0.9724469
4.173130   0.649280  0.0010336  0.9734805
4.193130   0.629300  0.0009900  0.9744705
4.213130   0.610270  0.0009485  0.9754191
4.233130   0.592150  0.0009093  0.9763284
4.253130   0.574880  0.0008721  0.9772005
4.273130   0.558430  0.0008368  0.9780374
4.293130   0.542740  0.0008034  0.9788408
4.313130   0.527780  0.0007716  0.9796124
4.333130   0.513510  0.0007417  0.9803540
4.353130   0.499900  0.0007132  0.9810672
4.373130   0.486900  0.0006861  0.9817533
4.393130   0.474500  0.0006603  0.9824136
4.413130   0.462650  0.0006359  0.9830495
4.433130   0.451340  0.0006128  0.9836623
4.453130   0.440530  0.0005909  0.9842533
4.473130   0.430200  0.0005701  0.9848233
4.493130   0.420320  0.0005503  0.9853736
4.513130   0.410880  0.0005313  0.9859049
4.533130   0.401850  0.0005135  0.9864184
4.553130   0.393210  0.0004964  0.9869147
4.573130   0.384940  0.0004801  0.9873948
4.593130   0.377030  0.0004646  0.9878593
4.613130   0.369450  0.0004499  0.9883092
4.633130   0.362200  0.0004359  0.9887451
4.653130   0.355250  0.0004227  0.9891678
4.673130   0.348590  0.0004099  0.9895776
4.693130   0.342210  0.0003977  0.9899753
4.713130   0.336100  0.0003861  0.9903614
4.733130   0.330240  0.0003750  0.9907363
4.753130   0.324620  0.0003644  0.9911008
4.773130   0.319230  0.0003543  0.9914551
4.793130   0.314060  0.0003446  0.9917997
4.813130   0.309100  0.0003353  0.9921350
4.833130   0.304350  0.0003264  0.9924614
4.853130   0.299780  0.0003180  0.9927794
4.873130   0.295390  0.0003099  0.9930893
4.893130   0.291180  0.0003021  0.9933914
4.913130   0.287140  0.0002946  0.9936860
4.933130   0.283250  0.0002876  0.9939736
4.953130   0.279520  0.0002808  0.9942545
4.973130   0.275930  0.0002742  0.9945286
4.993130   0.272480  0.0002678  0.9947964
5.013130   0.269170  0.0002618  0.9950583
5.033130   0.265980  0.0002560  0.9953143
5.053130   0.262920  0.0002505  0.9955647
5.073130   0.259970  0.0002451  0.9958098
5.093130   0.257130  0.0002397  0.9960495
5.113130   0.254400  0.0002348  0.9962843
5.133130   0.251780  0.0002300  0.9965143
5.153130   0.249250  0.0002255  0.9967398
5.173130   0.246820  0.0002209  0.9969607
5.193130   0.244480  0.0002166  0.9971773
5.213130   0.242220  0.0002125  0.9973898
5.233130   0.240050  0.0002085  0.9975983
5.253130   0.237950  0.0002046  0.9978029
5.273130   0.235940  0.0002009  0.9980038
5.293130   0.234000  0.0001974  0.9982012
5.313130   0.232120  0.0001939  0.9983951
5.333130   0.230320  0.0001904  0.9985854
5.353130   0.228580  0.0001873  0.9987727
5.373130   0.226900  0.0001840  0.9989567
5.393130   0.225280  0.0001811  0.9991378
5.413130   0.223720  0.0001780  0.9993157
5.433130   0.222220  0.0001751  0.9994908
5.453130   0.220770  0.0001724  0.9996632
5.473130   0.219370  0.0001697  0.9998330
5.493130   0.218020  0.0001670  1.0000000
