1.096400   0.000010  0.0000000  0.0000000
1.116400   0.000060  0.0000004  0.0000004
1.136400   0.000170  0.0000010  0.0000014
1.156400   0.000350  0.0000026  0.0000040
1.176400   0.000610  0.0000049  0.0000089
1.196400   0.000970  0.0000085  0.0000174
1.216400   0.001410  0.0000138  0.0000312
1.236400   0.001950  0.0000210  0.0000522
1.256400   0.002660  0.0000318  0.0000840
1.276400   0.003670  0.0000488  0.0001327
1.296400   0.005240  0.0000777  0.0002104
1.316400   0.007850  0.0001305  0.0003409
1.336400   0.012240  0.0002290  0.0005699
1.356400   0.019050  0.0004032  0.0009731
1.376400   0.028000  0.0006739  0.0016469
1.396400   0.038080  0.0010483  0.0026952
1.416400   0.048520  0.0015375  0.0042327
1.436400   0.058950  0.0021658  0.0063985
1.456400   0.069250  0.0029734  0.0093719
1.476400   0.079400  0.0040189  0.0133907
1.496400   0.089420  0.0053866  0.0187773
1.516400   0.099310  0.0071958  0.0259731
1.536400   0.109100  0.0096163  0.0355894
1.556400   0.118810  0.0128872  0.0484766
1.576400   0.128460  0.0173380  0.0658146
1.596400   0.138100  0.0233904  0.0892049
1.616400   0.147770  0.0314880  0.1206929
1.636400   0.157560  0.0418307  0.1625236
1.656400   0.167530  0.0537487  0.2162723
1.676400   0.177680  0.0649678  0.2812400
1.696400   0.187940  0.0719974  0.3532375
1.716400   0.198180  0.0725475  0.4257850
1.736400   0.208270  0.0674655  0.4932505
1.756400   0.218090  0.0595154  0.5527659
1.776400   0.227540  0.0511047  0.6038706
1.796400   0.236520  0.0434824  0.6473530
1.816400   0.244930  0.0370322  0.6843852
1.836400   0.252720  0.0317243  0.7161094
1.856400   0.259820  0.0273906  0.7435000
1.876400   0.266200  0.0238443  0.7673444
1.896400   0.271820  0.0209211  0.7882655
1.916400   0.276680  0.0184889  0.8067543
1.936400   0.280760  0.0164442  0.8231986
1.956400   0.284050  0.0147079  0.8379065
1.976400   0.286560  0.0132194  0.8511259
1.996400   0.288310  0.0119316  0.8630575
2.016400   0.289320  0.0108084  0.8738659
2.036400   0.289610  0.0098216  0.8836875
2.056400   0.289210  0.0089485  0.8926359
2.076400   0.288170  0.0081721  0.9008080
2.096400   0.286510  0.0074776  0.9082855
2.116400   0.284280  0.0068537  0.9151392
2.136400   0.281530  0.0062913  0.9214305
2.156400   0.278290  0.0057823  0.9272128
2.176400   0.274600  0.0053205  0.9325332
2.196400   0.270520  0.0049001  0.9374333
2.216400   0.266090  0.0045169  0.9419502
2.236400   0.261340  0.0041669  0.9461172
2.256400   0.256330  0.0038469  0.9499641
2.276400   0.251090  0.0035536  0.9535177
2.296400   0.245660  0.0032847  0.9568024
2.316400   0.240070  0.0030379  0.9598403
2.336400   0.234360  0.0028111  0.9626514
2.356400   0.228570  0.0026028  0.9652542
2.376400   0.222720  0.0024110  0.9676652
2.396400   0.216840  0.0022346  0.9698998
2.416400   0.210960  0.0020721  0.9719719
2.436400   0.205090  0.0019226  0.9738946
2.456400   0.199260  0.0017849  0.9756795
2.476400   0.193490  0.0016578  0.9773373
2.496400   0.187800  0.0015407  0.9788780
2.516400   0.182190  0.0014327  0.9803107
2.536400   0.176680  0.0013329  0.9816436
2.556400   0.171290  0.0012411  0.9828847
2.576400   0.166010  0.0011561  0.9840409
2.596400   0.160860  0.0010778  0.9851187
2.616400   0.155850  0.0010054  0.9861241
2.636400   0.150980  0.0009387  0.9870628
2.656400   0.146250  0.0008768  0.9879396
2.676400   0.141670  0.0008197  0.9887593
2.696400   0.137230  0.0007669  0.9895262
2.716400   0.132940  0.0007180  0.9902442
2.736400   0.128800  0.0006726  0.9909168
2.756400   0.124810  0.0006308  0.9915476
2.776400   0.120970  0.0005919  0.9921395
2.796400   0.117270  0.0005561  0.9926956
2.816400   0.113710  0.0005227  0.9932183
2.836400   0.110290  0.0004918  0.9937101
2.856400   0.107010  0.0004631  0.9941732
2.876400   0.103860  0.0004366  0.9946098
2.896400   0.100840  0.0004117  0.9950214
2.916400   0.097950  0.0003888  0.9954103
2.936400   0.095190  0.0003674  0.9957776
2.956400   0.092540  0.0003475  0.9961252
2.976400   0.090010  0.0003289  0.9964541
2.996400   0.087590  0.0003117  0.9967659
3.016400   0.085270  0.0002958  0.9970616
3.036400   0.083060  0.0002808  0.9973424
3.056400   0.080960  0.0002668  0.9976092
3.076400   0.078940  0.0002537  0.9978629
3.096400   0.077020  0.0002415  0.9981045
3.116400   0.075190  0.0002302  0.9983347
3.136400   0.073440  0.0002195  0.9985542
3.156400   0.071780  0.0002096  0.9987638
3.176400   0.070190  0.0002003  0.9989640
3.196400   0.068680  0.0001916  0.9991556
3.216400   0.067240  0.0001833  0.9993389
3.236400   0.065870  0.0001756  0.9995145
3.256400   0.064560  0.0001685  0.9996830
3.276400   0.063320  0.0001616  0.9998446
3.296400   0.062140  0.0001554  1.0000000
