1.086380   0.000010  0.0000002  0.0000002
1.106380   0.000160  0.0000019  0.0000021
1.126380   0.000580  0.0000080  0.0000101
1.146380   0.001370  0.0000217  0.0000318
1.166380   0.002620  0.0000470  0.0000788
1.186380   0.004350  0.0000896  0.0001684
1.206380   0.006580  0.0001566  0.0003250
1.226380   0.009290  0.0002575  0.0005825
1.246380   0.012470  0.0004061  0.0009886
1.266380   0.016110  0.0006225  0.0016111
1.286380   0.020190  0.0009382  0.0025494
1.306380   0.024770  0.0014033  0.0039527
1.326380   0.029940  0.0021035  0.0060562
1.346380   0.035840  0.0031874  0.0092435
1.366380   0.042540  0.0049050  0.0141485
1.386380   0.049890  0.0076790  0.0218275
1.406380   0.057750  0.0122805  0.0341080
1.426380   0.066060  0.0201805  0.0542885
1.446380   0.074860  0.0340748  0.0883633
1.466380   0.084230  0.0576076  0.1459709
1.486380   0.094270  0.0889382  0.2349091
1.506380   0.105090  0.1068698  0.3417789
1.526380   0.116820  0.0951487  0.4369276
1.546380   0.129650  0.0723518  0.5092793
1.566380   0.143810  0.0536854  0.5629647
1.586380   0.159620  0.0409565  0.6039213
1.606380   0.177560  0.0324796  0.6364008
1.626380   0.198300  0.0267189  0.6631197
1.646380   0.222750  0.0226845  0.6858042
1.666380   0.251980  0.0197691  0.7055733
1.686380   0.286860  0.0175870  0.7231602
1.706380   0.327120  0.0158840  0.7390443
1.726380   0.370620  0.0144974  0.7535417
1.746380   0.413920  0.0133345  0.7668762
1.766380   0.453980  0.0123451  0.7792213
1.786380   0.489050  0.0114956  0.7907168
1.806380   0.518510  0.0107589  0.8014757
1.826380   0.542400  0.0101116  0.8115873
1.846380   0.561070  0.0095347  0.8211220
1.866380   0.574980  0.0090126  0.8301346
1.886380   0.584660  0.0085337  0.8386684
1.906380   0.590580  0.0080888  0.8467572
1.926380   0.593230  0.0076710  0.8544282
1.946380   0.593030  0.0072754  0.8617036
1.966380   0.590400  0.0068982  0.8686019
1.986380   0.585690  0.0065371  0.8751390
2.006380   0.579240  0.0061905  0.8813295
2.026380   0.571340  0.0058572  0.8871867
2.046380   0.562270  0.0055368  0.8927235
2.066380   0.552250  0.0052289  0.8979524
2.086380   0.541490  0.0049337  0.9028861
2.106380   0.530190  0.0046512  0.9075373
2.126380   0.518500  0.0043815  0.9119187
2.146380   0.506570  0.0041246  0.9160433
2.166380   0.494500  0.0038807  0.9199240
2.186380   0.482410  0.0036498  0.9235738
2.206380   0.470380  0.0034317  0.9270055
2.226380   0.458490  0.0032260  0.9302314
2.246380   0.446800  0.0030326  0.9332641
2.266380   0.435350  0.0028512  0.9361153
2.286380   0.424190  0.0026814  0.9387967
2.306380   0.413340  0.0025223  0.9413191
2.326380   0.402840  0.0023740  0.9436930
2.346380   0.392700  0.0022355  0.9459285
2.366380   0.382930  0.0021066  0.9480351
2.386380   0.373540  0.0019865  0.9500216
2.406380   0.364540  0.0018748  0.9518964
2.426380   0.355910  0.0017708  0.9536672
2.446380   0.347670  0.0016741  0.9553413
2.466380   0.339810  0.0015843  0.9569256
2.486380   0.332320  0.0015007  0.9584263
2.506380   0.325180  0.0014229  0.9598492
2.526380   0.318400  0.0013507  0.9612000
2.546380   0.311960  0.0012837  0.9624836
2.566380   0.305850  0.0012209  0.9637045
2.586380   0.300060  0.0011627  0.9648673
2.606380   0.294570  0.0011085  0.9659758
2.626380   0.289380  0.0010579  0.9670337
2.646380   0.284470  0.0010109  0.9680445
2.666380   0.279830  0.0009669  0.9690115
2.686380   0.275450  0.0009257  0.9699371
2.706380   0.271310  0.0008873  0.9708244
2.726380   0.267410  0.0008514  0.9716758
2.746380   0.263730  0.0008177  0.9724935
2.766380   0.260260  0.0007862  0.9732797
2.786380   0.257000  0.0007567  0.9740363
2.806380   0.253920  0.0007288  0.9747651
2.826380   0.251030  0.0007028  0.9754679
2.846380   0.248310  0.0006782  0.9761462
2.866380   0.245750  0.0006551  0.9768013
2.886380   0.243340  0.0006333  0.9774346
2.906380   0.241080  0.0006126  0.9780472
2.926380   0.238960  0.0005932  0.9786404
2.946380   0.236960  0.0005751  0.9792155
2.966380   0.235090  0.0005575  0.9797731
2.986380   0.233340  0.0005412  0.9803143
3.006380   0.231690  0.0005256  0.9808399
3.026380   0.230150  0.0005109  0.9813508
3.046380   0.228710  0.0004969  0.9818476
3.066380   0.227350  0.0004835  0.9823311
3.086380   0.226090  0.0004709  0.9828020
3.106380   0.224900  0.0004587  0.9832607
3.126380   0.223800  0.0004471  0.9837078
3.146380   0.222760  0.0004362  0.9841440
3.166380   0.221790  0.0004257  0.9845697
3.186380   0.220890  0.0004156  0.9849853
3.206380   0.220050  0.0004061  0.9853914
3.226380   0.219270  0.0003968  0.9857882
3.246380   0.218540  0.0003881  0.9861763
3.266380   0.217860  0.0003797  0.9865560
3.286380   0.217230  0.0003714  0.9869274
3.306380   0.216650  0.0003638  0.9872912
3.326380   0.216100  0.0003561  0.9876473
3.346380   0.215600  0.0003491  0.9879964
3.366380   0.215140  0.0003421  0.9883385
3.386380   0.214710  0.0003355  0.9886741
3.406380   0.214320  0.0003291  0.9890032
3.426380   0.213950  0.0003229  0.9893261
3.446380   0.213620  0.0003169  0.9896430
3.466380   0.213310  0.0003112  0.9899542
3.486380   0.213030  0.0003056  0.9902598
3.506380   0.212770  0.0003000  0.9905598
3.526380   0.212540  0.0002949  0.9908547
3.546380   0.212320  0.0002899  0.9911446
3.566380   0.212130  0.0002850  0.9914296
3.586380   0.211960  0.0002802  0.9917098
3.606380   0.211800  0.0002755  0.9919852
3.626380   0.211660  0.0002711  0.9922564
3.646380   0.211530  0.0002668  0.9925232
3.666380   0.211420  0.0002625  0.9927856
3.686380   0.211320  0.0002585  0.9930442
3.706380   0.211240  0.0002544  0.9932986
3.726380   0.211170  0.0002505  0.9935491
3.746380   0.211100  0.0002468  0.9937959
3.766380   0.211050  0.0002431  0.9940390
3.786380   0.211010  0.0002396  0.9942785
3.806380   0.210980  0.0002361  0.9945146
3.826380   0.210950  0.0002328  0.9947473
3.846380   0.210940  0.0002295  0.9949768
3.866380   0.210930  0.0002262  0.9952029
3.886380   0.210930  0.0002231  0.9954260
3.906380   0.210930  0.0002200  0.9956460
3.926380   0.210950  0.0002171  0.9958630
3.946380   0.210960  0.0002142  0.9960772
3.966380   0.210990  0.0002113  0.9962885
3.986380   0.211010  0.0002084  0.9964969
4.006380   0.211050  0.0002057  0.9967026
4.026380   0.211080  0.0002030  0.9969057
4.046380   0.211120  0.0002004  0.9971060
4.066380   0.211170  0.0001979  0.9973039
4.086380   0.211220  0.0001954  0.9974993
4.106380   0.211270  0.0001929  0.9976923
4.126380   0.211320  0.0001907  0.9978829
4.146380   0.211380  0.0001882  0.9980711
4.166380   0.211440  0.0001859  0.9982570
4.186380   0.211500  0.0001836  0.9984407
4.206380   0.211570  0.0001816  0.9986223
4.226380   0.211630  0.0001793  0.9988016
4.246380   0.211700  0.0001772  0.9989788
4.266380   0.211770  0.0001752  0.9991540
4.286380   0.211840  0.0001731  0.9993271
4.306380   0.211920  0.0001711  0.9994982
4.326380   0.211990  0.0001692  0.9996674
4.346380   0.212070  0.0001673  0.9998347
4.366380   0.212140  0.0001653  1.0000000
