1.230090   0.000010  0.0000000  0.0000000
1.250090   0.000020  0.0000000  0.0000000
1.270090   0.000030  0.0000000  0.0000000
1.290090   0.000060  0.0000002  0.0000002
1.310090   0.000100  0.0000004  0.0000006
1.330090   0.000180  0.0000006  0.0000012
1.350090   0.000320  0.0000010  0.0000023
1.370090   0.000560  0.0000020  0.0000043
1.390090   0.000970  0.0000037  0.0000080
1.410090   0.001620  0.0000068  0.0000147
1.430090   0.002600  0.0000117  0.0000264
1.450090   0.004000  0.0000192  0.0000457
1.470090   0.005890  0.0000305  0.0000762
1.490090   0.008320  0.0000463  0.0001225
1.510090   0.011360  0.0000682  0.0001907
1.530090   0.015030  0.0000975  0.0002881
1.550090   0.019360  0.0001356  0.0004237
1.570090   0.024360  0.0001847  0.0006084
1.590090   0.030040  0.0002470  0.0008554
1.610090   0.036410  0.0003252  0.0011806
1.630090   0.043480  0.0004229  0.0016034
1.650090   0.051290  0.0005445  0.0021480
1.670090   0.059930  0.0006961  0.0028440
1.690090   0.069530  0.0008855  0.0037295
1.710090   0.080320  0.0011247  0.0048542
1.730090   0.092790  0.0014320  0.0062862
1.750090   0.107840  0.0018387  0.0081249
1.770090   0.126410  0.0023851  0.0105100
1.790090   0.149300  0.0031194  0.0136295
1.810090   0.175800  0.0040653  0.0176948
1.830090   0.203150  0.0051955  0.0228904
1.850090   0.228790  0.0064719  0.0293623
1.870090   0.250390  0.0078505  0.0372128
1.890090   0.268390  0.0093518  0.0465646
1.910090   0.284880  0.0110400  0.0576046
1.930090   0.299710  0.0129271  0.0705317
1.950090   0.313300  0.0150363  0.0855681
1.970090   0.326500  0.0173879  0.1029559
1.990090   0.338550  0.0199552  0.1229111
2.010090   0.349500  0.0227122  0.1456233
2.030090   0.359740  0.0256041  0.1712275
2.050090   0.368590  0.0285524  0.1997799
2.070090   0.376120  0.0314566  0.2312365
2.090090   0.382770  0.0341671  0.2654036
2.110090   0.388140  0.0365530  0.3019566
2.130090   0.392410  0.0384569  0.3404135
2.150090   0.396070  0.0397061  0.3801195
2.170090   0.398820  0.0402452  0.4203648
2.190090   0.400890  0.0400358  0.4604005
2.210090   0.402770  0.0390890  0.4994896
2.230090   0.404120  0.0375599  0.5370495
2.250090   0.405200  0.0355836  0.5726331
2.270090   0.406420  0.0333027  0.6059358
2.290090   0.407390  0.0308998  0.6368356
2.310090   0.408300  0.0284848  0.6653204
2.330090   0.409490  0.0261384  0.6914588
2.350090   0.410370  0.0239329  0.7153917
2.370090   0.411070  0.0218908  0.7372826
2.390090   0.411680  0.0200216  0.7573041
2.410090   0.411620  0.0183235  0.7756276
2.430090   0.410960  0.0167840  0.7924116
2.450090   0.409690  0.0153894  0.8078010
2.470090   0.407400  0.0141214  0.8219224
2.490090   0.404250  0.0129670  0.8348894
2.510090   0.400240  0.0119130  0.8468024
2.530090   0.395240  0.0109464  0.8577488
2.550090   0.389390  0.0100593  0.8678081
2.570090   0.382800  0.0092439  0.8770520
2.590090   0.375540  0.0084938  0.8855457
2.610090   0.367670  0.0078028  0.8933486
2.630090   0.359350  0.0071676  0.9005162
2.650090   0.350650  0.0065833  0.9070995
2.670090   0.341720  0.0060472  0.9131467
2.690090   0.332620  0.0055553  0.9187020
2.710090   0.323450  0.0051048  0.9238069
2.730090   0.314250  0.0046926  0.9284994
2.750090   0.305130  0.0043158  0.9328152
2.770090   0.296130  0.0039720  0.9367872
2.790090   0.287310  0.0036584  0.9404456
2.810090   0.278660  0.0033724  0.9438180
2.830090   0.270250  0.0031117  0.9469296
2.850090   0.262110  0.0028743  0.9498040
2.870090   0.254230  0.0026579  0.9524618
2.890090   0.246650  0.0024611  0.9549229
2.910090   0.239350  0.0022815  0.9572044
2.930090   0.232360  0.0021181  0.9593225
2.950090   0.225670  0.0019688  0.9612912
2.970090   0.219270  0.0018328  0.9631240
2.990090   0.213160  0.0017087  0.9648327
3.010090   0.207350  0.0015953  0.9664280
3.030090   0.201810  0.0014914  0.9679194
3.050090   0.196540  0.0013964  0.9693158
3.070090   0.191560  0.0013096  0.9706254
3.090090   0.186810  0.0012299  0.9718553
3.110090   0.182310  0.0011566  0.9730119
3.130090   0.178050  0.0010894  0.9741014
3.150090   0.174020  0.0010278  0.9751292
3.170090   0.170200  0.0009709  0.9761001
3.190090   0.166600  0.0009184  0.9770185
3.210090   0.163180  0.0008699  0.9778884
3.230090   0.159960  0.0008253  0.9787137
3.250090   0.156910  0.0007839  0.9794976
3.270090   0.154040  0.0007456  0.9802432
3.290090   0.151330  0.0007100  0.9809532
3.310090   0.148770  0.0006770  0.9816302
3.330090   0.146360  0.0006465  0.9822767
3.350090   0.144080  0.0006180  0.9828947
3.370090   0.141940  0.0005914  0.9834862
3.390090   0.139920  0.0005666  0.9840528
3.410090   0.138010  0.0005435  0.9845963
3.430090   0.136220  0.0005220  0.9851183
3.450090   0.134530  0.0005017  0.9856200
3.470090   0.132930  0.0004829  0.9861029
3.490090   0.131440  0.0004651  0.9865679
3.510090   0.130020  0.0004485  0.9870164
3.530090   0.128690  0.0004327  0.9874491
3.550090   0.127440  0.0004180  0.9878671
3.570090   0.126260  0.0004040  0.9882711
3.590090   0.125150  0.0003909  0.9886620
3.610090   0.124110  0.0003784  0.9890405
3.630090   0.123130  0.0003668  0.9894072
3.650090   0.122210  0.0003557  0.9897629
3.670090   0.121340  0.0003453  0.9901082
3.690090   0.120530  0.0003352  0.9904434
3.710090   0.119760  0.0003258  0.9907692
3.730090   0.119050  0.0003168  0.9910860
3.750090   0.118370  0.0003082  0.9913942
3.770090   0.117740  0.0003002  0.9916944
3.790090   0.117140  0.0002924  0.9919869
3.810090   0.116580  0.0002851  0.9922719
3.830090   0.116060  0.0002779  0.9925498
3.850090   0.115570  0.0002713  0.9928212
3.870090   0.115110  0.0002648  0.9930859
3.890090   0.114680  0.0002586  0.9933446
3.910090   0.114280  0.0002527  0.9935973
3.930090   0.113910  0.0002472  0.9938444
3.950090   0.113550  0.0002416  0.9940861
3.970090   0.113230  0.0002365  0.9943226
3.990090   0.112920  0.0002316  0.9945542
4.010090   0.112640  0.0002267  0.9947809
4.030090   0.112370  0.0002222  0.9950031
4.050090   0.112120  0.0002177  0.9952208
4.070090   0.111890  0.0002134  0.9954342
4.090090   0.111680  0.0002093  0.9956435
4.110090   0.111480  0.0002054  0.9958489
4.130090   0.111300  0.0002015  0.9960504
4.150090   0.111130  0.0001978  0.9962482
4.170090   0.110970  0.0001941  0.9964423
4.190090   0.110830  0.0001907  0.9966330
4.210090   0.110700  0.0001874  0.9968203
4.230090   0.110580  0.0001841  0.9970044
4.250090   0.110470  0.0001810  0.9971855
4.270090   0.110370  0.0001780  0.9973634
4.290090   0.110270  0.0001751  0.9975385
4.310090   0.110190  0.0001722  0.9977107
4.330090   0.110120  0.0001694  0.9978801
4.350090   0.110050  0.0001667  0.9980468
4.370090   0.109990  0.0001640  0.9982108
4.390090   0.109940  0.0001616  0.9983724
4.410090   0.109890  0.0001591  0.9985315
4.430090   0.109860  0.0001567  0.9986882
4.450090   0.109820  0.0001544  0.9988426
4.470090   0.109790  0.0001519  0.9989945
4.490090   0.109770  0.0001499  0.9991444
4.510090   0.109750  0.0001476  0.9992921
4.530090   0.109740  0.0001456  0.9994377
4.550090   0.109730  0.0001436  0.9995812
4.570090   0.109730  0.0001415  0.9997227
4.590090   0.109730  0.0001397  0.9998624
4.610090   0.109730  0.0001376  1.0000000
