0.866050   0.000020  0.0000000  0.0000000
0.886050   0.000040  0.0000000  0.0000000
0.906050   0.000060  0.0000000  0.0000000
0.926050   0.000090  0.0000002  0.0000002
0.946050   0.000140  0.0000002  0.0000004
0.966050   0.000200  0.0000002  0.0000006
0.986050   0.000300  0.0000004  0.0000010
1.006050   0.000430  0.0000006  0.0000017
1.026050   0.000620  0.0000010  0.0000027
1.046050   0.000880  0.0000017  0.0000043
1.066050   0.001260  0.0000025  0.0000068
1.086050   0.001790  0.0000037  0.0000105
1.106050   0.002550  0.0000056  0.0000161
1.126050   0.003630  0.0000085  0.0000246
1.146050   0.005200  0.0000130  0.0000375
1.166050   0.007450  0.0000198  0.0000574
1.186050   0.010710  0.0000307  0.0000881
1.206050   0.015400  0.0000472  0.0001353
1.226050   0.022150  0.0000732  0.0002086
1.246050   0.031840  0.0001131  0.0003216
1.266050   0.045680  0.0001745  0.0004962
1.286050   0.065320  0.0002688  0.0007650
1.306050   0.092990  0.0004122  0.0011772
1.326050   0.131660  0.0006284  0.0018056
1.346050   0.185210  0.0009497  0.0027553
1.366050   0.258540  0.0014159  0.0041712
1.386050   0.357140  0.0020627  0.0062339
1.406050   0.485190  0.0028877  0.0091217
1.426050   0.640900  0.0037999  0.0129215
1.446050   0.810630  0.0046234  0.0175450
1.466050   0.968660  0.0052279  0.0227729
1.486050   1.088050  0.0056298  0.0284027
1.506050   1.154770  0.0059290  0.0343317
1.526050   1.171540  0.0062096  0.0405413
1.546050   1.150550  0.0065137  0.0470550
1.566050   1.104940  0.0068568  0.0539118
1.586050   1.044520  0.0072444  0.0611562
1.606050   0.975640  0.0076802  0.0688364
1.626050   0.902600  0.0081673  0.0770036
1.646050   0.828730  0.0087101  0.0857137
1.666050   0.756750  0.0093146  0.0950283
1.686050   0.688790  0.0099904  0.1050187
1.706050   0.626240  0.0107526  0.1157713
1.726050   0.569880  0.0116230  0.1273943
1.746050   0.519940  0.0126323  0.1400265
1.766050   0.476280  0.0138198  0.1538463
1.786050   0.438430  0.0152368  0.1690831
1.806050   0.405960  0.0169456  0.1860287
1.826050   0.378150  0.0190222  0.2050509
1.846050   0.354440  0.0215538  0.2266047
1.866050   0.334210  0.0246347  0.2512394
1.886050   0.316960  0.0283479  0.2795872
1.906050   0.302190  0.0327303  0.3123176
1.926050   0.289480  0.0377027  0.3500202
1.946050   0.278480  0.0429624  0.3929826
1.966050   0.268890  0.0478798  0.4408625
1.986050   0.260460  0.0515113  0.4923738
2.006050   0.252960  0.0528872  0.5452610
2.026050   0.246250  0.0515136  0.5967746
2.046050   0.240180  0.0477152  0.6444898
2.066050   0.234630  0.0424210  0.6869108
2.086050   0.229530  0.0366527  0.7235636
2.106050   0.224790  0.0311438  0.7547074
2.126050   0.220380  0.0262666  0.7809740
2.146050   0.216250  0.0221300  0.8031040
2.166050   0.212350  0.0187005  0.8218045
2.186050   0.208690  0.0158864  0.8376909
2.206050   0.205220  0.0135836  0.8512745
2.226050   0.201940  0.0116962  0.8629708
2.246050   0.198840  0.0101429  0.8731137
2.266050   0.195900  0.0088570  0.8819706
2.286050   0.193130  0.0077858  0.8897564
2.306050   0.190520  0.0068875  0.8966439
2.326050   0.188050  0.0061293  0.9027733
2.346050   0.185730  0.0054852  0.9082585
2.366050   0.183560  0.0049346  0.9131930
2.386050   0.181520  0.0044611  0.9176541
2.406050   0.179610  0.0040516  0.9217057
2.426050   0.177830  0.0036955  0.9254011
2.446050   0.176180  0.0033845  0.9287857
2.466050   0.174660  0.0031118  0.9318975
2.486050   0.173260  0.0028712  0.9347687
2.506050   0.171980  0.0026583  0.9374271
2.526050   0.170810  0.0024691  0.9398962
2.546050   0.169740  0.0023002  0.9421964
2.566050   0.168770  0.0021487  0.9443451
2.586050   0.167900  0.0020128  0.9463579
2.606050   0.167100  0.0018900  0.9482479
2.626050   0.166390  0.0017790  0.9500269
2.646050   0.165750  0.0016781  0.9517051
2.666050   0.165190  0.0015863  0.9532914
2.686050   0.164690  0.0015026  0.9547940
2.706050   0.164250  0.0014258  0.9562198
2.726050   0.163870  0.0013553  0.9575751
2.746050   0.163540  0.0012905  0.9588655
2.766050   0.163260  0.0012309  0.9600964
2.786050   0.163030  0.0011756  0.9612720
2.806050   0.162840  0.0011244  0.9623964
2.826050   0.162690  0.0010769  0.9634733
2.846050   0.162580  0.0010328  0.9645061
2.866050   0.162500  0.0009915  0.9654976
2.886050   0.162460  0.0009532  0.9664508
2.906050   0.162450  0.0009173  0.9673681
2.926050   0.162460  0.0008836  0.9682517
2.946050   0.162500  0.0008521  0.9691038
2.966050   0.162570  0.0008224  0.9699261
2.986050   0.162650  0.0007945  0.9707206
3.006050   0.162750  0.0007683  0.9714889
3.026050   0.162880  0.0007433  0.9722323
3.046050   0.163010  0.0007200  0.9729523
3.066050   0.163170  0.0006977  0.9736501
3.086050   0.163330  0.0006767  0.9743268
3.106050   0.163510  0.0006567  0.9749834
3.126050   0.163700  0.0006377  0.9756212
3.146050   0.163900  0.0006198  0.9762409
3.166050   0.164110  0.0006026  0.9768436
3.186050   0.164320  0.0005863  0.9774299
3.206050   0.164550  0.0005707  0.9780006
3.226050   0.164780  0.0005558  0.9785564
3.246050   0.165010  0.0005416  0.9790979
3.266050   0.165250  0.0005280  0.9796259
3.286050   0.165500  0.0005150  0.9801408
3.306050   0.165750  0.0005024  0.9806432
3.326050   0.166000  0.0004904  0.9811336
3.346050   0.166250  0.0004791  0.9816127
3.366050   0.166510  0.0004679  0.9820806
3.386050   0.166770  0.0004574  0.9825380
3.406050   0.167030  0.0004473  0.9829853
3.426050   0.167290  0.0004374  0.9834226
3.446050   0.167560  0.0004281  0.9838507
3.466050   0.167820  0.0004188  0.9842695
3.486050   0.168080  0.0004101  0.9846797
3.506050   0.168350  0.0004017  0.9850814
3.526050   0.168610  0.0003934  0.9854748
3.546050   0.168870  0.0003856  0.9858604
3.566050   0.169140  0.0003780  0.9862384
3.586050   0.169400  0.0003707  0.9866091
3.606050   0.169660  0.0003635  0.9869726
3.626050   0.169920  0.0003567  0.9873294
3.646050   0.170180  0.0003499  0.9876793
3.666050   0.170430  0.0003435  0.9880228
3.686050   0.170690  0.0003373  0.9883601
3.706050   0.170940  0.0003311  0.9886912
3.726050   0.171200  0.0003254  0.9890166
3.746050   0.171450  0.0003196  0.9893362
3.766050   0.171690  0.0003140  0.9896502
3.786050   0.171940  0.0003086  0.9899588
3.806050   0.172190  0.0003035  0.9902623
3.826050   0.172430  0.0002983  0.9905606
3.846050   0.172670  0.0002934  0.9908540
3.866050   0.172910  0.0002886  0.9911426
3.886050   0.173140  0.0002839  0.9914265
3.906050   0.173380  0.0002793  0.9917059
3.926050   0.173610  0.0002750  0.9919809
3.946050   0.173840  0.0002707  0.9922515
3.966050   0.174070  0.0002663  0.9925179
3.986050   0.174290  0.0002624  0.9927803
4.006050   0.174520  0.0002583  0.9930386
4.026050   0.174740  0.0002544  0.9932930
4.046050   0.174960  0.0002507  0.9935437
4.066050   0.175170  0.0002470  0.9937906
4.086050   0.175390  0.0002434  0.9940341
4.106050   0.175600  0.0002397  0.9942738
4.126050   0.175810  0.0002364  0.9945102
4.146050   0.176020  0.0002329  0.9947432
4.166050   0.176220  0.0002298  0.9949730
4.186050   0.176420  0.0002265  0.9951995
4.206050   0.176620  0.0002234  0.9954230
4.226050   0.176820  0.0002203  0.9956433
4.246050   0.177020  0.0002172  0.9958606
4.266050   0.177210  0.0002144  0.9960749
4.286050   0.177400  0.0002115  0.9962864
4.306050   0.177590  0.0002088  0.9964952
4.326050   0.177780  0.0002061  0.9967013
4.346050   0.177970  0.0002034  0.9969047
4.366050   0.178150  0.0002007  0.9971054
4.386050   0.178330  0.0001981  0.9973035
4.406050   0.178510  0.0001956  0.9974991
4.426050   0.178690  0.0001931  0.9976922
4.446050   0.178860  0.0001908  0.9978830
4.466050   0.179030  0.0001884  0.9980714
4.486050   0.179200  0.0001861  0.9982575
4.506050   0.179370  0.0001838  0.9984413
4.526050   0.179540  0.0001816  0.9986229
4.546050   0.179710  0.0001793  0.9988022
4.566050   0.179870  0.0001772  0.9989794
4.586050   0.180030  0.0001752  0.9991545
4.606050   0.180190  0.0001731  0.9993276
4.626050   0.180350  0.0001710  0.9994987
4.646050   0.180500  0.0001690  0.9996676
4.666050   0.180660  0.0001671  0.9998347
4.686050   0.180810  0.0001653  1.0000000
