1.076000   0.000070  0.0000006  0.0000006
1.096000   0.012230  0.0001403  0.0001409
1.116000   0.017400  0.0002240  0.0003649
1.136000   0.021420  0.0003107  0.0006755
1.156000   0.024820  0.0004074  0.0010829
1.176000   0.027820  0.0005196  0.0016025
1.196000   0.030530  0.0006523  0.0022548
1.216000   0.033000  0.0008124  0.0030672
1.236000   0.035280  0.0010084  0.0040756
1.256000   0.037420  0.0012521  0.0053277
1.276000   0.039440  0.0015604  0.0068881
1.296000   0.041370  0.0019582  0.0088462
1.316000   0.043240  0.0024825  0.0113288
1.336000   0.045080  0.0031912  0.0145199
1.356000   0.046920  0.0041773  0.0186973
1.376000   0.048820  0.0055996  0.0242969
1.396000   0.050820  0.0077390  0.0320359
1.416000   0.052990  0.0111293  0.0431652
1.436000   0.055380  0.0168536  0.0600188
1.456000   0.058080  0.0272866  0.0873054
1.476000   0.061170  0.0479159  0.1352213
1.496000   0.102510  0.0834550  0.2186763
1.516000   0.133660  0.0888729  0.3075493
1.536000   0.156370  0.0788705  0.3864198
1.556000   0.175680  0.0650121  0.4514319
1.576000   0.192990  0.0526584  0.5040904
1.596000   0.208910  0.0429391  0.5470294
1.616000   0.223740  0.0355423  0.5825717
1.636000   0.237680  0.0299119  0.6124837
1.656000   0.250850  0.0255717  0.6380554
1.676000   0.263330  0.0221706  0.6602260
1.696000   0.275170  0.0194593  0.6796853
1.716000   0.286400  0.0172620  0.6969473
1.736000   0.297030  0.0154544  0.7124017
1.756000   0.307080  0.0139459  0.7263476
1.776000   0.316530  0.0126710  0.7390187
1.796000   0.325380  0.0115812  0.7505999
1.816000   0.333620  0.0106394  0.7612393
1.836000   0.341260  0.0098182  0.7710575
1.856000   0.348290  0.0090955  0.7801530
1.876000   0.354730  0.0084552  0.7886082
1.896000   0.360580  0.0078835  0.7964917
1.916000   0.365880  0.0073702  0.8038619
1.936000   0.370630  0.0069067  0.8107686
1.956000   0.374880  0.0064863  0.8172549
1.976000   0.378640  0.0061035  0.8233584
1.996000   0.381960  0.0057535  0.8291119
2.016000   0.384850  0.0054321  0.8345440
2.036000   0.387360  0.0051367  0.8396807
2.056000   0.389520  0.0048642  0.8445449
2.076000   0.391350  0.0046121  0.8491570
2.096000   0.392890  0.0043785  0.8535356
2.116000   0.394170  0.0041619  0.8576974
2.136000   0.395200  0.0039603  0.8616577
2.156000   0.396020  0.0037725  0.8654302
2.176000   0.396650  0.0035975  0.8690277
2.196000   0.397120  0.0034338  0.8724614
2.216000   0.397440  0.0032810  0.8757424
2.236000   0.397620  0.0031378  0.8788802
2.256000   0.397700  0.0030036  0.8818838
2.276000   0.397690  0.0028776  0.8847613
2.296000   0.397590  0.0027595  0.8875208
2.316000   0.397430  0.0026483  0.8901692
2.336000   0.397210  0.0025437  0.8927128
2.356000   0.396940  0.0024453  0.8951581
2.376000   0.396640  0.0023525  0.8975107
2.396000   0.396320  0.0022650  0.8997757
2.416000   0.395970  0.0021824  0.9019580
2.436000   0.395610  0.0021043  0.9040623
2.456000   0.395250  0.0020304  0.9060927
2.476000   0.394880  0.0019607  0.9080534
2.496000   0.394520  0.0018943  0.9099477
2.516000   0.394160  0.0018317  0.9117794
2.536000   0.393820  0.0017723  0.9135516
2.556000   0.393480  0.0017157  0.9152674
2.576000   0.393170  0.0016621  0.9169295
2.596000   0.392870  0.0016111  0.9185406
2.616000   0.392590  0.0015627  0.9201033
2.636000   0.392320  0.0015164  0.9216197
2.656000   0.392090  0.0014725  0.9230922
2.676000   0.391870  0.0014306  0.9245228
2.696000   0.391670  0.0013906  0.9259135
2.716000   0.391500  0.0013525  0.9272660
2.736000   0.391350  0.0013159  0.9285819
2.756000   0.391220  0.0012812  0.9298631
2.776000   0.391110  0.0012477  0.9311107
2.796000   0.391030  0.0012158  0.9323266
2.816000   0.390960  0.0011853  0.9335118
2.836000   0.390920  0.0011560  0.9346678
2.856000   0.390900  0.0011279  0.9357957
2.876000   0.390900  0.0011009  0.9368966
2.896000   0.390910  0.0010750  0.9379716
2.916000   0.390950  0.0010500  0.9390216
2.936000   0.391000  0.0010262  0.9400478
2.956000   0.391070  0.0010031  0.9410509
2.976000   0.391160  0.0009810  0.9420319
2.996000   0.391260  0.0009596  0.9429915
3.016000   0.391370  0.0009391  0.9439306
3.036000   0.391500  0.0009192  0.9448498
3.056000   0.391640  0.0009002  0.9457500
3.076000   0.391790  0.0008817  0.9466317
3.096000   0.391960  0.0008637  0.9474954
3.116000   0.392130  0.0008466  0.9483420
3.136000   0.392320  0.0008300  0.9491720
3.156000   0.392510  0.0008139  0.9499859
3.176000   0.392720  0.0007982  0.9507841
3.196000   0.392930  0.0007831  0.9515673
3.216000   0.393150  0.0007687  0.9523360
3.236000   0.393370  0.0007545  0.9530904
3.256000   0.393610  0.0007408  0.9538313
3.276000   0.393840  0.0007275  0.9545587
3.296000   0.394090  0.0007145  0.9552732
3.316000   0.394340  0.0007021  0.9559753
3.336000   0.394590  0.0006900  0.9566653
3.356000   0.394850  0.0006780  0.9573433
3.376000   0.395110  0.0006665  0.9580099
3.396000   0.395370  0.0006554  0.9586653
3.416000   0.395640  0.0006446  0.9593099
3.436000   0.395910  0.0006341  0.9599439
3.456000   0.396180  0.0006238  0.9605678
3.476000   0.396450  0.0006138  0.9611815
3.496000   0.396730  0.0006042  0.9617857
3.516000   0.397000  0.0005947  0.9623804
3.536000   0.397280  0.0005855  0.9629659
3.556000   0.397560  0.0005765  0.9635425
3.576000   0.397830  0.0005677  0.9641102
3.596000   0.398110  0.0005591  0.9646693
3.616000   0.398390  0.0005508  0.9652201
3.636000   0.398670  0.0005428  0.9657629
3.656000   0.398940  0.0005349  0.9662978
3.676000   0.399220  0.0005271  0.9668249
3.696000   0.399500  0.0005196  0.9673445
3.716000   0.399770  0.0005120  0.9678565
3.736000   0.400050  0.0005049  0.9683614
3.756000   0.400320  0.0004978  0.9688592
3.776000   0.400590  0.0004909  0.9693501
3.796000   0.400860  0.0004842  0.9698343
3.816000   0.401130  0.0004777  0.9703121
3.836000   0.401400  0.0004712  0.9707833
3.856000   0.401660  0.0004649  0.9712482
3.876000   0.401930  0.0004589  0.9717071
3.896000   0.402190  0.0004528  0.9721599
3.916000   0.402450  0.0004469  0.9726068
3.936000   0.402710  0.0004411  0.9730479
3.956000   0.402970  0.0004354  0.9734833
3.976000   0.403220  0.0004298  0.9739131
3.996000   0.403470  0.0004245  0.9743376
4.016000   0.403730  0.0004191  0.9747567
4.036000   0.403970  0.0004139  0.9751706
4.056000   0.404220  0.0004088  0.9755794
4.076000   0.404470  0.0004038  0.9759832
4.096000   0.404710  0.0003990  0.9763822
4.116000   0.404950  0.0003942  0.9767764
4.136000   0.405190  0.0003894  0.9771658
4.156000   0.405420  0.0003848  0.9775506
4.176000   0.405660  0.0003802  0.9779307
4.196000   0.405890  0.0003758  0.9783065
4.216000   0.406120  0.0003714  0.9786778
4.236000   0.406340  0.0003670  0.9790448
4.256000   0.406570  0.0003628  0.9794076
4.276000   0.406790  0.0003588  0.9797664
4.296000   0.407010  0.0003546  0.9801210
4.316000   0.407230  0.0003506  0.9804717
4.336000   0.407450  0.0003467  0.9808183
4.356000   0.407660  0.0003429  0.9811612
4.376000   0.407870  0.0003391  0.9815003
4.396000   0.408080  0.0003354  0.9818357
4.416000   0.408290  0.0003318  0.9821675
4.436000   0.408500  0.0003282  0.9824958
4.456000   0.408700  0.0003247  0.9828204
4.476000   0.408900  0.0003211  0.9831416
4.496000   0.409100  0.0003178  0.9834593
4.516000   0.409290  0.0003144  0.9837738
4.536000   0.409490  0.0003111  0.9840848
4.556000   0.409680  0.0003079  0.9843928
4.576000   0.409870  0.0003046  0.9846974
4.596000   0.410060  0.0003017  0.9849990
4.616000   0.410250  0.0002985  0.9852975
4.636000   0.410430  0.0002954  0.9855929
4.656000   0.410620  0.0002924  0.9858854
4.676000   0.410800  0.0002895  0.9861749
4.696000   0.410970  0.0002866  0.9864615
4.716000   0.411150  0.0002839  0.9867453
4.736000   0.411330  0.0002809  0.9870263
4.756000   0.411500  0.0002782  0.9873045
4.776000   0.411670  0.0002755  0.9875800
4.796000   0.411840  0.0002728  0.9878527
4.816000   0.412010  0.0002703  0.9881230
4.836000   0.412170  0.0002675  0.9883905
4.856000   0.412340  0.0002650  0.9886555
4.876000   0.412500  0.0002625  0.9889180
4.896000   0.412660  0.0002600  0.9891780
4.916000   0.412820  0.0002575  0.9894355
4.936000   0.412970  0.0002552  0.9896907
4.956000   0.413130  0.0002529  0.9899436
4.976000   0.413280  0.0002504  0.9901940
4.996000   0.413430  0.0002481  0.9904420
5.016000   0.413590  0.0002458  0.9906878
5.036000   0.413730  0.0002437  0.9909315
5.056000   0.413880  0.0002414  0.9911728
5.076000   0.414030  0.0002393  0.9914121
5.096000   0.414170  0.0002372  0.9916493
5.116000   0.414310  0.0002349  0.9918842
5.136000   0.414450  0.0002330  0.9921172
5.156000   0.414590  0.0002309  0.9923481
5.176000   0.414730  0.0002288  0.9925769
5.196000   0.414870  0.0002267  0.9928036
5.216000   0.415000  0.0002248  0.9930284
5.236000   0.415140  0.0002229  0.9932513
5.256000   0.415270  0.0002209  0.9934722
5.276000   0.415400  0.0002190  0.9936912
5.296000   0.415530  0.0002171  0.9939083
5.316000   0.415660  0.0002154  0.9941237
5.336000   0.415780  0.0002135  0.9943372
5.356000   0.415910  0.0002116  0.9945488
5.376000   0.416030  0.0002100  0.9947588
5.396000   0.416150  0.0002083  0.9949671
5.416000   0.416270  0.0002064  0.9951735
5.436000   0.416400  0.0002047  0.9953782
5.456000   0.416510  0.0002031  0.9955813
5.476000   0.416630  0.0002014  0.9957827
5.496000   0.416750  0.0001997  0.9959824
5.516000   0.416860  0.0001982  0.9961806
5.536000   0.416980  0.0001966  0.9963772
5.556000   0.417090  0.0001949  0.9965721
5.576000   0.417200  0.0001934  0.9967655
5.596000   0.417310  0.0001918  0.9969573
5.616000   0.417420  0.0001903  0.9971476
5.636000   0.417530  0.0001888  0.9973364
5.656000   0.417640  0.0001874  0.9975237
5.676000   0.417740  0.0001859  0.9977096
5.696000   0.417850  0.0001844  0.9978941
5.716000   0.417950  0.0001830  0.9980770
5.736000   0.418060  0.0001815  0.9982585
5.756000   0.418160  0.0001802  0.9984388
5.776000   0.418260  0.0001788  0.9986175
5.796000   0.418360  0.0001775  0.9987950
5.816000   0.418460  0.0001761  0.9989711
5.836000   0.418550  0.0001748  0.9991459
5.856000   0.418650  0.0001733  0.9993192
5.876000   0.418750  0.0001721  0.9994913
5.896000   0.418840  0.0001708  0.9996621
5.916000   0.418940  0.0001696  0.9998317
5.936000   0.419030  0.0001683  1.0000000
