1.076920   0.000010  0.0000000  0.0000000
1.096920   0.001030  0.0000037  0.0000037
1.116920   0.002630  0.0000100  0.0000137
1.136920   0.004480  0.0000184  0.0000321
1.156920   0.006430  0.0000286  0.0000607
1.176920   0.008390  0.0000400  0.0001007
1.196920   0.010340  0.0000533  0.0001540
1.216920   0.012230  0.0000680  0.0002221
1.236920   0.014050  0.0000846  0.0003067
1.256920   0.015800  0.0001028  0.0004094
1.276920   0.017490  0.0001232  0.0005326
1.296920   0.019120  0.0001463  0.0006789
1.316920   0.020730  0.0001724  0.0008514
1.336920   0.022370  0.0002025  0.0010538
1.356920   0.024120  0.0002382  0.0012920
1.376920   0.026060  0.0002815  0.0015736
1.396920   0.028240  0.0003345  0.0019080
1.416920   0.030670  0.0003990  0.0023070
1.436920   0.033340  0.0004779  0.0027849
1.456920   0.036250  0.0005745  0.0033594
1.476920   0.039440  0.0006930  0.0040524
1.496920   0.042930  0.0008395  0.0048919
1.516920   0.046790  0.0010226  0.0059145
1.536920   0.051090  0.0012532  0.0071677
1.556920   0.055900  0.0015466  0.0087143
1.576920   0.061310  0.0019236  0.0106379
1.596920   0.067430  0.0024125  0.0130504
1.616920   0.074350  0.0030530  0.0161033
1.636920   0.082180  0.0038998  0.0200032
1.656920   0.090940  0.0050241  0.0250273
1.676920   0.100570  0.0065182  0.0315455
1.696920   0.111550  0.0085466  0.0400922
1.716920   0.123860  0.0112958  0.0513879
1.736920   0.137010  0.0149623  0.0663502
1.756920   0.151120  0.0198230  0.0861732
1.776920   0.166340  0.0261428  0.1123160
1.796920   0.182630  0.0339987  0.1463147
1.816920   0.199680  0.0430234  0.1893380
1.836920   0.217110  0.0522021  0.2415401
1.856920   0.234810  0.0599364  0.3014765
1.876920   0.253180  0.0645388  0.3660153
1.896920   0.273110  0.0650379  0.4310532
1.916920   0.296130  0.0616893  0.4927426
1.936920   0.324630  0.0556988  0.5484414
1.956920   0.362070  0.0484978  0.5969392
1.976920   0.413530  0.0411652  0.6381044
1.996920   0.487340  0.0342222  0.6723265
2.016920   0.598910  0.0277475  0.7000740
2.036920   0.780590  0.0215857  0.7216597
2.056920   1.110560  0.0155719  0.7372317
2.076920   1.780240  0.0099790  0.7472107
2.096920   2.997590  0.0060199  0.7532306
2.116920   4.549270  0.0039901  0.7572208
2.136920   6.064430  0.0029999  0.7602206
2.156920   7.370170  0.0024707  0.7626913
2.176920   8.425190  0.0021622  0.7648535
2.196920   9.237720  0.0019722  0.7668257
2.216920   9.831870  0.0018531  0.7686787
2.236920  10.235500  0.0017797  0.7704585
2.256920  10.475900  0.0017385  0.7721969
2.276920  10.578380  0.0017211  0.7739180
2.296920  10.565720  0.0017223  0.7756403
2.316920  10.458260  0.0017391  0.7773794
2.336920  10.273880  0.0017693  0.7791487
2.356920  10.028290  0.0018112  0.7809599
2.376920   9.735040  0.0018639  0.7828238
2.396920   9.405880  0.0019270  0.7847508
2.416920   9.050820  0.0020000  0.7867508
2.436920   8.678330  0.0020823  0.7888331
2.456920   8.295540  0.0021742  0.7910073
2.476920   7.908320  0.0022754  0.7932827
2.496920   7.521530  0.0023859  0.7956686
2.516920   7.139070  0.0025056  0.7981743
2.536920   6.764060  0.0026343  0.8008086
2.556920   6.398900  0.0027720  0.8035807
2.576920   6.045430  0.0029181  0.8064988
2.596920   5.704990  0.0030726  0.8095714
2.616920   5.378500  0.0032348  0.8128062
2.636920   5.066550  0.0034038  0.8162100
2.656920   4.769440  0.0035785  0.8197884
2.676920   4.487240  0.0037576  0.8235460
2.696920   4.219840  0.0039397  0.8274857
2.716920   3.967000  0.0041225  0.8316082
2.736920   3.728340  0.0043037  0.8359120
2.756920   3.503430  0.0044807  0.8403926
2.776920   3.291750  0.0046505  0.8450431
2.796920   3.092770  0.0048096  0.8498527
2.816920   2.905890  0.0049547  0.8548074
2.836920   2.730540  0.0050820  0.8598893
2.856920   2.566120  0.0051884  0.8650777
2.876920   2.412050  0.0052707  0.8703485
2.896920   2.267740  0.0053263  0.8756748
2.916920   2.132630  0.0053533  0.8810281
2.936920   2.006170  0.0053502  0.8863783
2.956920   1.887850  0.0053173  0.8916956
2.976920   1.777160  0.0052548  0.8969504
2.996920   1.673610  0.0051643  0.9021147
3.016920   1.576760  0.0050484  0.9071631
3.036920   1.486180  0.0049097  0.9120728
3.056920   1.401460  0.0047518  0.9168246
3.076920   1.322210  0.0045781  0.9214028
3.096920   1.248070  0.0043926  0.9257954
3.116920   1.178710  0.0041989  0.9299943
3.136920   1.113810  0.0039999  0.9339943
3.156920   1.053070  0.0037991  0.9377934
3.176920   0.996220  0.0035991  0.9413924
3.196920   0.942990  0.0034017  0.9447942
3.216920   0.893140  0.0032091  0.9480032
3.236920   0.846450  0.0030225  0.9510258
3.256920   0.802700  0.0028429  0.9538687
3.276920   0.761710  0.0026715  0.9565402
3.296920   0.723280  0.0025083  0.9590485
3.316920   0.687250  0.0023536  0.9614022
3.336920   0.653460  0.0022078  0.9636099
3.356920   0.621750  0.0020703  0.9656802
3.376920   0.591980  0.0019413  0.9676215
3.396920   0.564040  0.0018206  0.9694421
3.416920   0.537800  0.0017076  0.9711497
3.436920   0.513140  0.0016022  0.9727519
3.456920   0.489970  0.0015037  0.9742556
3.476920   0.468180  0.0014122  0.9756677
3.496920   0.447700  0.0013268  0.9769945
3.516920   0.428420  0.0012471  0.9782416
3.536920   0.410280  0.0011731  0.9794148
3.556920   0.393210  0.0011043  0.9805190
3.576920   0.377120  0.0010401  0.9815592
3.596920   0.361970  0.0009807  0.9825398
3.616920   0.347700  0.0009251  0.9834650
3.636920   0.334240  0.0008734  0.9843384
3.656920   0.321540  0.0008254  0.9851638
3.676920   0.309570  0.0007807  0.9859444
3.696920   0.298270  0.0007388  0.9866832
3.716920   0.287600  0.0007000  0.9873832
3.736920   0.277530  0.0006638  0.9880470
3.756920   0.268010  0.0006299  0.9886768
3.776920   0.259020  0.0005984  0.9892753
3.796920   0.250520  0.0005688  0.9898441
3.816920   0.242490  0.0005412  0.9903853
3.836920   0.234890  0.0005155  0.9909007
3.856920   0.227710  0.0004914  0.9913921
3.876920   0.220910  0.0004689  0.9918610
3.896920   0.214490  0.0004478  0.9923088
3.916920   0.208410  0.0004280  0.9927369
3.936920   0.202650  0.0004094  0.9931463
3.956920   0.197190  0.0003921  0.9935384
3.976920   0.192030  0.0003757  0.9939141
3.996920   0.187130  0.0003604  0.9942745
4.016920   0.182490  0.0003461  0.9946206
4.036920   0.178080  0.0003324  0.9949530
4.056920   0.173910  0.0003197  0.9952727
4.076920   0.169940  0.0003077  0.9955804
4.096920   0.166180  0.0002962  0.9958767
4.116920   0.162600  0.0002856  0.9961623
4.136920   0.159200  0.0002756  0.9964379
4.156920   0.155980  0.0002660  0.9967039
4.176920   0.152910  0.0002570  0.9969609
4.196920   0.149990  0.0002484  0.9972094
4.216920   0.147220  0.0002403  0.9974496
4.236920   0.144580  0.0002327  0.9976823
4.256920   0.142070  0.0002254  0.9979077
4.276920   0.139670  0.0002186  0.9981263
4.296920   0.137400  0.0002121  0.9983384
4.316920   0.135230  0.0002057  0.9985441
4.336920   0.133160  0.0001998  0.9987439
4.356920   0.131190  0.0001943  0.9989382
4.376920   0.129310  0.0001890  0.9991272
4.396920   0.127520  0.0001839  0.9993111
4.416920   0.125810  0.0001790  0.9994900
4.436920   0.124190  0.0001743  0.9996643
4.456920   0.122630  0.0001700  0.9998343
4.476920   0.121150  0.0001657  1.0000000
