1.076000   0.000040  0.0000002  0.0000002
1.096000   0.007850  0.0000606  0.0000608
1.116000   0.011180  0.0000955  0.0001563
1.136000   0.013760  0.0001301  0.0002864
1.156000   0.015940  0.0001678  0.0004542
1.176000   0.017870  0.0002100  0.0006642
1.196000   0.019610  0.0002580  0.0009223
1.216000   0.021200  0.0003140  0.0012362
1.236000   0.022660  0.0003794  0.0016157
1.256000   0.024030  0.0004573  0.0020730
1.276000   0.025320  0.0005507  0.0026237
1.296000   0.026550  0.0006646  0.0032883
1.316000   0.027760  0.0008057  0.0040940
1.336000   0.029000  0.0009849  0.0050789
1.356000   0.030370  0.0012190  0.0062979
1.376000   0.032010  0.0015362  0.0078341
1.396000   0.034110  0.0019848  0.0098189
1.416000   0.036880  0.0026454  0.0124643
1.436000   0.040560  0.0036556  0.0161198
1.456000   0.045340  0.0052546  0.0213745
1.476000   0.051400  0.0078714  0.0292459
1.496000   0.058870  0.0122964  0.0415423
1.516000   0.067830  0.0199866  0.0615290
1.536000   0.078310  0.0334323  0.0949613
1.556000   0.090280  0.0554711  0.1504324
1.576000   0.103730  0.0832403  0.2336727
1.596000   0.118640  0.0991611  0.3328338
1.616000   0.135070  0.0912747  0.4241085
1.636000   0.153150  0.0728628  0.4969713
1.656000   0.173140  0.0563047  0.5532761
1.676000   0.195390  0.0442039  0.5974800
1.696000   0.220280  0.0357195  0.6331995
1.716000   0.247960  0.0297119  0.6629114
1.736000   0.278240  0.0253469  0.6882583
1.756000   0.310530  0.0220797  0.7103380
1.776000   0.344020  0.0195622  0.7299002
1.796000   0.377760  0.0175713  0.7474715
1.816000   0.410770  0.0159615  0.7634330
1.836000   0.442150  0.0146337  0.7780667
1.856000   0.471120  0.0135193  0.7915860
1.876000   0.497100  0.0125689  0.8041549
1.896000   0.519720  0.0117455  0.8159004
1.916000   0.538760  0.0110217  0.8269221
1.936000   0.554170  0.0103757  0.8372978
1.956000   0.566000  0.0097913  0.8470891
1.976000   0.574400  0.0092556  0.8563447
1.996000   0.579580  0.0087586  0.8651033
2.016000   0.581790  0.0082926  0.8733959
2.036000   0.581290  0.0078520  0.8812479
2.056000   0.578360  0.0074322  0.8886801
2.076000   0.573300  0.0070302  0.8957103
2.096000   0.566350  0.0066439  0.9023542
2.116000   0.557800  0.0062722  0.9086264
2.136000   0.547880  0.0059138  0.9145402
2.156000   0.536810  0.0055688  0.9201090
2.176000   0.524810  0.0052368  0.9253458
2.196000   0.512070  0.0049182  0.9302640
2.216000   0.498740  0.0046127  0.9348767
2.236000   0.484990  0.0043210  0.9391977
2.256000   0.470950  0.0040431  0.9432408
2.276000   0.456730  0.0037792  0.9470201
2.296000   0.442440  0.0035291  0.9505492
2.316000   0.428170  0.0032930  0.9538421
2.336000   0.414000  0.0030704  0.9569125
2.356000   0.399990  0.0028612  0.9597738
2.376000   0.386190  0.0026650  0.9624388
2.396000   0.372650  0.0024816  0.9649204
2.416000   0.359420  0.0023101  0.9672305
2.436000   0.346510  0.0021504  0.9693808
2.456000   0.333960  0.0020016  0.9713824
2.476000   0.321780  0.0018632  0.9732456
2.496000   0.309990  0.0017347  0.9749803
2.516000   0.298590  0.0016155  0.9765957
2.536000   0.287600  0.0015050  0.9781007
2.556000   0.277000  0.0014024  0.9795032
2.576000   0.266810  0.0013076  0.9808108
2.596000   0.257020  0.0012198  0.9820306
2.616000   0.247620  0.0011385  0.9831691
2.636000   0.238610  0.0010633  0.9842324
2.656000   0.229980  0.0009938  0.9852262
2.676000   0.221720  0.0009294  0.9861556
2.696000   0.213830  0.0008700  0.9870256
2.716000   0.206290  0.0008148  0.9878404
2.736000   0.199080  0.0007638  0.9886041
2.756000   0.192210  0.0007165  0.9893207
2.776000   0.185660  0.0006729  0.9899936
2.796000   0.179410  0.0006324  0.9906260
2.816000   0.173460  0.0005949  0.9912209
2.836000   0.167800  0.0005600  0.9917810
2.856000   0.162400  0.0005278  0.9923088
2.876000   0.157270  0.0004980  0.9928068
2.896000   0.152390  0.0004702  0.9932770
2.916000   0.147740  0.0004443  0.9937214
2.936000   0.143330  0.0004204  0.9941417
2.956000   0.139130  0.0003981  0.9945398
2.976000   0.135140  0.0003774  0.9949172
2.996000   0.131350  0.0003582  0.9952754
3.016000   0.127750  0.0003401  0.9956155
3.036000   0.124330  0.0003233  0.9959388
3.056000   0.121080  0.0003077  0.9962465
3.076000   0.117990  0.0002931  0.9965396
3.096000   0.115060  0.0002795  0.9968191
3.116000   0.112280  0.0002667  0.9970859
3.136000   0.109640  0.0002548  0.9973407
3.156000   0.107130  0.0002436  0.9975843
3.176000   0.104740  0.0002333  0.9978176
3.196000   0.102480  0.0002234  0.9980410
3.216000   0.100340  0.0002142  0.9982552
3.236000   0.098300  0.0002057  0.9984609
3.256000   0.096370  0.0001976  0.9986586
3.276000   0.094540  0.0001899  0.9988485
3.296000   0.092800  0.0001828  0.9990313
3.316000   0.091160  0.0001761  0.9992075
3.336000   0.089600  0.0001699  0.9993773
3.356000   0.088110  0.0001638  0.9995411
3.376000   0.086710  0.0001581  0.9996992
3.396000   0.085380  0.0001528  0.9998520
3.416000   0.084110  0.0001480  1.0000000
