0.299380   0.000040  0.0000000  0.0000000
0.319380   0.000190  0.0000002  0.0000002
0.339380   0.000500  0.0000004  0.0000006
0.359380   0.000970  0.0000008  0.0000014
0.379380   0.001650  0.0000014  0.0000029
0.399380   0.002530  0.0000025  0.0000054
0.419380   0.003630  0.0000039  0.0000093
0.439380   0.004940  0.0000060  0.0000152
0.459380   0.006470  0.0000088  0.0000241
0.479380   0.008200  0.0000126  0.0000366
0.499380   0.010120  0.0000173  0.0000539
0.519380   0.012220  0.0000233  0.0000772
0.539380   0.014480  0.0000309  0.0001081
0.559380   0.016880  0.0000399  0.0001480
0.579380   0.019390  0.0000510  0.0001990
0.599380   0.022010  0.0000642  0.0002632
0.619380   0.024710  0.0000801  0.0003433
0.639380   0.027460  0.0000986  0.0004419
0.659380   0.030260  0.0001208  0.0005627
0.679380   0.033070  0.0001465  0.0007092
0.699380   0.035890  0.0001768  0.0008860
0.719380   0.038710  0.0002122  0.0010982
0.739380   0.041500  0.0002534  0.0013516
0.759380   0.044270  0.0003015  0.0016531
0.779380   0.046990  0.0003577  0.0020108
0.799380   0.049670  0.0004234  0.0024341
0.819380   0.052310  0.0005005  0.0029347
0.839380   0.054920  0.0005915  0.0035262
0.859380   0.057520  0.0006996  0.0042257
0.879380   0.060160  0.0008290  0.0050547
0.899380   0.062940  0.0009869  0.0060416
0.919380   0.065970  0.0011822  0.0072238
0.939380   0.069410  0.0014287  0.0086525
0.959380   0.073540  0.0017492  0.0104017
0.979380   0.078440  0.0021690  0.0125708
0.999380   0.084130  0.0027241  0.0152949
1.019380   0.090910  0.0034733  0.0187682
1.039380   0.098240  0.0044671  0.0232353
1.059380   0.105840  0.0057833  0.0290186
1.079380   0.113890  0.0075553  0.0365740
1.099380   0.121570  0.0099080  0.0464819
1.119380   0.128990  0.0130756  0.0595576
1.139380   0.136670  0.0174211  0.0769787
1.159380   0.143850  0.0233024  0.1002811
1.179380   0.150970  0.0312015  0.1314826
1.199380   0.158510  0.0413354  0.1728180
1.219380   0.165650  0.0529926  0.2258106
1.239380   0.172960  0.0638024  0.2896130
1.259380   0.180710  0.0699451  0.3595581
1.279380   0.188110  0.0694069  0.4289650
1.299380   0.195850  0.0632097  0.4921747
1.319380   0.203980  0.0545419  0.5467167
1.339380   0.211820  0.0460084  0.5927251
1.359380   0.220210  0.0385771  0.6313022
1.379380   0.228980  0.0325228  0.6638250
1.399380   0.237590  0.0277090  0.6915340
1.419380   0.246990  0.0238923  0.7154263
1.439380   0.256830  0.0208588  0.7362851
1.459380   0.266610  0.0184189  0.7547040
1.479380   0.277420  0.0164507  0.7711547
1.499380   0.288570  0.0148378  0.7859925
1.519380   0.299530  0.0134918  0.7994843
1.539380   0.311300  0.0123715  0.8118558
1.559380   0.322710  0.0114129  0.8232687
1.579380   0.333200  0.0105760  0.8338447
1.599380   0.343440  0.0098469  0.8436916
1.619380   0.352120  0.0091893  0.8528809
1.639380   0.358910  0.0085867  0.8614675
1.659380   0.364260  0.0080351  0.8695026
1.679380   0.367400  0.0075175  0.8770201
1.699380   0.368430  0.0070287  0.8840488
1.719380   0.367750  0.0065687  0.8906175
1.739380   0.365220  0.0061311  0.8967486
1.759380   0.361120  0.0057160  0.9024646
1.779380   0.355790  0.0053235  0.9077881
1.799380   0.349390  0.0049524  0.9127406
1.819380   0.342180  0.0046034  0.9173440
1.839380   0.334400  0.0042759  0.9216199
1.859380   0.326220  0.0039703  0.9255902
1.879380   0.317830  0.0036857  0.9292759
1.899380   0.309350  0.0034218  0.9326977
1.919380   0.300920  0.0031779  0.9358757
1.939380   0.292620  0.0029532  0.9388289
1.959380   0.284510  0.0027464  0.9415752
1.979380   0.276680  0.0025566  0.9441318
1.999380   0.269140  0.0023825  0.9465143
2.019380   0.261930  0.0022232  0.9487375
2.039380   0.255070  0.0020773  0.9508147
2.059380   0.248560  0.0019439  0.9527586
2.079380   0.242400  0.0018218  0.9545805
2.099380   0.236600  0.0017103  0.9562907
2.119380   0.231150  0.0016082  0.9578990
2.139380   0.226030  0.0015146  0.9594135
2.159380   0.221230  0.0014290  0.9608425
2.179380   0.216750  0.0013503  0.9621928
2.199380   0.212560  0.0012781  0.9634709
2.219380   0.208650  0.0012118  0.9646827
2.239380   0.205010  0.0011507  0.9658334
2.259380   0.201620  0.0010943  0.9669277
2.279380   0.198460  0.0010424  0.9679701
2.299380   0.195530  0.0009945  0.9689646
2.319380   0.192800  0.0009500  0.9699147
2.339380   0.190270  0.0009089  0.9708235
2.359380   0.187920  0.0008706  0.9716941
2.379380   0.185740  0.0008350  0.9725291
2.399380   0.183710  0.0008018  0.9733309
2.419380   0.181830  0.0007710  0.9741019
2.439380   0.180090  0.0007422  0.9748441
2.459380   0.178480  0.0007152  0.9755592
2.479380   0.176980  0.0006899  0.9762491
2.499380   0.175600  0.0006662  0.9769153
2.519380   0.174320  0.0006440  0.9775593
2.539380   0.173130  0.0006230  0.9781823
2.559380   0.172030  0.0006032  0.9787856
2.579380   0.171010  0.0005845  0.9793701
2.599380   0.170070  0.0005670  0.9799371
2.619380   0.169200  0.0005503  0.9804874
2.639380   0.168390  0.0005345  0.9810219
2.659380   0.167650  0.0005195  0.9815414
2.679380   0.166960  0.0005053  0.9820466
2.699380   0.166320  0.0004917  0.9825383
2.719380   0.165740  0.0004789  0.9830172
2.739380   0.165190  0.0004666  0.9834838
2.759380   0.164690  0.0004548  0.9839387
2.779380   0.164230  0.0004437  0.9843824
2.799380   0.163810  0.0004330  0.9848154
2.819380   0.163420  0.0004227  0.9852382
2.839380   0.163060  0.0004131  0.9856512
2.859380   0.162720  0.0004036  0.9860548
2.879380   0.162420  0.0003945  0.9864494
2.899380   0.162140  0.0003859  0.9868353
2.919380   0.161890  0.0003777  0.9872129
2.939380   0.161650  0.0003696  0.9875826
2.959380   0.161440  0.0003620  0.9879446
2.979380   0.161240  0.0003546  0.9882992
2.999380   0.161060  0.0003474  0.9886466
3.019380   0.160900  0.0003406  0.9889872
3.039380   0.160750  0.0003338  0.9893210
3.059380   0.160620  0.0003274  0.9896485
3.079380   0.160500  0.0003213  0.9899698
3.099380   0.160390  0.0003153  0.9902851
3.119380   0.160300  0.0003093  0.9905944
3.139380   0.160210  0.0003038  0.9908982
3.159380   0.160130  0.0002984  0.9911966
3.179380   0.160070  0.0002931  0.9914897
3.199380   0.160010  0.0002879  0.9917776
3.219380   0.159960  0.0002830  0.9920606
3.239380   0.159910  0.0002783  0.9923389
3.259380   0.159870  0.0002735  0.9926124
3.279380   0.159840  0.0002690  0.9928814
3.299380   0.159820  0.0002645  0.9931459
3.319380   0.159800  0.0002601  0.9934060
3.339380   0.159780  0.0002560  0.9936620
3.359380   0.159770  0.0002519  0.9939139
3.379380   0.159760  0.0002480  0.9941619
3.399380   0.159760  0.0002441  0.9944060
3.419380   0.159760  0.0002404  0.9946464
3.439380   0.159770  0.0002367  0.9948831
3.459380   0.159770  0.0002332  0.9951163
3.479380   0.159780  0.0002297  0.9953460
3.499380   0.159800  0.0002264  0.9955724
3.519380   0.159810  0.0002229  0.9957953
3.539380   0.159830  0.0002198  0.9960151
3.559380   0.159850  0.0002165  0.9962316
3.579380   0.159870  0.0002134  0.9964450
3.599380   0.159900  0.0002105  0.9966556
3.619380   0.159920  0.0002077  0.9968632
3.639380   0.159950  0.0002048  0.9970680
3.659380   0.159980  0.0002019  0.9972699
3.679380   0.160010  0.0001992  0.9974691
3.699380   0.160040  0.0001966  0.9976657
3.719380   0.160070  0.0001939  0.9978596
3.739380   0.160110  0.0001912  0.9980508
3.759380   0.160140  0.0001887  0.9982395
3.779380   0.160180  0.0001863  0.9984257
3.799380   0.160210  0.0001840  0.9986097
3.819380   0.160250  0.0001815  0.9987913
3.839380   0.160290  0.0001793  0.9989705
3.859380   0.160320  0.0001770  0.9991475
3.879380   0.160360  0.0001747  0.9993223
3.899380   0.160400  0.0001727  0.9994949
3.919380   0.160440  0.0001704  0.9996654
3.939380   0.160480  0.0001684  0.9998337
3.959380   0.160520  0.0001663  1.0000000
