0.721410   0.000010  0.0000000  0.0000000
0.741410   0.000020  0.0000000  0.0000000
0.761410   0.000040  0.0000000  0.0000000
0.781410   0.000060  0.0000002  0.0000002
0.801410   0.000100  0.0000002  0.0000004
0.821410   0.000160  0.0000004  0.0000008
0.841410   0.000250  0.0000006  0.0000014
0.861410   0.000390  0.0000010  0.0000024
0.881410   0.000610  0.0000018  0.0000042
0.901410   0.000940  0.0000030  0.0000072
0.921410   0.001460  0.0000048  0.0000120
0.941410   0.002250  0.0000082  0.0000202
0.961410   0.003460  0.0000136  0.0000338
0.981410   0.005300  0.0000228  0.0000566
1.001410   0.008090  0.0000378  0.0000944
1.021410   0.012240  0.0000624  0.0001568
1.041410   0.018310  0.0001018  0.0002586
1.061410   0.027050  0.0001642  0.0004228
1.081410   0.039310  0.0002612  0.0006839
1.101410   0.056160  0.0004086  0.0010925
1.121410   0.078840  0.0006286  0.0017211
1.141410   0.108820  0.0009513  0.0026724
1.161410   0.147860  0.0014157  0.0040881
1.181410   0.197720  0.0020650  0.0061531
1.201410   0.259370  0.0029312  0.0090843
1.221410   0.331420  0.0039995  0.0130838
1.241410   0.408670  0.0051822  0.0182660
1.261410   0.482520  0.0063469  0.0246129
1.281410   0.543830  0.0073948  0.0320077
1.301410   0.586260  0.0083080  0.0403157
1.321410   0.607800  0.0091299  0.0494456
1.341410   0.610080  0.0099218  0.0593674
1.361410   0.596770  0.0107394  0.0701068
1.381410   0.572110  0.0116277  0.0817345
1.401410   0.540050  0.0126262  0.0943607
1.421410   0.503880  0.0137745  0.1081352
1.441410   0.466100  0.0151198  0.1232551
1.461410   0.428510  0.0167229  0.1399780
1.481410   0.392300  0.0186656  0.1586435
1.501410   0.358210  0.0210626  0.1797061
1.521410   0.326620  0.0240743  0.2037804
1.541410   0.297650  0.0279282  0.2317087
1.561410   0.271270  0.0329433  0.2646519
1.581410   0.247350  0.0395493  0.3042013
1.601410   0.225700  0.0482631  0.3524643
1.621410   0.206090  0.0594776  0.4119419
1.641410   0.188310  0.0727362  0.4846781
1.661410   0.172170  0.0851624  0.5698405
1.681410   0.157480  0.0904940  0.6603345
1.701410   0.144090  0.0835189  0.7438534
1.721410   0.131850  0.0672794  0.8111328
1.741410   0.120670  0.0496676  0.8608004
1.761410   0.110430  0.0353765  0.8961768
1.781410   0.101050  0.0251073  0.9212841
1.801410   0.092470  0.0180272  0.9393113
1.821410   0.084600  0.0131664  0.9524777
1.841410   0.077410  0.0097904  0.9622681
1.861410   0.070840  0.0074064  0.9696745
1.881410   0.064820  0.0056906  0.9753651
1.901410   0.059330  0.0044333  0.9797984
1.921410   0.054310  0.0034967  0.9832951
1.941410   0.049730  0.0027884  0.9860835
1.961410   0.045550  0.0022454  0.9883289
1.981410   0.041730  0.0018241  0.9901530
2.001410   0.038260  0.0014935  0.9916464
2.021410   0.035080  0.0012315  0.9928780
2.041410   0.032190  0.0010223  0.9939003
2.061410   0.029550  0.0008535  0.9947538
2.081410   0.027140  0.0007165  0.9954704
2.101410   0.024940  0.0006046  0.9960749
2.121410   0.022940  0.0005124  0.9965873
2.141410   0.021100  0.0004362  0.9970234
2.161410   0.019430  0.0003730  0.9973964
2.181410   0.017900  0.0003200  0.9977164
2.201410   0.016500  0.0002756  0.9979920
2.221410   0.015230  0.0002380  0.9982299
2.241410   0.014060  0.0002062  0.9984361
2.261410   0.012980  0.0001792  0.9986153
2.281410   0.012000  0.0001562  0.9987715
2.301410   0.011100  0.0001366  0.9989081
2.321410   0.010280  0.0001196  0.9990277
2.341410   0.009520  0.0001052  0.9991329
2.361410   0.008820  0.0000926  0.9992255
2.381410   0.008180  0.0000816  0.9993071
2.401410   0.007590  0.0000722  0.9993792
2.421410   0.007050  0.0000640  0.9994432
2.441410   0.006560  0.0000568  0.9995000
2.461410   0.006100  0.0000506  0.9995506
2.481410   0.005670  0.0000450  0.9995956
2.501410   0.005280  0.0000402  0.9996358
2.521410   0.004920  0.0000360  0.9996718
2.541410   0.004590  0.0000322  0.9997040
2.561410   0.004290  0.0000290  0.9997330
2.581410   0.004000  0.0000260  0.9997590
2.601410   0.003740  0.0000234  0.9997824
2.621410   0.003500  0.0000212  0.9998036
2.641410   0.003270  0.0000190  0.9998226
2.661410   0.003060  0.0000172  0.9998398
2.681410   0.002870  0.0000156  0.9998554
2.701410   0.002690  0.0000142  0.9998696
2.721410   0.002520  0.0000128  0.9998824
2.741410   0.002360  0.0000116  0.9998940
2.761410   0.002220  0.0000106  0.9999046
2.781410   0.002080  0.0000096  0.9999142
2.801410   0.001960  0.0000088  0.9999230
2.821410   0.001840  0.0000080  0.9999310
2.841410   0.001730  0.0000074  0.9999384
2.861410   0.001630  0.0000068  0.9999452
2.881410   0.001540  0.0000062  0.9999514
2.901410   0.001450  0.0000056  0.9999570
2.921410   0.001360  0.0000052  0.9999622
2.941410   0.001290  0.0000048  0.9999670
2.961410   0.001210  0.0000044  0.9999714
2.981410   0.001150  0.0000040  0.9999754
3.001410   0.001080  0.0000036  0.9999790
3.021410   0.001020  0.0000034  0.9999824
3.041410   0.000970  0.0000032  0.9999856
3.061410   0.000910  0.0000030  0.9999886
3.081410   0.000860  0.0000026  0.9999912
3.101410   0.000820  0.0000024  0.9999936
3.121410   0.000770  0.0000022  0.9999958
3.141410   0.000730  0.0000022  0.9999980
3.161410   0.000700  0.0000020  1.0000000
