0.605330   0.000050  0.0000000  0.0000000
0.625330   0.000070  0.0000000  0.0000000
0.645330   0.000090  0.0000000  0.0000000
0.665330   0.000130  0.0000000  0.0000000
0.685330   0.000160  0.0000000  0.0000000
0.705330   0.000210  0.0000002  0.0000002
0.725330   0.000270  0.0000002  0.0000004
0.745330   0.000330  0.0000002  0.0000006
0.765330   0.000420  0.0000002  0.0000008
0.785330   0.000510  0.0000004  0.0000012
0.805330   0.000620  0.0000004  0.0000016
0.825330   0.000750  0.0000006  0.0000022
0.845330   0.000900  0.0000008  0.0000031
0.865330   0.001080  0.0000010  0.0000041
0.885330   0.001270  0.0000014  0.0000055
0.905330   0.001500  0.0000016  0.0000071
0.925330   0.001740  0.0000020  0.0000092
0.945330   0.002020  0.0000027  0.0000118
0.965330   0.002330  0.0000033  0.0000151
0.985330   0.002670  0.0000039  0.0000190
1.005330   0.003040  0.0000049  0.0000239
1.025330   0.003450  0.0000059  0.0000298
1.045330   0.003890  0.0000069  0.0000367
1.065330   0.004360  0.0000084  0.0000451
1.085330   0.004870  0.0000100  0.0000550
1.105330   0.005410  0.0000120  0.0000671
1.125330   0.005990  0.0000141  0.0000811
1.145330   0.006610  0.0000167  0.0000979
1.165330   0.007260  0.0000198  0.0001176
1.185330   0.007950  0.0000230  0.0001407
1.205330   0.008690  0.0000271  0.0001678
1.225330   0.009480  0.0000316  0.0001994
1.245330   0.010330  0.0000371  0.0002365
1.265330   0.011280  0.0000434  0.0002799
1.285330   0.012370  0.0000514  0.0003313
1.305330   0.013710  0.0000612  0.0003924
1.325330   0.015450  0.0000744  0.0004668
1.345330   0.017910  0.0000932  0.0005600
1.365330   0.021620  0.0001215  0.0006815
1.385330   0.027390  0.0001666  0.0008481
1.405330   0.036500  0.0002408  0.0010888
1.425330   0.050230  0.0003596  0.0014484
1.445330   0.069090  0.0005380  0.0019864
1.465330   0.092110  0.0007806  0.0027670
1.485330   0.115150  0.0010633  0.0038303
1.505330   0.133410  0.0013453  0.0051756
1.525330   0.145630  0.0016083  0.0067839
1.545330   0.154270  0.0018712  0.0086551
1.565330   0.172990  0.0023038  0.0109589
1.585330   0.258240  0.0036715  0.0146304
1.605330   0.421020  0.0059230  0.0205534
1.625330   0.582680  0.0076859  0.0282394
1.645330   0.693740  0.0087171  0.0369564
1.665330   0.745940  0.0094122  0.0463687
1.685330   0.750780  0.0100499  0.0564186
1.705330   0.724220  0.0107465  0.0671651
1.725330   0.680140  0.0115464  0.0787115
1.745330   0.628380  0.0124722  0.0911837
1.765330   0.575540  0.0135465  0.1047302
1.785330   0.524970  0.0148025  0.1195327
1.805330   0.478690  0.0162868  0.1358195
1.825330   0.437490  0.0180643  0.1538838
1.845330   0.401410  0.0202187  0.1741025
1.865330   0.370150  0.0228566  0.1969591
1.885330   0.343280  0.0261041  0.2230632
1.905330   0.320200  0.0301010  0.2531642
1.925330   0.300310  0.0349735  0.2881377
1.945330   0.283160  0.0407637  0.3289014
1.965330   0.268200  0.0473078  0.3762092
1.985330   0.255110  0.0540130  0.4302223
2.005330   0.243670  0.0596714  0.4898936
2.025330   0.233350  0.0627419  0.5526355
2.045330   0.224030  0.0619689  0.6146044
2.065330   0.215500  0.0573863  0.6719907
2.085330   0.207610  0.0503099  0.7223006
2.105330   0.200280  0.0424388  0.7647394
2.125330   0.193370  0.0350144  0.7997539
2.145330   0.186830  0.0286155  0.8283693
2.165330   0.180630  0.0233618  0.8517311
2.185330   0.174700  0.0191476  0.8708787
2.205330   0.169040  0.0157980  0.8866767
2.225330   0.163620  0.0131368  0.8998134
2.245330   0.158410  0.0110138  0.9108272
2.265330   0.153430  0.0093095  0.9201367
2.285330   0.148650  0.0079308  0.9280675
2.305330   0.144090  0.0068071  0.9348746
2.325330   0.139720  0.0058838  0.9407584
2.345330   0.135560  0.0051191  0.9458775
2.365330   0.131590  0.0044813  0.9503588
2.385330   0.127810  0.0039453  0.9543041
2.405330   0.124210  0.0034921  0.9577962
2.425330   0.120780  0.0031066  0.9609028
2.445330   0.117540  0.0027766  0.9636794
2.465330   0.114460  0.0024928  0.9661722
2.485330   0.111540  0.0022474  0.9684196
2.505330   0.108780  0.0020343  0.9704539
2.525330   0.106180  0.0018482  0.9723021
2.545330   0.103720  0.0016853  0.9739874
2.565330   0.101400  0.0015420  0.9755294
2.585330   0.099220  0.0014156  0.9769450
2.605330   0.097170  0.0013035  0.9782485
2.625330   0.095240  0.0012038  0.9794523
2.645330   0.093430  0.0011149  0.9805672
2.665330   0.091730  0.0010354  0.9816026
2.685330   0.090140  0.0009641  0.9825667
2.705330   0.088650  0.0008998  0.9834665
2.725330   0.087250  0.0008419  0.9843085
2.745330   0.085950  0.0007896  0.9850980
2.765330   0.084740  0.0007423  0.9858403
2.785330   0.083610  0.0006990  0.9865393
2.805330   0.082570  0.0006599  0.9871992
2.825330   0.081590  0.0006240  0.9878232
2.845330   0.080690  0.0005912  0.9884144
2.865330   0.079850  0.0005610  0.9889754
2.885330   0.079070  0.0005333  0.9895087
2.905330   0.078340  0.0005078  0.9900165
2.925330   0.077670  0.0004844  0.9905009
2.945330   0.077040  0.0004626  0.9909635
2.965330   0.076460  0.0004424  0.9914059
2.985330   0.075930  0.0004236  0.9918295
3.005330   0.075430  0.0004063  0.9922358
3.025330   0.074970  0.0003900  0.9926258
3.045330   0.074540  0.0003749  0.9930007
3.065330   0.074140  0.0003606  0.9933613
3.085330   0.073780  0.0003474  0.9937087
3.105330   0.073440  0.0003349  0.9940436
3.125330   0.073130  0.0003231  0.9943667
3.145330   0.072840  0.0003121  0.9946788
3.165330   0.072580  0.0003017  0.9949805
3.185330   0.072330  0.0002919  0.9952725
3.205330   0.072110  0.0002828  0.9955552
3.225330   0.071900  0.0002740  0.9958292
3.245330   0.071710  0.0002656  0.9960949
3.265330   0.071540  0.0002579  0.9963527
3.285330   0.071380  0.0002503  0.9966031
3.305330   0.071240  0.0002432  0.9968463
3.325330   0.071110  0.0002365  0.9970828
3.345330   0.070990  0.0002302  0.9973129
3.365330   0.070880  0.0002240  0.9975370
3.385330   0.070780  0.0002181  0.9977551
3.405330   0.070700  0.0002126  0.9979677
3.425330   0.070620  0.0002073  0.9981750
3.445330   0.070550  0.0002022  0.9983773
3.465330   0.070490  0.0001973  0.9985746
3.485330   0.070430  0.0001926  0.9987673
3.505330   0.070390  0.0001882  0.9989554
3.525330   0.070350  0.0001839  0.9991393
3.545330   0.070310  0.0001798  0.9993191
3.565330   0.070280  0.0001757  0.9994948
3.585330   0.070260  0.0001721  0.9996669
3.605330   0.070240  0.0001684  0.9998353
3.625330   0.070230  0.0001647  1.0000000
