1.277020   0.000010  0.0000000  0.0000000
1.297020   0.000050  0.0000002  0.0000002
1.317020   0.000140  0.0000008  0.0000010
1.337020   0.000280  0.0000019  0.0000029
1.357020   0.000510  0.0000037  0.0000066
1.377020   0.000840  0.0000068  0.0000134
1.397020   0.001280  0.0000113  0.0000247
1.417020   0.001840  0.0000179  0.0000426
1.437020   0.002550  0.0000272  0.0000698
1.457020   0.003660  0.0000430  0.0001128
1.477020   0.005490  0.0000712  0.0001841
1.497020   0.008190  0.0001180  0.0003020
1.517020   0.012390  0.0001985  0.0005005
1.537020   0.018590  0.0003329  0.0008334
1.557020   0.025170  0.0005060  0.0013394
1.577020   0.031530  0.0007152  0.0020546
1.597020   0.037680  0.0009699  0.0030245
1.617020   0.043690  0.0012840  0.0043085
1.637020   0.049660  0.0016775  0.0059860
1.657020   0.055880  0.0021866  0.0081726
1.677020   0.063350  0.0028958  0.0110684
1.697020   0.072430  0.0039011  0.0149695
1.717020   0.082830  0.0053064  0.0202758
1.737020   0.094080  0.0072402  0.0275160
1.757020   0.105650  0.0098683  0.0373843
1.777020   0.117280  0.0134347  0.0508190
1.797020   0.129130  0.0182956  0.0691146
1.817020   0.142040  0.0249288  0.0940433
1.837020   0.157100  0.0336502  0.1276935
1.857020   0.172580  0.0438700  0.1715635
1.877020   0.186530  0.0542464  0.2258099
1.897020   0.198750  0.0628807  0.2886906
1.917020   0.209420  0.0677877  0.3564783
1.937020   0.218720  0.0680201  0.4244984
1.957020   0.226750  0.0642238  0.4887223
1.977020   0.233620  0.0580095  0.5467318
1.997020   0.239410  0.0509526  0.5976844
2.017020   0.244200  0.0440872  0.6417716
2.037020   0.248050  0.0379116  0.6796831
2.057020   0.251040  0.0325776  0.7122607
2.077020   0.253220  0.0280609  0.7403217
2.097020   0.254680  0.0242683  0.7645900
2.117020   0.255460  0.0210888  0.7856789
2.137020   0.255630  0.0184183  0.8040971
2.157020   0.255250  0.0161662  0.8202633
2.177020   0.254370  0.0142576  0.8345209
2.197020   0.253060  0.0126314  0.8471522
2.217020   0.251360  0.0112384  0.8583907
2.237020   0.249330  0.0100392  0.8684299
2.257020   0.247000  0.0090014  0.8774313
2.277020   0.244430  0.0080991  0.8855303
2.297020   0.241660  0.0073114  0.8928417
2.317020   0.238720  0.0066207  0.8994624
2.337020   0.235640  0.0060127  0.9054751
2.357020   0.232470  0.0054760  0.9109511
2.377020   0.229220  0.0050003  0.9159514
2.397020   0.225930  0.0045774  0.9205288
2.417020   0.222610  0.0042006  0.9247294
2.437020   0.219280  0.0038638  0.9285933
2.457020   0.215970  0.0035618  0.9321551
2.477020   0.212700  0.0032909  0.9354460
2.497020   0.209460  0.0030467  0.9384927
2.517020   0.206280  0.0028264  0.9413191
2.537020   0.203170  0.0026274  0.9439465
2.557020   0.200130  0.0024470  0.9463935
2.577020   0.197170  0.0022833  0.9486768
2.597020   0.194300  0.0021345  0.9508113
2.617020   0.191520  0.0019988  0.9528101
2.637020   0.188830  0.0018751  0.9546852
2.657020   0.186240  0.0017621  0.9564473
2.677020   0.183750  0.0016585  0.9581058
2.697020   0.181360  0.0015636  0.9596694
2.717020   0.179070  0.0014763  0.9611457
2.737020   0.176880  0.0013960  0.9625418
2.757020   0.174780  0.0013223  0.9638641
2.777020   0.172780  0.0012540  0.9651181
2.797020   0.170880  0.0011912  0.9663092
2.817020   0.169070  0.0011329  0.9674422
2.837020   0.167350  0.0010788  0.9685209
2.857020   0.165720  0.0010287  0.9695497
2.877020   0.164170  0.0009822  0.9705319
2.897020   0.162710  0.0009390  0.9714709
2.917020   0.161320  0.0008986  0.9723695
2.937020   0.160020  0.0008612  0.9732307
2.957020   0.158780  0.0008260  0.9740567
2.977020   0.157620  0.0007932  0.9748499
2.997020   0.156530  0.0007626  0.9756125
3.017020   0.155500  0.0007337  0.9763462
3.037020   0.154530  0.0007066  0.9770527
3.057020   0.153630  0.0006812  0.9777340
3.077020   0.152780  0.0006574  0.9783913
3.097020   0.151980  0.0006349  0.9790262
3.117020   0.151240  0.0006137  0.9796400
3.137020   0.150540  0.0005935  0.9802335
3.157020   0.149890  0.0005746  0.9808081
3.177020   0.149290  0.0005569  0.9813650
3.197020   0.148730  0.0005398  0.9819048
3.217020   0.148200  0.0005237  0.9824285
3.237020   0.147720  0.0005085  0.9829370
3.257020   0.147270  0.0004941  0.9834311
3.277020   0.146850  0.0004803  0.9839114
3.297020   0.146460  0.0004671  0.9843785
3.317020   0.146110  0.0004548  0.9848333
3.337020   0.145780  0.0004428  0.9852761
3.357020   0.145480  0.0004315  0.9857077
3.377020   0.145210  0.0004206  0.9861283
3.397020   0.144960  0.0004103  0.9865386
3.417020   0.144730  0.0004002  0.9869388
3.437020   0.144530  0.0003907  0.9873295
3.457020   0.144340  0.0003817  0.9877112
3.477020   0.144170  0.0003730  0.9880843
3.497020   0.144020  0.0003646  0.9884489
3.517020   0.143890  0.0003566  0.9888054
3.537020   0.143770  0.0003487  0.9891542
3.557020   0.143670  0.0003413  0.9894955
3.577020   0.143580  0.0003341  0.9898297
3.597020   0.143500  0.0003273  0.9901570
3.617020   0.143440  0.0003208  0.9904777
3.637020   0.143380  0.0003144  0.9907921
3.657020   0.143340  0.0003082  0.9911003
3.677020   0.143300  0.0003022  0.9914025
3.697020   0.143280  0.0002965  0.9916990
3.717020   0.143260  0.0002907  0.9919897
3.737020   0.143250  0.0002853  0.9922750
3.757020   0.143250  0.0002802  0.9925552
3.777020   0.143260  0.0002750  0.9928303
3.797020   0.143270  0.0002703  0.9931006
3.817020   0.143290  0.0002656  0.9933661
3.837020   0.143310  0.0002608  0.9936270
3.857020   0.143340  0.0002565  0.9938835
3.877020   0.143380  0.0002522  0.9941357
3.897020   0.143410  0.0002479  0.9943836
3.917020   0.143460  0.0002438  0.9946273
3.937020   0.143500  0.0002398  0.9948672
3.957020   0.143550  0.0002359  0.9951031
3.977020   0.143610  0.0002322  0.9953353
3.997020   0.143660  0.0002285  0.9955638
4.017020   0.143720  0.0002250  0.9957889
4.037020   0.143780  0.0002215  0.9960104
4.057020   0.143850  0.0002182  0.9962286
4.077020   0.143920  0.0002149  0.9964435
4.097020   0.143980  0.0002118  0.9966554
4.117020   0.144050  0.0002085  0.9968639
4.137020   0.144130  0.0002057  0.9970696
4.157020   0.144200  0.0002026  0.9972722
4.177020   0.144270  0.0001997  0.9974719
4.197020   0.144350  0.0001970  0.9976689
4.217020   0.144430  0.0001941  0.9978630
4.237020   0.144510  0.0001915  0.9980545
4.257020   0.144580  0.0001888  0.9982433
4.277020   0.144660  0.0001863  0.9984296
4.297020   0.144740  0.0001838  0.9986134
4.317020   0.144830  0.0001814  0.9987948
4.337020   0.144910  0.0001789  0.9989737
4.357020   0.144990  0.0001766  0.9991504
4.377020   0.145070  0.0001744  0.9993247
4.397020   0.145150  0.0001721  0.9994968
4.417020   0.145240  0.0001698  0.9996667
4.437020   0.145320  0.0001678  0.9998345
4.457020   0.145400  0.0001655  1.0000000
