1.327790   0.000010  0.0000006  0.0000006
1.347790   0.001290  0.0001032  0.0001039
1.367790   0.003330  0.0003204  0.0004243
1.387790   0.005690  0.0006666  0.0010908
1.407790   0.008190  0.0011881  0.0022789
1.427790   0.010740  0.0019690  0.0042480
1.447790   0.015350  0.0036484  0.0078963
1.467790   0.021390  0.0068106  0.0147069
1.487790   0.027410  0.0121946  0.0269015
1.507790   0.033720  0.0221337  0.0490352
1.527790   0.041890  0.0433986  0.0924338
1.547790   0.053900  0.0929736  0.1854074
1.567790   0.069170  0.1875538  0.3729612
1.587790   0.095090  0.2412012  0.6141624
1.607790   0.239370  0.1017607  0.7159231
1.627790   0.797020  0.0305449  0.7464680
1.647790   2.257320  0.0108177  0.7572857
1.667790   5.341020  0.0045770  0.7618628
1.687790  11.093030  0.0022045  0.7640673
1.707790  21.065650  0.0011611  0.7652284
1.727790  37.682650  0.0006491  0.7658775
1.747790  65.009240  0.0003763  0.7662537
1.767790 110.547930  0.0002213  0.7664750
1.787790 189.992960  0.0001288  0.7666038
1.807790 341.348330  0.0000717  0.7666755
1.827790 656.687040  0.0000373  0.7667128
1.847790 1225.782440  0.0000200  0.7667328
1.867790 1942.436680  0.0000126  0.7667454
1.887790 2647.430940  0.0000093  0.7667546
1.907790 3266.760640  0.0000074  0.7667620
1.927790 3780.595780  0.0000064  0.7667684
1.947790 4190.282680  0.0000058  0.7667742
1.967790 4504.450520  0.0000054  0.7667796
1.987790 4733.774520  0.0000052  0.7667847
2.007790 4889.022460  0.0000049  0.7667897
2.027790 4980.356670  0.0000049  0.7667946
2.047790 5017.072770  0.0000049  0.7667995
2.067790 5007.600820  0.0000049  0.7668045
2.087790 4959.452780  0.0000049  0.7668094
2.107790 4879.385290  0.0000049  0.7668144
2.127790 4773.311920  0.0000052  0.7668195
2.147790 4646.484310  0.0000054  0.7668249
2.167790 4503.490080  0.0000054  0.7668303
2.187790 4348.319580  0.0000056  0.7668358
2.207790 4184.420020  0.0000058  0.7668416
2.227790 4014.743050  0.0000062  0.7668478
2.247790 3841.799470  0.0000064  0.7668542
2.267790 3667.700640  0.0000066  0.7668607
2.287790 3494.204280  0.0000070  0.7668678
2.307790 3322.755210  0.0000074  0.7668752
2.327790 3154.523510  0.0000078  0.7668830
2.347790 2990.439580  0.0000082  0.7668912
2.367790 2831.226320  0.0000087  0.7668999
2.387790 2677.428220  0.0000091  0.7669090
2.407790 2529.437590  0.0000097  0.7669186
2.427790 2387.517150  0.0000103  0.7669289
2.447790 2251.823640  0.0000109  0.7669399
2.467790 2122.423850  0.0000115  0.7669514
2.487790 1999.308070  0.0000122  0.7669636
2.507790 1882.408870  0.0000130  0.7669765
2.527790 1771.609650  0.0000138  0.7669904
2.547790 1666.762300  0.0000146  0.7670050
2.567790 1567.680560  0.0000157  0.7670206
2.587790 1474.163220  0.0000167  0.7670373
2.607790 1385.992460  0.0000177  0.7670551
2.627790 1302.940650  0.0000188  0.7670738
2.647790 1224.774630  0.0000200  0.7670938
2.667790 1151.258060  0.0000212  0.7671150
2.687790 1082.160040  0.0000227  0.7671377
2.707790 1017.245840  0.0000241  0.7671618
2.727790 956.290220  0.0000256  0.7671873
2.747790 899.073040  0.0000272  0.7672145
2.767790 845.381450  0.0000288  0.7672434
2.787790 795.010580  0.0000307  0.7672741
2.807790 747.764150  0.0000328  0.7673068
2.827790 703.454670  0.0000348  0.7673417
2.847790 661.903590  0.0000369  0.7673786
2.867790 622.941380  0.0000394  0.7674179
2.887790 586.407530  0.0000416  0.7674595
2.907790 552.150270  0.0000443  0.7675038
2.927790 520.026180  0.0000470  0.7675508
2.947790 489.900230  0.0000499  0.7676007
2.967790 461.645450  0.0000530  0.7676536
2.987790 435.142420  0.0000563  0.7677099
3.007790 410.278970  0.0000595  0.7677694
3.027790 386.949920  0.0000633  0.7678327
3.047790 365.056680  0.0000670  0.7678997
3.067790 344.506900  0.0000711  0.7679707
3.087790 325.214130  0.0000752  0.7680460
3.107790 307.097560  0.0000797  0.7681257
3.127790 290.081310  0.0000843  0.7682100
3.147790 274.094850  0.0000892  0.7682992
3.167790 259.072150  0.0000944  0.7683936
3.187790 244.951180  0.0000999  0.7684935
3.207790 231.674450  0.0001055  0.7685990
3.227790 219.188100  0.0001117  0.7687107
3.247790 207.441680  0.0001179  0.7688285
3.267790 196.388200  0.0001245  0.7689530
3.287790 185.983710  0.0001315  0.7690845
3.307790 176.187370  0.0001389  0.7692233
3.327790 166.960900  0.0001465  0.7693698
3.347790 158.268450  0.0001545  0.7695244
3.367790 150.076630  0.0001630  0.7696874
3.387790 142.354290  0.0001718  0.7698592
3.407790 135.072290  0.0001811  0.7700403
3.427790 128.203410  0.0001908  0.7702311
3.447790 121.722220  0.0002009  0.7704320
3.467790 115.604950  0.0002114  0.7706434
3.487790 109.829380  0.0002225  0.7708660
3.507790 104.374690  0.0002343  0.7711003
3.527790  99.221530  0.0002464  0.7713467
3.547790  94.351690  0.0002590  0.7716057
3.567790  89.748230  0.0002722  0.7718779
3.587790  85.397620  0.0002862  0.7721641
3.607790  81.286030  0.0003006  0.7724647
3.627790  77.398900  0.0003157  0.7727804
3.647790  73.722630  0.0003313  0.7731117
3.667790  70.244500  0.0003476  0.7734593
3.687790  66.952670  0.0003647  0.7738241
3.707790  63.836050  0.0003824  0.7742065
3.727790  60.884260  0.0004008  0.7746073
3.747790  58.087610  0.0004199  0.7750272
3.767790  55.437020  0.0004399  0.7754671
3.787790  52.924020  0.0004605  0.7759276
3.807790  50.540650  0.0004822  0.7764098
3.827790  48.279450  0.0005044  0.7769142
3.847790  46.133460  0.0005277  0.7774419
3.867790  44.096140  0.0005518  0.7779937
3.887790  42.161340  0.0005767  0.7785705
3.907790  40.323330  0.0006027  0.7791732
3.927790  38.576690  0.0006295  0.7798026
3.947790  36.916360  0.0006573  0.7804600
3.967790  35.337590  0.0006862  0.7811461
3.987790  33.835890  0.0007160  0.7818621
4.007790  32.407080  0.0007467  0.7826089
4.027790  31.047200  0.0007787  0.7833875
4.047790  29.752530  0.0008114  0.7841990
4.067790  28.519590  0.0008454  0.7850444
4.087790  27.345090  0.0008805  0.7859249
4.107790  26.225920  0.0009165  0.7868414
4.127790  25.159180  0.0009538  0.7877952
4.147790  24.142130  0.0009919  0.7887871
4.167790  23.172160  0.0010313  0.7898184
4.187790  22.246860  0.0010719  0.7908903
4.207790  21.363910  0.0011133  0.7920036
4.227790  20.521140  0.0011560  0.7931595
4.247790  19.716520  0.0011996  0.7943592
4.267790  18.948110  0.0012443  0.7956035
4.287790  18.214080  0.0012901  0.7968936
4.307790  17.512720  0.0013367  0.7982303
4.327790  16.842390  0.0013843  0.7996145
4.347790  16.201560  0.0014327  0.8010472
4.367790  15.588780  0.0014819  0.8025291
4.387790  15.002670  0.0015320  0.8040611
4.407790  14.441940  0.0015827  0.8056438
4.427790  13.905340  0.0016340  0.8072778
4.447790  13.391720  0.0016857  0.8089635
4.467790  12.899970  0.0017378  0.8107013
4.487790  12.429060  0.0017902  0.8124915
4.507790  11.977980  0.0018427  0.8143342
4.527790  11.545820  0.0018955  0.8162297
4.547790  11.131670  0.0019478  0.8181775
4.567790  10.734690  0.0019999  0.8201774
4.587790  10.354090  0.0020517  0.8222291
4.607790   9.989110  0.0021028  0.8243319
4.627790   9.639040  0.0021530  0.8264849
4.647790   9.303180  0.0022023  0.8286872
4.667790   8.980890  0.0022503  0.8309375
4.687790   8.671560  0.0022969  0.8332343
4.707790   8.374610  0.0023420  0.8355763
4.727790   8.089470  0.0023850  0.8379614
4.747790   7.815620  0.0024263  0.8403876
4.767790   7.552560  0.0024652  0.8428528
4.787790   7.299810  0.0025017  0.8453545
4.807790   7.056910  0.0025357  0.8478902
4.827790   6.823450  0.0025668  0.8504570
4.847790   6.599000  0.0025948  0.8530518
4.867790   6.383180  0.0026199  0.8556717
4.887790   6.175620  0.0026418  0.8583135
4.907790   5.975950  0.0026601  0.8609736
4.927790   5.783840  0.0026752  0.8636488
4.947790   5.598980  0.0026867  0.8663355
4.967790   5.421050  0.0026945  0.8690300
4.987790   5.249770  0.0026989  0.8717289
5.007790   5.084840  0.0026995  0.8744284
5.027790   4.926020  0.0026966  0.8771250
5.047790   4.773050  0.0026902  0.8798152
5.067790   4.625670  0.0026803  0.8824955
5.087790   4.483680  0.0026671  0.8851626
5.107790   4.346830  0.0026506  0.8878133
5.127790   4.214930  0.0026309  0.8904442
5.147790   4.087780  0.0026082  0.8930524
5.167790   3.965170  0.0025829  0.8956352
5.187790   3.846940  0.0025546  0.8981899
5.207790   3.732900  0.0025239  0.9007138
5.227790   3.622880  0.0024912  0.9032049
5.247790   3.516740  0.0024561  0.9056611
5.267790   3.414300  0.0024193  0.9080803
5.287790   3.315440  0.0023805  0.9104609
5.307790   3.220010  0.0023405  0.9128014
5.327790   3.127870  0.0022991  0.9151005
5.347790   3.038900  0.0022565  0.9173570
5.367790   2.952980  0.0022130  0.9195700
5.387790   2.869990  0.0021687  0.9217387
5.407790   2.789810  0.0021238  0.9238625
5.427790   2.712340  0.0020786  0.9259411
5.447790   2.637480  0.0020329  0.9279740
5.467790   2.565120  0.0019872  0.9299612
5.487790   2.495180  0.0019414  0.9319026
5.507790   2.427560  0.0018957  0.9337983
5.527790   2.362180  0.0018501  0.9356484
5.547790   2.298960  0.0018050  0.9374534
5.567790   2.237800  0.0017601  0.9392135
5.587790   2.178650  0.0017158  0.9409293
5.607790   2.121410  0.0016721  0.9426014
5.627790   2.066040  0.0016288  0.9442303
5.647790   2.012440  0.0015864  0.9458166
5.667790   1.960570  0.0015446  0.9473612
5.687790   1.910360  0.0015034  0.9488646
5.707790   1.861750  0.0014632  0.9503277
5.727790   1.814680  0.0014236  0.9517513
5.747790   1.769100  0.0013851  0.9531364
5.767790   1.724960  0.0013472  0.9544836
5.787790   1.682200  0.0013103  0.9557939
5.807790   1.640770  0.0012742  0.9570681
5.827790   1.600640  0.0012392  0.9583073
5.847790   1.561740  0.0012048  0.9595121
5.867790   1.524050  0.0011714  0.9606835
5.887790   1.487510  0.0011388  0.9618223
5.907790   1.452100  0.0011073  0.9629297
5.927790   1.417760  0.0010766  0.9640063
5.947790   1.384470  0.0010465  0.9650528
5.967790   1.352190  0.0010175  0.9660703
5.987790   1.320880  0.0009893  0.9670595
6.007790   1.290510  0.0009618  0.9680214
6.027790   1.261040  0.0009353  0.9689567
6.047790   1.232460  0.0009093  0.9698660
6.067790   1.204720  0.0008842  0.9707501
6.087790   1.177810  0.0008599  0.9716100
6.107790   1.151690  0.0008364  0.9724464
6.127790   1.126330  0.0008133  0.9732596
6.147790   1.101720  0.0007912  0.9740509
6.167790   1.077830  0.0007696  0.9748205
6.187790   1.054620  0.0007488  0.9755693
6.207790   1.032090  0.0007286  0.9762979
6.227790   1.010210  0.0007090  0.9770069
6.247790   0.988960  0.0006901  0.9776970
6.267790   0.968320  0.0006715  0.9783685
6.287790   0.948260  0.0006538  0.9790223
6.307790   0.928770  0.0006365  0.9796588
6.327790   0.909840  0.0006198  0.9802786
6.347790   0.891440  0.0006035  0.9808821
6.367790   0.873560  0.0005879  0.9814700
6.387790   0.856170  0.0005726  0.9820426
6.407790   0.839280  0.0005578  0.9826004
6.427790   0.822850  0.0005436  0.9831439
6.447790   0.806880  0.0005298  0.9836737
6.467790   0.791340  0.0005164  0.9841901
6.487790   0.776240  0.0005032  0.9846932
6.507790   0.761550  0.0004906  0.9851839
6.527790   0.747260  0.0004785  0.9856623
6.547790   0.733360  0.0004667  0.9861290
6.567790   0.719840  0.0004552  0.9865842
6.587790   0.706680  0.0004440  0.9870282
6.607790   0.693880  0.0004333  0.9874615
6.627790   0.681420  0.0004228  0.9878844
6.647790   0.669300  0.0004127  0.9882971
6.667790   0.657500  0.0004028  0.9886999
6.687790   0.646010  0.0003934  0.9890933
6.707790   0.634830  0.0003841  0.9894774
6.727790   0.623940  0.0003752  0.9898526
6.747790   0.613340  0.0003666  0.9902191
6.767790   0.603020  0.0003581  0.9905773
6.787790   0.592960  0.0003499  0.9909271
6.807790   0.583170  0.0003420  0.9912692
6.827790   0.573640  0.0003344  0.9916036
6.847790   0.564350  0.0003268  0.9919304
6.867790   0.555300  0.0003196  0.9922500
6.887790   0.546480  0.0003126  0.9925626
6.907790   0.537890  0.0003058  0.9928683
6.927790   0.529520  0.0002992  0.9931675
6.947790   0.521360  0.0002928  0.9934603
6.967790   0.513410  0.0002866  0.9937469
6.987790   0.505660  0.0002804  0.9940274
7.007790   0.498100  0.0002747  0.9943021
7.027790   0.490740  0.0002689  0.9945709
7.047790   0.483560  0.0002633  0.9948343
7.067790   0.476560  0.0002580  0.9950923
7.087790   0.469740  0.0002526  0.9953449
7.107790   0.463080  0.0002477  0.9955926
7.127790   0.456590  0.0002427  0.9958353
7.147790   0.450260  0.0002378  0.9960731
7.167790   0.444080  0.0002333  0.9963063
7.187790   0.438060  0.0002287  0.9965350
7.207790   0.432180  0.0002242  0.9967592
7.227790   0.426450  0.0002199  0.9969791
7.247790   0.420860  0.0002157  0.9971948
7.267790   0.415400  0.0002116  0.9974064
7.287790   0.410070  0.0002077  0.9976141
7.307790   0.404880  0.0002040  0.9978181
7.327790   0.399800  0.0002001  0.9980182
7.347790   0.394850  0.0001966  0.9982148
7.367790   0.390020  0.0001931  0.9984078
7.387790   0.385300  0.0001896  0.9985974
7.407790   0.380690  0.0001863  0.9987837
7.427790   0.376200  0.0001830  0.9989667
7.447790   0.371810  0.0001797  0.9991463
7.467790   0.367520  0.0001766  0.9993229
7.487790   0.363330  0.0001737  0.9994966
7.507790   0.359240  0.0001706  0.9996672
7.527790   0.355250  0.0001677  0.9998350
7.547790   0.351350  0.0001650  1.0000000
