1.329240   0.000010  0.0000000  0.0000000
1.349240   0.000300  0.0000024  0.0000024
1.369240   0.000730  0.0000063  0.0000088
1.389240   0.001230  0.0000118  0.0000206
1.409240   0.001750  0.0000188  0.0000394
1.429240   0.002290  0.0000269  0.0000663
1.449240   0.005230  0.0000686  0.0001349
1.469240   0.009410  0.0001376  0.0002725
1.489240   0.013420  0.0002194  0.0004919
1.509240   0.017160  0.0003158  0.0008077
1.529240   0.020860  0.0004335  0.0012412
1.549240   0.024730  0.0005842  0.0018254
1.569240   0.028750  0.0007767  0.0026021
1.589240   0.032810  0.0010216  0.0036237
1.609240   0.036850  0.0013329  0.0049566
1.629240   0.040810  0.0017315  0.0066881
1.649240   0.044670  0.0022478  0.0089359
1.669240   0.048410  0.0029256  0.0118615
1.689240   0.052030  0.0038333  0.0156949
1.709240   0.055520  0.0050772  0.0207721
1.729240   0.058900  0.0068308  0.0276030
1.749240   0.062200  0.0093903  0.0369932
1.769240   0.065470  0.0132881  0.0502813
1.789240   0.068840  0.0195405  0.0698218
1.809240   0.072610  0.0301942  0.1000161
1.829240   0.077520  0.0493124  0.1493285
1.849240   0.084280  0.0820659  0.2313943
1.869240   0.092060  0.1219088  0.3533031
1.889240   0.099720  0.1356746  0.4889777
1.909240   0.106700  0.1123654  0.6013431
1.929240   0.112830  0.0813725  0.6827156
1.949240   0.118080  0.0579893  0.7407049
1.969240   0.122480  0.0423742  0.7830791
1.989240   0.126080  0.0319829  0.8150620
2.009240   0.128950  0.0248676  0.8399296
2.029240   0.131150  0.0198260  0.8597556
2.049240   0.132740  0.0161368  0.8758924
2.069240   0.133790  0.0133600  0.8892524
2.089240   0.134340  0.0112190  0.9004714
2.109240   0.134480  0.0095338  0.9100051
2.129240   0.134230  0.0081841  0.9181893
2.149240   0.133670  0.0070870  0.9252763
2.169240   0.132830  0.0061838  0.9314600
2.189240   0.131760  0.0054322  0.9368922
2.209240   0.130510  0.0048005  0.9416927
2.229240   0.129100  0.0042651  0.9459578
2.249240   0.127570  0.0038082  0.9497660
2.269240   0.125960  0.0034157  0.9531817
2.289240   0.124280  0.0030765  0.9562582
2.309240   0.122560  0.0027817  0.9590399
2.329240   0.120820  0.0025245  0.9615645
2.349240   0.119080  0.0022990  0.9638635
2.369240   0.117340  0.0021004  0.9659638
2.389240   0.115640  0.0019250  0.9678889
2.409240   0.113960  0.0017695  0.9696584
2.429240   0.112320  0.0016311  0.9712895
2.449240   0.110740  0.0015076  0.9727971
2.469240   0.109200  0.0013972  0.9741943
2.489240   0.107720  0.0012980  0.9754923
2.509240   0.106300  0.0012088  0.9767011
2.529240   0.104940  0.0011284  0.9778295
2.549240   0.103640  0.0010555  0.9788850
2.569240   0.102400  0.0009896  0.9798745
2.589240   0.101220  0.0009296  0.9808041
2.609240   0.100110  0.0008751  0.9816791
2.629240   0.099050  0.0008253  0.9825044
2.649240   0.098050  0.0007795  0.9832839
2.669240   0.097110  0.0007379  0.9840218
2.689240   0.096220  0.0006995  0.9847213
2.709240   0.095380  0.0006642  0.9853855
2.729240   0.094600  0.0006317  0.9860173
2.749240   0.093860  0.0006017  0.9866190
2.769240   0.093170  0.0005738  0.9871928
2.789240   0.092530  0.0005481  0.9877408
2.809240   0.091920  0.0005242  0.9882650
2.829240   0.091360  0.0005019  0.9887669
2.849240   0.090840  0.0004813  0.9892483
2.869240   0.090350  0.0004619  0.9897102
2.889240   0.089890  0.0004440  0.9901541
2.909240   0.089470  0.0004270  0.9905812
2.929240   0.089080  0.0004113  0.9909925
2.949240   0.088720  0.0003964  0.9913888
2.969240   0.088380  0.0003825  0.9917714
2.989240   0.088080  0.0003693  0.9921406
3.009240   0.087790  0.0003570  0.9924976
3.029240   0.087530  0.0003454  0.9928430
3.049240   0.087290  0.0003343  0.9931773
3.069240   0.087070  0.0003239  0.9935013
3.089240   0.086870  0.0003139  0.9938152
3.109240   0.086680  0.0003045  0.9941198
3.129240   0.086520  0.0002958  0.9944155
3.149240   0.086360  0.0002874  0.9947029
3.169240   0.086230  0.0002792  0.9949822
3.189240   0.086100  0.0002717  0.9952538
3.209240   0.085990  0.0002643  0.9955182
3.229240   0.085890  0.0002574  0.9957756
3.249240   0.085810  0.0002509  0.9960264
3.269240   0.085730  0.0002445  0.9962710
3.289240   0.085660  0.0002384  0.9965094
3.309240   0.085600  0.0002327  0.9967421
3.329240   0.085550  0.0002272  0.9969692
3.349240   0.085510  0.0002217  0.9971909
3.369240   0.085480  0.0002166  0.9974075
3.389240   0.085450  0.0002117  0.9976192
3.409240   0.085430  0.0002070  0.9978261
3.429240   0.085420  0.0002025  0.9980286
3.449240   0.085410  0.0001982  0.9982268
3.469240   0.085400  0.0001939  0.9984207
3.489240   0.085400  0.0001898  0.9986106
3.509240   0.085410  0.0001860  0.9987965
3.529240   0.085420  0.0001823  0.9989788
3.549240   0.085430  0.0001786  0.9991574
3.569240   0.085450  0.0001751  0.9993325
3.589240   0.085470  0.0001717  0.9995042
3.609240   0.085490  0.0001684  0.9996726
3.629240   0.085520  0.0001653  0.9998379
3.649240   0.085540  0.0001621  1.0000000
