1.388250   0.000010  0.0000000  0.0000000
1.408250   0.000030  0.0000002  0.0000002
1.428250   0.000070  0.0000004  0.0000006
1.448250   0.000150  0.0000008  0.0000015
1.468250   0.000290  0.0000017  0.0000031
1.488250   0.000570  0.0000035  0.0000066
1.508250   0.001070  0.0000073  0.0000139
1.528250   0.001880  0.0000139  0.0000278
1.548250   0.003130  0.0000251  0.0000530
1.568250   0.004830  0.0000422  0.0000952
1.588250   0.006990  0.0000669  0.0001621
1.608250   0.009580  0.0001006  0.0002626
1.628250   0.012580  0.0001452  0.0004078
1.648250   0.015970  0.0002034  0.0006112
1.668250   0.019720  0.0002780  0.0008892
1.688250   0.023790  0.0003729  0.0012621
1.708250   0.028170  0.0004928  0.0017549
1.728250   0.032830  0.0006438  0.0023988
1.748250   0.037770  0.0008348  0.0032335
1.768250   0.043010  0.0010774  0.0043110
1.788250   0.048690  0.0013907  0.0057017
1.808250   0.055140  0.0018081  0.0075098
1.828250   0.063290  0.0023998  0.0099096
1.848250   0.074160  0.0032747  0.0131842
1.868250   0.086890  0.0045013  0.0176855
1.888250   0.100020  0.0061276  0.0238131
1.908250   0.113390  0.0082810  0.0320941
1.928250   0.127030  0.0111389  0.0432329
1.948250   0.139680  0.0148245  0.0580574
1.968250   0.151080  0.0195534  0.0776109
1.988250   0.161240  0.0255859  0.1031968
2.008250   0.170220  0.0331441  0.1363408
2.028250   0.178070  0.0422343  0.1785751
2.048250   0.184870  0.0523165  0.2308916
2.068250   0.190690  0.0619277  0.2928193
2.088250   0.195600  0.0687490  0.3615683
2.108250   0.199680  0.0706895  0.4322578
2.128250   0.203000  0.0673946  0.4996524
2.148250   0.205640  0.0604450  0.5600974
2.168250   0.207680  0.0520472  0.6121446
2.188250   0.209180  0.0438336  0.6559782
2.208250   0.210230  0.0365968  0.6925750
2.228250   0.210890  0.0305473  0.7231223
2.248250   0.211220  0.0256133  0.7487356
2.268250   0.211280  0.0216258  0.7703614
2.288250   0.211120  0.0184058  0.7887672
2.308250   0.210800  0.0157953  0.8045625
2.328250   0.210350  0.0136656  0.8182282
2.348250   0.209810  0.0119155  0.8301436
2.368250   0.209220  0.0104664  0.8406100
2.388250   0.208600  0.0092568  0.8498668
2.408250   0.207970  0.0082401  0.8581069
2.428250   0.207350  0.0073789  0.8654858
2.448250   0.206760  0.0066447  0.8721305
2.468250   0.206220  0.0060148  0.8781452
2.488250   0.205720  0.0054709  0.8836161
2.508250   0.205270  0.0049986  0.8886147
2.528250   0.204890  0.0045864  0.8932012
2.548250   0.204570  0.0042249  0.8974261
2.568250   0.204310  0.0039060  0.9013321
2.588250   0.204110  0.0036237  0.9049558
2.608250   0.203990  0.0033725  0.9083283
2.628250   0.203920  0.0031483  0.9114767
2.648250   0.203910  0.0029472  0.9144239
2.668250   0.203960  0.0027663  0.9171902
2.688250   0.204060  0.0026030  0.9197932
2.708250   0.204220  0.0024551  0.9222483
2.728250   0.204420  0.0023204  0.9245687
2.748250   0.204670  0.0021979  0.9267666
2.768250   0.204960  0.0020857  0.9288522
2.788250   0.205290  0.0019828  0.9308351
2.808250   0.205660  0.0018883  0.9327234
2.828250   0.206060  0.0018013  0.9345246
2.848250   0.206480  0.0017208  0.9362455
2.868250   0.206940  0.0016463  0.9378917
2.888250   0.207410  0.0015771  0.9394688
2.908250   0.207910  0.0015129  0.9409817
2.928250   0.208430  0.0014528  0.9424345
2.948250   0.208960  0.0013970  0.9438315
2.968250   0.209510  0.0013446  0.9451761
2.988250   0.210070  0.0012956  0.9464717
3.008250   0.210650  0.0012497  0.9477213
3.028250   0.211230  0.0012064  0.9489278
3.048250   0.211820  0.0011657  0.9500935
3.068250   0.212420  0.0011273  0.9512208
3.088250   0.213020  0.0010911  0.9523119
3.108250   0.213630  0.0010569  0.9533688
3.128250   0.214240  0.0010242  0.9543930
3.148250   0.214850  0.0009935  0.9553865
3.168250   0.215460  0.0009644  0.9563509
3.188250   0.216070  0.0009366  0.9572875
3.208250   0.216680  0.0009102  0.9581977
3.228250   0.217290  0.0008850  0.9590827
3.248250   0.217900  0.0008612  0.9599439
3.268250   0.218510  0.0008383  0.9607822
3.288250   0.219110  0.0008163  0.9615984
3.308250   0.219710  0.0007955  0.9623939
3.328250   0.220300  0.0007756  0.9631695
3.348250   0.220890  0.0007564  0.9639259
3.368250   0.221480  0.0007380  0.9646639
3.388250   0.222060  0.0007205  0.9653844
3.408250   0.222640  0.0007037  0.9660881
3.428250   0.223210  0.0006875  0.9667755
3.448250   0.223780  0.0006719  0.9674474
3.468250   0.224340  0.0006567  0.9681041
3.488250   0.224890  0.0006424  0.9687465
3.508250   0.225440  0.0006285  0.9693750
3.528250   0.225980  0.0006152  0.9699902
3.548250   0.226520  0.0006021  0.9705922
3.568250   0.227050  0.0005896  0.9711818
3.588250   0.227570  0.0005776  0.9717594
3.608250   0.228090  0.0005659  0.9723253
3.628250   0.228600  0.0005547  0.9728800
3.648250   0.229110  0.0005439  0.9734240
3.668250   0.229610  0.0005335  0.9739575
3.688250   0.230100  0.0005233  0.9744808
3.708250   0.230590  0.0005134  0.9749942
3.728250   0.231070  0.0005038  0.9754980
3.748250   0.231540  0.0004947  0.9759927
3.768250   0.232010  0.0004857  0.9764784
3.788250   0.232470  0.0004770  0.9769554
3.808250   0.232930  0.0004685  0.9774239
3.828250   0.233380  0.0004604  0.9778843
3.848250   0.233820  0.0004523  0.9783366
3.868250   0.234260  0.0004446  0.9787812
3.888250   0.234690  0.0004371  0.9792183
3.908250   0.235120  0.0004298  0.9796481
3.928250   0.235540  0.0004228  0.9800709
3.948250   0.235950  0.0004159  0.9804869
3.968250   0.236360  0.0004091  0.9808959
3.988250   0.236760  0.0004026  0.9812986
4.008250   0.237160  0.0003962  0.9816948
4.028250   0.237550  0.0003900  0.9820847
4.048250   0.237940  0.0003839  0.9824686
4.068250   0.238320  0.0003781  0.9828468
4.088250   0.238700  0.0003723  0.9832191
4.108250   0.239070  0.0003667  0.9835858
4.128250   0.239430  0.0003613  0.9839470
4.148250   0.239800  0.0003559  0.9843029
4.168250   0.240150  0.0003507  0.9846536
4.188250   0.240500  0.0003457  0.9849993
4.208250   0.240850  0.0003407  0.9853401
4.228250   0.241190  0.0003357  0.9856758
4.248250   0.241530  0.0003312  0.9860070
4.268250   0.241860  0.0003264  0.9863333
4.288250   0.242190  0.0003220  0.9866554
4.308250   0.242510  0.0003175  0.9869728
4.328250   0.242830  0.0003133  0.9872861
4.348250   0.243150  0.0003089  0.9875950
4.368250   0.243460  0.0003048  0.9878998
4.388250   0.243760  0.0003008  0.9882007
4.408250   0.244070  0.0002969  0.9884975
4.428250   0.244360  0.0002929  0.9887905
4.448250   0.244660  0.0002892  0.9890797
4.468250   0.244950  0.0002855  0.9893651
4.488250   0.245240  0.0002819  0.9896471
4.508250   0.245520  0.0002784  0.9899255
4.528250   0.245800  0.0002749  0.9902003
4.548250   0.246070  0.0002713  0.9904716
4.568250   0.246350  0.0002680  0.9907397
4.588250   0.246610  0.0002649  0.9910045
4.608250   0.246880  0.0002616  0.9912661
4.628250   0.247140  0.0002584  0.9915246
4.648250   0.247400  0.0002553  0.9917799
4.668250   0.247650  0.0002522  0.9920321
4.688250   0.247910  0.0002493  0.9922814
4.708250   0.248150  0.0002464  0.9925278
4.728250   0.248400  0.0002435  0.9927713
4.748250   0.248640  0.0002408  0.9930121
4.768250   0.248880  0.0002381  0.9932502
4.788250   0.249120  0.0002352  0.9934854
4.808250   0.249350  0.0002327  0.9937181
4.828250   0.249580  0.0002300  0.9939480
4.848250   0.249810  0.0002275  0.9941755
4.868250   0.250030  0.0002250  0.9944005
4.888250   0.250250  0.0002225  0.9946230
4.908250   0.250470  0.0002200  0.9948431
4.928250   0.250690  0.0002177  0.9950608
4.948250   0.250900  0.0002152  0.9952760
4.968250   0.251110  0.0002130  0.9954890
4.988250   0.251320  0.0002107  0.9956996
5.008250   0.251530  0.0002086  0.9959082
5.028250   0.251730  0.0002063  0.9961145
5.048250   0.251930  0.0002042  0.9963188
5.068250   0.252130  0.0002021  0.9965209
5.088250   0.252320  0.0002001  0.9967210
5.108250   0.252520  0.0001980  0.9969190
5.128250   0.252710  0.0001959  0.9971149
5.148250   0.252900  0.0001938  0.9973087
5.168250   0.253090  0.0001920  0.9975007
5.188250   0.253270  0.0001901  0.9976908
5.208250   0.253450  0.0001882  0.9978790
5.228250   0.253630  0.0001864  0.9980654
5.248250   0.253810  0.0001845  0.9982499
5.268250   0.253990  0.0001826  0.9984325
5.288250   0.254160  0.0001810  0.9986134
5.308250   0.254340  0.0001791  0.9987925
5.328250   0.254510  0.0001774  0.9989699
5.348250   0.254670  0.0001758  0.9991457
5.368250   0.254840  0.0001741  0.9993198
5.388250   0.255010  0.0001724  0.9994922
5.408250   0.255170  0.0001708  0.9996630
5.428250   0.255330  0.0001693  0.9998323
5.448250   0.255490  0.0001677  1.0000000
