1.277020   0.000010  0.0000000  0.0000000
1.297020   0.000050  0.0000002  0.0000002
1.317020   0.000140  0.0000008  0.0000010
1.337020   0.000280  0.0000019  0.0000029
1.357020   0.000510  0.0000037  0.0000066
1.377020   0.000840  0.0000068  0.0000134
1.397020   0.001280  0.0000113  0.0000247
1.417020   0.001840  0.0000179  0.0000426
1.437020   0.002550  0.0000272  0.0000698
1.457020   0.003660  0.0000430  0.0001128
1.477020   0.005480  0.0000712  0.0001841
1.497020   0.008170  0.0001176  0.0003016
1.517020   0.012330  0.0001976  0.0004992
1.537020   0.018500  0.0003313  0.0008305
1.557020   0.025040  0.0005034  0.0013339
1.577020   0.031360  0.0007115  0.0020454
1.597020   0.037480  0.0009649  0.0030103
1.617020   0.043480  0.0012776  0.0042879
1.637020   0.049420  0.0016696  0.0059576
1.657020   0.055630  0.0021773  0.0081349
1.677020   0.063110  0.0028849  0.0110198
1.697020   0.072180  0.0038883  0.0149081
1.717020   0.082590  0.0052920  0.0202001
1.737020   0.093850  0.0072239  0.0274240
1.757020   0.105430  0.0098508  0.0372748
1.777020   0.117070  0.0134163  0.0506911
1.797020   0.128940  0.0182776  0.0689688
1.817020   0.141880  0.0249140  0.0938827
1.837020   0.156960  0.0336418  0.1275245
1.857020   0.172460  0.0438712  0.1713957
1.877020   0.186440  0.0542567  0.2256523
1.897020   0.198690  0.0628951  0.2885475
1.917020   0.209390  0.0677986  0.3563461
1.937020   0.218710  0.0680224  0.4243684
1.957020   0.226770  0.0642181  0.4885865
1.977020   0.233670  0.0579992  0.5465857
1.997020   0.239490  0.0509419  0.5975276
2.017020   0.244310  0.0440789  0.6416065
2.037020   0.248180  0.0379066  0.6795132
2.057020   0.251200  0.0325759  0.7120891
2.077020   0.253410  0.0280624  0.7401515
2.097020   0.254880  0.0242720  0.7644235
2.117020   0.255680  0.0210944  0.7855179
2.137020   0.255870  0.0184250  0.8039430
2.157020   0.255510  0.0161736  0.8201166
2.177020   0.254650  0.0142656  0.8343822
2.197020   0.253350  0.0126396  0.8470217
2.217020   0.251660  0.0112469  0.8582686
2.237020   0.249630  0.0100474  0.8683160
2.257020   0.247310  0.0090094  0.8773255
2.277020   0.244750  0.0081069  0.8854323
2.297020   0.241980  0.0073188  0.8927511
2.317020   0.239040  0.0066277  0.8993788
2.337020   0.235960  0.0060193  0.9053981
2.357020   0.232780  0.0054822  0.9108803
2.377020   0.229530  0.0050060  0.9158864
2.397020   0.226230  0.0045829  0.9204693
2.417020   0.222910  0.0042056  0.9246749
2.437020   0.219580  0.0038684  0.9285432
2.457020   0.216260  0.0035661  0.9321094
2.477020   0.212970  0.0032948  0.9354042
2.497020   0.209730  0.0030504  0.9384546
2.517020   0.206540  0.0028297  0.9412843
2.537020   0.203420  0.0026304  0.9439148
2.557020   0.200370  0.0024499  0.9463647
2.577020   0.197400  0.0022858  0.9486505
2.597020   0.194520  0.0021368  0.9507872
2.617020   0.191730  0.0020011  0.9527883
2.637020   0.189040  0.0018772  0.9546655
2.657020   0.186440  0.0017637  0.9564292
2.677020   0.183940  0.0016602  0.9580893
2.697020   0.181540  0.0015650  0.9596544
2.717020   0.179230  0.0014778  0.9611322
2.737020   0.177030  0.0013973  0.9625294
2.757020   0.174930  0.0013234  0.9638528
2.777020   0.172920  0.0012550  0.9651078
2.797020   0.171010  0.0011920  0.9662998
2.817020   0.169190  0.0011337  0.9674335
2.837020   0.167470  0.0010796  0.9685131
2.857020   0.165830  0.0010296  0.9695427
2.877020   0.164270  0.0009828  0.9705255
2.897020   0.162800  0.0009396  0.9714651
2.917020   0.161410  0.0008993  0.9723644
2.937020   0.160100  0.0008616  0.9732260
2.957020   0.158860  0.0008264  0.9740523
2.977020   0.157700  0.0007936  0.9748460
2.997020   0.156600  0.0007628  0.9756088
3.017020   0.155570  0.0007339  0.9763427
3.037020   0.154600  0.0007070  0.9770497
3.057020   0.153690  0.0006814  0.9777311
3.077020   0.152830  0.0006576  0.9783887
3.097020   0.152030  0.0006351  0.9790238
3.117020   0.151290  0.0006139  0.9796377
3.137020   0.150590  0.0005937  0.9802314
3.157020   0.149940  0.0005748  0.9808062
3.177020   0.149330  0.0005569  0.9813631
3.197020   0.148760  0.0005400  0.9819031
3.217020   0.148240  0.0005239  0.9824271
3.237020   0.147750  0.0005087  0.9829358
3.257020   0.147290  0.0004941  0.9834299
3.277020   0.146880  0.0004803  0.9839102
3.297020   0.146490  0.0004673  0.9843775
3.317020   0.146130  0.0004548  0.9848323
3.337020   0.145800  0.0004428  0.9852751
3.357020   0.145500  0.0004315  0.9857066
3.377020   0.145230  0.0004206  0.9861272
3.397020   0.144980  0.0004103  0.9865375
3.417020   0.144750  0.0004004  0.9869380
3.437020   0.144540  0.0003910  0.9873289
3.457020   0.144350  0.0003817  0.9877106
3.477020   0.144190  0.0003730  0.9880836
3.497020   0.144030  0.0003646  0.9884482
3.517020   0.143900  0.0003566  0.9888048
3.537020   0.143780  0.0003490  0.9891538
3.557020   0.143680  0.0003413  0.9894951
3.577020   0.143590  0.0003343  0.9898294
3.597020   0.143510  0.0003273  0.9901568
3.617020   0.143440  0.0003208  0.9904775
3.637020   0.143390  0.0003144  0.9907919
3.657020   0.143340  0.0003082  0.9911001
3.677020   0.143310  0.0003022  0.9914023
3.697020   0.143280  0.0002965  0.9916988
3.717020   0.143260  0.0002909  0.9919897
3.737020   0.143260  0.0002853  0.9922750
3.757020   0.143250  0.0002802  0.9925552
3.777020   0.143260  0.0002750  0.9928303
3.797020   0.143270  0.0002703  0.9931006
3.817020   0.143290  0.0002656  0.9933661
3.837020   0.143310  0.0002608  0.9936270
3.857020   0.143340  0.0002565  0.9938835
3.877020   0.143380  0.0002522  0.9941357
3.897020   0.143420  0.0002479  0.9943836
3.917020   0.143460  0.0002438  0.9946273
3.937020   0.143500  0.0002398  0.9948672
3.957020   0.143550  0.0002359  0.9951031
3.977020   0.143610  0.0002322  0.9953353
3.997020   0.143660  0.0002285  0.9955638
4.017020   0.143720  0.0002250  0.9957889
4.037020   0.143780  0.0002215  0.9960104
4.057020   0.143850  0.0002182  0.9962286
4.077020   0.143910  0.0002149  0.9964435
4.097020   0.143980  0.0002118  0.9966554
4.117020   0.144050  0.0002085  0.9968639
4.137020   0.144120  0.0002057  0.9970696
4.157020   0.144200  0.0002026  0.9972722
4.177020   0.144270  0.0001997  0.9974719
4.197020   0.144350  0.0001970  0.9976689
4.217020   0.144430  0.0001941  0.9978630
4.237020   0.144500  0.0001915  0.9980545
4.257020   0.144580  0.0001888  0.9982433
4.277020   0.144660  0.0001863  0.9984296
4.297020   0.144740  0.0001838  0.9986134
4.317020   0.144820  0.0001814  0.9987948
4.337020   0.144910  0.0001789  0.9989737
4.357020   0.144990  0.0001766  0.9991504
4.377020   0.145070  0.0001744  0.9993247
4.397020   0.145150  0.0001721  0.9994968
4.417020   0.145240  0.0001698  0.9996667
4.437020   0.145320  0.0001678  0.9998345
4.457020   0.145400  0.0001655  1.0000000
