1.254000   0.000010  0.0000002  0.0000002
1.274000   0.002460  0.0000215  0.0000217
1.294000   0.003520  0.0000340  0.0000557
1.314000   0.004350  0.0000468  0.0001026
1.334000   0.005920  0.0000714  0.0001740
1.354000   0.007410  0.0001003  0.0002742
1.374000   0.008560  0.0001304  0.0004047
1.394000   0.009560  0.0001653  0.0005700
1.414000   0.010460  0.0002061  0.0007761
1.434000   0.014540  0.0003289  0.0011050
1.454000   0.022740  0.0005951  0.0017002
1.474000   0.027420  0.0008366  0.0025367
1.494000   0.031090  0.0011176  0.0036543
1.514000   0.034200  0.0014655  0.0051199
1.534000   0.036940  0.0019127  0.0070326
1.554000   0.039390  0.0025053  0.0095379
1.574000   0.041630  0.0033165  0.0128544
1.594000   0.043700  0.0044667  0.0173212
1.614000   0.045650  0.0061714  0.0234926
1.634000   0.047570  0.0088379  0.0323305
1.654000   0.049520  0.0133010  0.0456315
1.674000   0.051620  0.0214388  0.0670703
1.694000   0.054010  0.0379009  0.1049711
1.714000   0.056920  0.0743302  0.1793014
1.734000   0.060730  0.1433357  0.3226370
1.754000   0.094900  0.1165918  0.4392288
1.774000   0.116720  0.0818219  0.5210507
1.794000   0.141420  0.0571911  0.5782418
1.814000   0.179800  0.0416200  0.6198618
1.834000   0.245670  0.0313586  0.6512204
1.854000   0.324980  0.0247219  0.6759422
1.874000   0.393290  0.0206550  0.6965972
1.894000   0.447350  0.0180040  0.7146012
1.914000   0.489630  0.0161280  0.7307293
1.934000   0.522370  0.0147098  0.7454390
1.954000   0.547260  0.0135810  0.7590200
1.974000   0.565560  0.0126441  0.7716641
1.994000   0.578260  0.0118390  0.7835031
2.014000   0.586210  0.0111268  0.7946299
2.034000   0.590110  0.0104813  0.8051113
2.054000   0.590570  0.0098850  0.8149963
2.074000   0.588130  0.0093256  0.8243218
2.094000   0.583290  0.0087954  0.8331172
2.114000   0.576470  0.0082890  0.8414063
2.134000   0.568050  0.0078037  0.8492100
2.154000   0.558380  0.0073380  0.8565479
2.174000   0.547740  0.0068912  0.8634391
2.194000   0.536420  0.0064636  0.8699028
2.214000   0.524620  0.0060557  0.8759584
2.234000   0.512560  0.0056677  0.8816262
2.254000   0.500380  0.0053006  0.8869268
2.274000   0.488240  0.0049542  0.8918809
2.294000   0.476240  0.0046289  0.8965099
2.314000   0.464490  0.0043246  0.9008344
2.334000   0.453060  0.0040404  0.9048748
2.354000   0.442000  0.0037765  0.9086513
2.374000   0.431360  0.0035315  0.9121829
2.394000   0.421180  0.0033050  0.9154879
2.414000   0.411470  0.0030957  0.9185836
2.434000   0.402240  0.0029026  0.9214862
2.454000   0.393500  0.0027247  0.9242109
2.474000   0.385260  0.0025609  0.9267717
2.494000   0.377500  0.0024100  0.9291817
2.514000   0.370210  0.0022713  0.9314531
2.534000   0.363380  0.0021438  0.9335969
2.554000   0.356990  0.0020264  0.9356233
2.574000   0.351030  0.0019181  0.9375413
2.594000   0.345480  0.0018184  0.9393597
2.614000   0.340320  0.0017266  0.9410863
2.634000   0.335530  0.0016418  0.9427280
2.654000   0.331080  0.0015633  0.9442914
2.674000   0.326970  0.0014909  0.9457823
2.694000   0.323170  0.0014238  0.9472061
2.714000   0.319660  0.0013615  0.9485677
2.734000   0.316430  0.0013037  0.9498714
2.754000   0.313450  0.0012499  0.9511213
2.774000   0.310710  0.0011999  0.9523212
2.794000   0.308200  0.0011533  0.9534746
2.814000   0.305890  0.0011098  0.9545843
2.834000   0.303780  0.0010691  0.9556535
2.854000   0.301860  0.0010309  0.9566844
2.874000   0.300100  0.0009950  0.9576794
2.894000   0.298490  0.0009616  0.9586411
2.914000   0.297040  0.0009300  0.9595711
2.934000   0.295720  0.0009003  0.9604714
2.954000   0.294520  0.0008723  0.9613437
2.974000   0.293440  0.0008458  0.9621895
2.994000   0.292460  0.0008207  0.9630102
3.014000   0.291590  0.0007971  0.9638073
3.034000   0.290810  0.0007747  0.9645820
3.054000   0.290110  0.0007532  0.9653352
3.074000   0.289500  0.0007330  0.9660682
3.094000   0.288950  0.0007138  0.9667819
3.114000   0.288470  0.0006954  0.9674773
3.134000   0.288060  0.0006779  0.9681552
3.154000   0.287700  0.0006612  0.9688164
3.174000   0.287390  0.0006453  0.9694616
3.194000   0.287140  0.0006300  0.9700916
3.214000   0.286930  0.0006153  0.9707070
3.234000   0.286750  0.0006015  0.9713085
3.254000   0.286620  0.0005881  0.9718966
3.274000   0.286520  0.0005751  0.9724717
3.294000   0.286460  0.0005627  0.9730345
3.314000   0.286420  0.0005510  0.9735854
3.334000   0.286420  0.0005394  0.9741248
3.354000   0.286430  0.0005285  0.9746533
3.374000   0.286470  0.0005177  0.9751711
3.394000   0.286530  0.0005076  0.9756787
3.414000   0.286610  0.0004977  0.9761764
3.434000   0.286710  0.0004882  0.9766646
3.454000   0.286820  0.0004789  0.9771436
3.474000   0.286950  0.0004701  0.9776137
3.494000   0.287090  0.0004614  0.9780751
3.514000   0.287240  0.0004529  0.9785280
3.534000   0.287410  0.0004449  0.9789729
3.554000   0.287580  0.0004371  0.9794100
3.574000   0.287770  0.0004296  0.9798396
3.594000   0.287960  0.0004222  0.9802618
3.614000   0.288160  0.0004150  0.9806768
3.634000   0.288360  0.0004082  0.9810850
3.654000   0.288580  0.0004014  0.9814863
3.674000   0.288790  0.0003948  0.9818811
3.694000   0.289010  0.0003884  0.9822694
3.714000   0.289240  0.0003822  0.9826516
3.734000   0.289470  0.0003762  0.9830278
3.754000   0.289700  0.0003704  0.9833982
3.774000   0.289940  0.0003646  0.9837628
3.794000   0.290180  0.0003591  0.9841219
3.814000   0.290420  0.0003537  0.9844756
3.834000   0.290660  0.0003483  0.9848239
3.854000   0.290900  0.0003432  0.9851671
3.874000   0.291140  0.0003382  0.9855053
3.894000   0.291390  0.0003333  0.9858385
3.914000   0.291630  0.0003285  0.9861670
3.934000   0.291870  0.0003238  0.9864908
3.954000   0.292120  0.0003192  0.9868100
3.974000   0.292360  0.0003149  0.9871249
3.994000   0.292610  0.0003106  0.9874355
4.014000   0.292850  0.0003062  0.9877417
4.034000   0.293090  0.0003021  0.9880438
4.054000   0.293330  0.0002980  0.9883418
4.074000   0.293570  0.0002941  0.9886359
4.094000   0.293810  0.0002901  0.9889260
4.114000   0.294050  0.0002864  0.9892124
4.134000   0.294290  0.0002827  0.9894951
4.154000   0.294520  0.0002790  0.9897741
4.174000   0.294760  0.0002755  0.9900496
4.194000   0.294990  0.0002720  0.9903216
4.214000   0.295220  0.0002687  0.9905902
4.234000   0.295450  0.0002652  0.9908554
4.254000   0.295680  0.0002621  0.9911175
4.274000   0.295900  0.0002588  0.9913763
4.294000   0.296130  0.0002557  0.9916319
4.314000   0.296350  0.0002526  0.9918845
4.334000   0.296570  0.0002495  0.9921340
4.354000   0.296790  0.0002466  0.9923806
4.374000   0.297000  0.0002437  0.9926243
4.394000   0.297220  0.0002408  0.9928651
4.414000   0.297430  0.0002379  0.9931030
4.434000   0.297640  0.0002352  0.9933383
4.454000   0.297850  0.0002326  0.9935708
4.474000   0.298050  0.0002299  0.9938007
4.494000   0.298260  0.0002272  0.9940279
4.514000   0.298460  0.0002247  0.9942526
4.534000   0.298660  0.0002222  0.9944749
4.554000   0.298860  0.0002198  0.9946946
4.574000   0.299060  0.0002173  0.9949119
4.594000   0.299250  0.0002150  0.9951269
4.614000   0.299450  0.0002125  0.9953395
4.634000   0.299640  0.0002103  0.9955498
4.654000   0.299830  0.0002080  0.9957578
4.674000   0.300010  0.0002059  0.9959637
4.694000   0.300200  0.0002037  0.9961674
4.714000   0.300380  0.0002016  0.9963690
4.734000   0.300560  0.0001993  0.9965683
4.754000   0.300740  0.0001973  0.9967656
4.774000   0.300920  0.0001954  0.9969610
4.794000   0.301100  0.0001934  0.9971544
4.814000   0.301270  0.0001913  0.9973457
4.834000   0.301440  0.0001894  0.9975351
4.854000   0.301610  0.0001876  0.9977227
4.874000   0.301780  0.0001857  0.9979084
4.894000   0.301950  0.0001839  0.9980923
4.914000   0.302110  0.0001820  0.9982743
4.934000   0.302280  0.0001801  0.9984544
4.954000   0.302440  0.0001785  0.9986329
4.974000   0.302600  0.0001766  0.9988095
4.994000   0.302750  0.0001750  0.9989845
5.014000   0.302910  0.0001733  0.9991579
5.034000   0.303070  0.0001717  0.9993296
5.054000   0.303220  0.0001700  0.9994996
5.074000   0.303370  0.0001684  0.9996680
5.094000   0.303520  0.0001667  0.9998347
5.114000   0.303670  0.0001653  1.0000000
