1.277020   0.000010  0.0000000  0.0000000
1.297020   0.000050  0.0000002  0.0000002
1.317020   0.000140  0.0000008  0.0000010
1.337020   0.000280  0.0000019  0.0000029
1.357020   0.000510  0.0000037  0.0000066
1.377020   0.000840  0.0000068  0.0000134
1.397020   0.001280  0.0000113  0.0000247
1.417020   0.001840  0.0000179  0.0000426
1.437020   0.002550  0.0000272  0.0000698
1.457020   0.003660  0.0000430  0.0001128
1.477020   0.005490  0.0000712  0.0001841
1.497020   0.008180  0.0001178  0.0003018
1.517020   0.012370  0.0001983  0.0005001
1.537020   0.018610  0.0003331  0.0008332
1.557020   0.025200  0.0005067  0.0013398
1.577020   0.031560  0.0007160  0.0020559
1.597020   0.037720  0.0009709  0.0030268
1.617020   0.043740  0.0012853  0.0043120
1.637020   0.049710  0.0016791  0.0059911
1.657020   0.055930  0.0021884  0.0081796
1.677020   0.063400  0.0028981  0.0110776
1.697020   0.072480  0.0039038  0.0149814
1.717020   0.082880  0.0053095  0.0202909
1.737020   0.094130  0.0072435  0.0275344
1.757020   0.105700  0.0098721  0.0374064
1.777020   0.117320  0.0134384  0.0508448
1.797020   0.129160  0.0182993  0.0691441
1.817020   0.142080  0.0249321  0.0940762
1.837020   0.157130  0.0336519  0.1277281
1.857020   0.172600  0.0438700  0.1715981
1.877020   0.186550  0.0542444  0.2258425
1.897020   0.198760  0.0628779  0.2887205
1.917020   0.209430  0.0677855  0.3565060
1.937020   0.218720  0.0680198  0.4245258
1.957020   0.226740  0.0642252  0.4887510
1.977020   0.233610  0.0580119  0.5467629
1.997020   0.239390  0.0509547  0.5977176
2.017020   0.244170  0.0440891  0.6418067
2.037020   0.248020  0.0379129  0.6797195
2.057020   0.251000  0.0325781  0.7122976
2.077020   0.253190  0.0280608  0.7403584
2.097020   0.254630  0.0242676  0.7646259
2.117020   0.255410  0.0210878  0.7857138
2.137020   0.255580  0.0184168  0.8041306
2.157020   0.255190  0.0161646  0.8202952
2.177020   0.254320  0.0142557  0.8345509
2.197020   0.253000  0.0126295  0.8471804
2.217020   0.251300  0.0112368  0.8584172
2.237020   0.249260  0.0100374  0.8684546
2.257020   0.246940  0.0089998  0.8774543
2.277020   0.244370  0.0080974  0.8855518
2.297020   0.241590  0.0073097  0.8928615
2.317020   0.238650  0.0066192  0.8994808
2.337020   0.235580  0.0060113  0.9054921
2.357020   0.232400  0.0054746  0.9109667
2.377020   0.229150  0.0049990  0.9159657
2.397020   0.225860  0.0045764  0.9205420
2.417020   0.222540  0.0041996  0.9247417
2.437020   0.219220  0.0038628  0.9286045
2.457020   0.215910  0.0035610  0.9321655
2.477020   0.212640  0.0032899  0.9354553
2.497020   0.209400  0.0030459  0.9385012
2.517020   0.206230  0.0028258  0.9413270
2.537020   0.203110  0.0026267  0.9439538
2.557020   0.200080  0.0024464  0.9464002
2.577020   0.197120  0.0022827  0.9486829
2.597020   0.194250  0.0021339  0.9508168
2.617020   0.191470  0.0019984  0.9528152
2.637020   0.188790  0.0018747  0.9546899
2.657020   0.186200  0.0017617  0.9564516
2.677020   0.183710  0.0016581  0.9581097
2.697020   0.181320  0.0015632  0.9596729
2.717020   0.179030  0.0014761  0.9611490
2.737020   0.176840  0.0013958  0.9625448
2.757020   0.174750  0.0013219  0.9638667
2.777020   0.172750  0.0012538  0.9651205
2.797020   0.170850  0.0011910  0.9663115
2.817020   0.169040  0.0011327  0.9674442
2.837020   0.167320  0.0010788  0.9685230
2.857020   0.165690  0.0010285  0.9695515
2.877020   0.164150  0.0009822  0.9705337
2.897020   0.162690  0.0009388  0.9714725
2.917020   0.161300  0.0008986  0.9723711
2.937020   0.160000  0.0008610  0.9732321
2.957020   0.158770  0.0008260  0.9740581
2.977020   0.157610  0.0007930  0.9748511
2.997020   0.156510  0.0007623  0.9756134
3.017020   0.155490  0.0007335  0.9763470
3.037020   0.154520  0.0007066  0.9770535
3.057020   0.153610  0.0006812  0.9777348
3.077020   0.152770  0.0006574  0.9783921
3.097020   0.151970  0.0006347  0.9790268
3.117020   0.151230  0.0006135  0.9796403
3.137020   0.150530  0.0005935  0.9802339
3.157020   0.149880  0.0005746  0.9808085
3.177020   0.149280  0.0005567  0.9813651
3.197020   0.148720  0.0005398  0.9819049
3.217020   0.148200  0.0005237  0.9824287
3.237020   0.147710  0.0005085  0.9829372
3.257020   0.147260  0.0004941  0.9834313
3.277020   0.146840  0.0004803  0.9839116
3.297020   0.146460  0.0004671  0.9843787
3.317020   0.146100  0.0004546  0.9848333
3.337020   0.145780  0.0004428  0.9852761
3.357020   0.145480  0.0004315  0.9857076
3.377020   0.145210  0.0004206  0.9861282
3.397020   0.144960  0.0004103  0.9865385
3.417020   0.144730  0.0004002  0.9869388
3.437020   0.144520  0.0003907  0.9873295
3.457020   0.144340  0.0003817  0.9877112
3.477020   0.144170  0.0003730  0.9880842
3.497020   0.144020  0.0003646  0.9884488
3.517020   0.143890  0.0003566  0.9888054
3.537020   0.143770  0.0003487  0.9891542
3.557020   0.143670  0.0003413  0.9894955
3.577020   0.143580  0.0003341  0.9898296
3.597020   0.143500  0.0003273  0.9901570
3.617020   0.143430  0.0003208  0.9904777
3.637020   0.143380  0.0003144  0.9907921
3.657020   0.143340  0.0003082  0.9911003
3.677020   0.143300  0.0003022  0.9914025
3.697020   0.143280  0.0002965  0.9916990
3.717020   0.143260  0.0002907  0.9919897
3.737020   0.143250  0.0002853  0.9922750
3.757020   0.143250  0.0002802  0.9925552
3.777020   0.143260  0.0002750  0.9928302
3.797020   0.143270  0.0002703  0.9931006
3.817020   0.143290  0.0002656  0.9933661
3.837020   0.143310  0.0002608  0.9936270
3.857020   0.143340  0.0002565  0.9938835
3.877020   0.143380  0.0002522  0.9941357
3.897020   0.143410  0.0002479  0.9943836
3.917020   0.143460  0.0002438  0.9946273
3.937020   0.143500  0.0002398  0.9948672
3.957020   0.143550  0.0002359  0.9951031
3.977020   0.143610  0.0002322  0.9953353
3.997020   0.143660  0.0002285  0.9955638
4.017020   0.143720  0.0002250  0.9957889
4.037020   0.143780  0.0002215  0.9960104
4.057020   0.143850  0.0002182  0.9962286
4.077020   0.143920  0.0002149  0.9964435
4.097020   0.143980  0.0002118  0.9966554
4.117020   0.144050  0.0002085  0.9968639
4.137020   0.144130  0.0002057  0.9970696
4.157020   0.144200  0.0002026  0.9972722
4.177020   0.144270  0.0001997  0.9974719
4.197020   0.144350  0.0001970  0.9976689
4.217020   0.144430  0.0001941  0.9978630
4.237020   0.144510  0.0001915  0.9980545
4.257020   0.144580  0.0001888  0.9982433
4.277020   0.144660  0.0001863  0.9984296
4.297020   0.144740  0.0001838  0.9986134
4.317020   0.144830  0.0001814  0.9987948
4.337020   0.144910  0.0001789  0.9989737
4.357020   0.144990  0.0001766  0.9991504
4.377020   0.145070  0.0001744  0.9993247
4.397020   0.145150  0.0001721  0.9994968
4.417020   0.145240  0.0001698  0.9996667
4.437020   0.145320  0.0001678  0.9998345
4.457020   0.145400  0.0001655  1.0000000
