0.280220   0.000140  0.0000000  0.0000000
0.300220   0.001730  0.0000002  0.0000002
0.320220   0.003920  0.0000008  0.0000010
0.340220   0.006320  0.0000014  0.0000024
0.360220   0.008780  0.0000022  0.0000047
0.380220   0.011210  0.0000033  0.0000079
0.400220   0.013550  0.0000043  0.0000122
0.420220   0.015780  0.0000057  0.0000179
0.440220   0.017900  0.0000071  0.0000250
0.460220   0.019890  0.0000087  0.0000337
0.480220   0.021750  0.0000106  0.0000443
0.500220   0.023500  0.0000126  0.0000569
0.520220   0.025130  0.0000148  0.0000718
0.540220   0.026650  0.0000171  0.0000888
0.560220   0.028070  0.0000197  0.0001086
0.580220   0.029390  0.0000226  0.0001311
0.600220   0.030620  0.0000256  0.0001567
0.620220   0.031770  0.0000289  0.0001856
0.640220   0.032850  0.0000325  0.0002181
0.660220   0.033850  0.0000364  0.0002545
0.680220   0.034780  0.0000405  0.0002950
0.700220   0.035660  0.0000449  0.0003399
0.720220   0.036480  0.0000498  0.0003897
0.740220   0.037250  0.0000551  0.0004448
0.760220   0.037970  0.0000608  0.0005056
0.780220   0.038640  0.0000669  0.0005725
0.800220   0.039280  0.0000734  0.0006459
0.820220   0.039870  0.0000805  0.0007264
0.840220   0.040440  0.0000882  0.0008146
0.860220   0.040970  0.0000966  0.0009112
0.880220   0.041470  0.0001057  0.0010169
0.900220   0.041950  0.0001155  0.0011324
0.920220   0.042410  0.0001263  0.0012586
0.940220   0.042870  0.0001380  0.0013967
0.960220   0.043320  0.0001511  0.0015477
0.980220   0.043790  0.0001653  0.0017130
1.000220   0.044310  0.0001813  0.0018944
1.020220   0.044950  0.0001994  0.0020938
1.040220   0.045790  0.0002206  0.0023144
1.060220   0.047010  0.0002462  0.0025606
1.080220   0.048980  0.0002791  0.0028397
1.100220   0.052230  0.0003243  0.0031640
1.120220   0.057860  0.0003920  0.0035560
1.140220   0.067840  0.0005022  0.0040581
1.160220   0.085130  0.0006890  0.0047471
1.180220   0.115010  0.0010179  0.0057651
1.200220   0.164990  0.0015913  0.0073563
1.220220   0.242670  0.0025228  0.0098791
1.240220   0.355670  0.0038806  0.0137597
1.260220   0.501840  0.0054902  0.0192499
1.280220   0.661700  0.0069206  0.0261706
1.300220   0.810550  0.0079093  0.0340799
1.320220   0.917920  0.0085208  0.0426007
1.340220   0.966380  0.0089931  0.0515938
1.360220   0.967140  0.0094883  0.0610821
1.380220   0.930590  0.0100793  0.0711615
1.400220   0.871380  0.0107893  0.0819508
1.420220   0.808720  0.0116041  0.0935549
1.440220   0.745630  0.0125401  0.1060950
1.460220   0.685400  0.0136136  0.1197086
1.480220   0.633970  0.0148305  0.1345391
1.500220   0.587360  0.0162364  0.1507755
1.520220   0.544780  0.0178766  0.1686521
1.540220   0.507850  0.0197840  0.1884361
1.560220   0.472890  0.0220496  0.2104858
1.580220   0.439540  0.0247680  0.2352537
1.600220   0.408370  0.0280347  0.2632884
1.620220   0.378140  0.0320151  0.2953035
1.640220   0.349160  0.0368566  0.3321601
1.660220   0.321780  0.0426535  0.3748136
1.680220   0.295970  0.0493566  0.4241703
1.700220   0.271940  0.0564832  0.4806535
1.720220   0.249770  0.0628133  0.5434668
1.740220   0.229500  0.0663276  0.6097943
1.760220   0.211080  0.0650905  0.6748848
1.780220   0.194430  0.0588649  0.7337497
1.800220   0.179470  0.0495602  0.7833099
1.820220   0.166050  0.0397343  0.8230442
1.840220   0.154060  0.0310563  0.8541005
1.860220   0.143370  0.0240871  0.8781876
1.880220   0.133840  0.0187433  0.8969309
1.900220   0.125350  0.0147201  0.9116511
1.920220   0.117800  0.0117013  0.9233524
1.940220   0.111080  0.0094235  0.9327759
1.960220   0.105090  0.0076887  0.9404646
1.980220   0.099770  0.0063530  0.9468176
2.000220   0.095020  0.0053119  0.9521295
2.020220   0.090790  0.0044910  0.9566205
2.040220   0.087020  0.0038363  0.9604568
2.060220   0.083650  0.0033083  0.9637651
2.080220   0.080630  0.0028782  0.9666433
2.100220   0.077940  0.0025244  0.9691677
2.120220   0.075520  0.0022308  0.9713985
2.140220   0.073360  0.0019850  0.9733836
2.160220   0.071420  0.0017775  0.9751611
2.180220   0.069670  0.0016012  0.9767623
2.200220   0.068100  0.0014504  0.9782126
2.220220   0.066690  0.0013202  0.9795329
2.240220   0.065420  0.0012074  0.9807403
2.260220   0.064270  0.0011090  0.9818493
2.280220   0.063230  0.0010228  0.9828721
2.300220   0.062290  0.0009468  0.9838189
2.320220   0.061440  0.0008795  0.9846984
2.340220   0.060670  0.0008195  0.9855179
2.360220   0.059980  0.0007658  0.9862838
2.380220   0.059340  0.0007179  0.9870016
2.400220   0.058770  0.0006746  0.9876762
2.420220   0.058250  0.0006353  0.9883115
2.440220   0.057770  0.0005999  0.9889115
2.460220   0.057340  0.0005676  0.9894791
2.480220   0.056950  0.0005379  0.9900170
2.500220   0.056590  0.0005109  0.9905279
2.520220   0.056260  0.0004861  0.9910140
2.540220   0.055960  0.0004633  0.9914773
2.560220   0.055690  0.0004422  0.9919195
2.580220   0.055440  0.0004227  0.9923422
2.600220   0.055210  0.0004044  0.9927466
2.620220   0.055000  0.0003875  0.9931341
2.640220   0.054810  0.0003718  0.9935059
2.660220   0.054640  0.0003572  0.9938631
2.680220   0.054480  0.0003436  0.9942067
2.700220   0.054330  0.0003308  0.9945375
2.720220   0.054200  0.0003186  0.9948560
2.740220   0.054070  0.0003074  0.9951634
2.760220   0.053960  0.0002966  0.9954600
2.780220   0.053860  0.0002867  0.9957467
2.800220   0.053760  0.0002771  0.9960238
2.820220   0.053670  0.0002682  0.9962920
2.840220   0.053590  0.0002596  0.9965516
2.860220   0.053520  0.0002517  0.9968033
2.880220   0.053450  0.0002440  0.9970472
2.900220   0.053390  0.0002368  0.9972841
2.920220   0.053330  0.0002299  0.9975140
2.940220   0.053280  0.0002232  0.9977372
2.960220   0.053230  0.0002171  0.9979544
2.980220   0.053190  0.0002110  0.9981654
3.000220   0.053150  0.0002053  0.9983707
3.020220   0.053110  0.0002001  0.9985708
3.040220   0.053080  0.0001948  0.9987655
3.060220   0.053050  0.0001897  0.9989552
3.080220   0.053020  0.0001850  0.9991402
3.100220   0.052990  0.0001803  0.9993206
3.120220   0.052970  0.0001761  0.9994966
3.140220   0.052950  0.0001718  0.9996684
3.160220   0.052930  0.0001677  0.9998361
3.180220   0.052910  0.0001639  1.0000000
