0.539150   0.000020  0.0000000  0.0000000
0.559150   0.000040  0.0000000  0.0000000
0.579150   0.000080  0.0000000  0.0000000
0.599150   0.000130  0.0000002  0.0000002
0.619150   0.000210  0.0000002  0.0000004
0.639150   0.000330  0.0000004  0.0000008
0.659150   0.000520  0.0000008  0.0000016
0.679150   0.000780  0.0000012  0.0000028
0.699150   0.001160  0.0000022  0.0000050
0.719150   0.001710  0.0000034  0.0000084
0.739150   0.002500  0.0000054  0.0000138
0.759150   0.003640  0.0000084  0.0000222
0.779150   0.005270  0.0000132  0.0000354
0.799150   0.007630  0.0000206  0.0000560
0.819150   0.011080  0.0000324  0.0000884
0.839150   0.016140  0.0000512  0.0001396
0.859150   0.023650  0.0000812  0.0002208
0.879150   0.034880  0.0001296  0.0003504
0.899150   0.051620  0.0002080  0.0005584
0.919150   0.076230  0.0003328  0.0008912
0.939150   0.111380  0.0005268  0.0014180
0.959150   0.159810  0.0008176  0.0022357
0.979150   0.224150  0.0012368  0.0034725
0.999150   0.306980  0.0018159  0.0052884
1.019150   0.410710  0.0025759  0.0078643
1.039150   0.537550  0.0035111  0.0113754
1.059150   0.689300  0.0045654  0.0159407
1.079150   0.868000  0.0056224  0.0215631
1.099150   1.075730  0.0065220  0.0280851
1.119150   1.313860  0.0071156  0.0352008
1.139150   1.583050  0.0073364  0.0425372
1.159150   1.882720  0.0072204  0.0497577
1.179150   2.208650  0.0068724  0.0566301
1.199150   2.547910  0.0064202  0.0630503
1.219150   2.873280  0.0059794  0.0690297
1.239150   3.143440  0.0056374  0.0746671
1.259150   3.315020  0.0054466  0.0801137
1.279150   3.361330  0.0054278  0.0855415
1.299150   3.283150  0.0055844  0.0911259
1.319150   3.104320  0.0059118  0.0970377
1.339150   2.859010  0.0064070  0.1034447
1.359150   2.580280  0.0070694  0.1105141
1.379150   2.294050  0.0079037  0.1184178
1.399150   2.017900  0.0089181  0.1273359
1.419150   1.762210  0.0101253  0.1374612
1.439150   1.532020  0.0115416  0.1490028
1.459150   1.328780  0.0131898  0.1621927
1.479150   1.151630  0.0151011  0.1772938
1.499150   0.998510  0.0173192  0.1946130
1.519150   0.866740  0.0199053  0.2145183
1.539150   0.753600  0.0229430  0.2374612
1.559150   0.656430  0.0265445  0.2640057
1.579150   0.572840  0.0308532  0.2948590
1.599150   0.500790  0.0360358  0.3308948
1.619150   0.438530  0.0422502  0.3731450
1.639150   0.384600  0.0495479  0.4226929
1.659150   0.337790  0.0576551  0.4803480
1.679150   0.297080  0.0655810  0.5459291
1.699150   0.261630  0.0712698  0.6171989
1.719150   0.230720  0.0720540  0.6892529
1.739150   0.203730  0.0665372  0.7557901
1.759150   0.180170  0.0562315  0.8120216
1.779150   0.159560  0.0444289  0.8564505
1.799150   0.141530  0.0337353  0.8901859
1.819150   0.125720  0.0251809  0.9153667
1.839150   0.111860  0.0187494  0.9341162
1.859150   0.099670  0.0140379  0.9481540
1.879150   0.088950  0.0106098  0.9587638
1.899150   0.079510  0.0081077  0.9668715
1.919150   0.071190  0.0062660  0.9731375
1.939150   0.063830  0.0048952  0.9780327
1.959150   0.057320  0.0038631  0.9818958
1.979150   0.051540  0.0030773  0.9849731
1.999150   0.046420  0.0024731  0.9874462
2.019150   0.041870  0.0020037  0.9894498
2.039150   0.037820  0.0016353  0.9910851
2.059150   0.034210  0.0013438  0.9924289
2.079150   0.030980  0.0011112  0.9935402
2.099150   0.028100  0.0009242  0.9944644
2.119150   0.025520  0.0007730  0.9952374
2.139150   0.023200  0.0006496  0.9958871
2.159150   0.021120  0.0005486  0.9964357
2.179150   0.019260  0.0004654  0.9969011
2.199150   0.017570  0.0003964  0.9972975
2.219150   0.016060  0.0003390  0.9976365
2.239150   0.014690  0.0002908  0.9979273
2.259150   0.013450  0.0002506  0.9981779
2.279150   0.012330  0.0002164  0.9983943
2.299150   0.011320  0.0001876  0.9985820
2.319150   0.010400  0.0001630  0.9987450
2.339150   0.009560  0.0001422  0.9988872
2.359150   0.008800  0.0001242  0.9990114
2.379150   0.008110  0.0001088  0.9991202
2.399150   0.007480  0.0000956  0.9992158
2.419150   0.006910  0.0000842  0.9993000
2.439150   0.006380  0.0000744  0.9993744
2.459150   0.005900  0.0000658  0.9994402
2.479150   0.005460  0.0000582  0.9994984
2.499150   0.005060  0.0000518  0.9995502
2.519150   0.004690  0.0000460  0.9995962
2.539150   0.004360  0.0000410  0.9996372
2.559150   0.004050  0.0000366  0.9996738
2.579150   0.003760  0.0000328  0.9997066
2.599150   0.003500  0.0000294  0.9997360
2.619150   0.003260  0.0000264  0.9997624
2.639150   0.003030  0.0000238  0.9997862
2.659150   0.002830  0.0000214  0.9998076
2.679150   0.002640  0.0000192  0.9998268
2.699150   0.002460  0.0000174  0.9998442
2.719150   0.002300  0.0000158  0.9998600
2.739150   0.002150  0.0000142  0.9998742
2.759150   0.002010  0.0000128  0.9998870
2.779150   0.001890  0.0000116  0.9998986
2.799150   0.001770  0.0000106  0.9999092
2.819150   0.001660  0.0000096  0.9999188
2.839150   0.001550  0.0000088  0.9999276
2.859150   0.001460  0.0000080  0.9999356
2.879150   0.001370  0.0000074  0.9999430
2.899150   0.001290  0.0000066  0.9999496
2.919150   0.001210  0.0000062  0.9999558
2.939150   0.001140  0.0000056  0.9999614
2.959150   0.001070  0.0000052  0.9999666
2.979150   0.001010  0.0000048  0.9999714
2.999150   0.000950  0.0000044  0.9999758
3.019150   0.000890  0.0000040  0.9999798
3.039150   0.000840  0.0000036  0.9999834
3.059150   0.000800  0.0000034  0.9999868
3.079150   0.000750  0.0000032  0.9999900
3.099150   0.000710  0.0000028  0.9999928
3.119150   0.000670  0.0000026  0.9999954
3.139150   0.000630  0.0000024  0.9999978
3.159150   0.000600  0.0000022  1.0000000
