0.632700   0.000020  0.0000000  0.0000000
0.652700   0.003250  0.0000033  0.0000033
0.672700   0.008300  0.0000093  0.0000125
0.692700   0.014000  0.0000169  0.0000294
0.712700   0.019910  0.0000259  0.0000553
0.732700   0.025790  0.0000362  0.0000915
0.752700   0.031500  0.0000479  0.0001395
0.772700   0.036970  0.0000607  0.0002002
0.792700   0.042170  0.0000749  0.0002751
0.812700   0.047080  0.0000903  0.0003654
0.832700   0.051720  0.0001072  0.0004726
0.852700   0.056080  0.0001257  0.0005983
0.872700   0.060180  0.0001457  0.0007439
0.892700   0.064040  0.0001677  0.0009116
0.912700   0.067690  0.0001915  0.0011031
0.932700   0.071150  0.0002177  0.0013208
0.952700   0.074470  0.0002467  0.0015674
0.972700   0.077690  0.0002786  0.0018460
0.992700   0.080920  0.0003144  0.0021604
1.012700   0.084350  0.0003551  0.0025154
1.032700   0.088400  0.0004038  0.0029193
1.052700   0.093580  0.0004643  0.0033836
1.072700   0.099900  0.0005390  0.0039226
1.092700   0.107060  0.0006287  0.0045513
1.112700   0.114810  0.0007349  0.0052862
1.132700   0.122970  0.0008589  0.0061451
1.152700   0.131460  0.0010033  0.0071485
1.172700   0.140210  0.0011714  0.0083199
1.192700   0.149250  0.0013673  0.0096871
1.212700   0.158650  0.0015967  0.0112838
1.232700   0.168550  0.0018668  0.0131506
1.252700   0.179120  0.0021873  0.0153379
1.272700   0.190470  0.0025695  0.0179074
1.292700   0.202580  0.0030244  0.0209319
1.312700   0.215230  0.0035626  0.0244945
1.332700   0.228090  0.0041940  0.0286884
1.352700   0.240820  0.0049284  0.0336169
1.372700   0.253130  0.0057783  0.0393952
1.392700   0.264810  0.0067572  0.0461523
1.412700   0.275690  0.0078821  0.0540344
1.432700   0.285680  0.0091730  0.0632074
1.452700   0.294690  0.0106528  0.0738603
1.472700   0.302670  0.0123480  0.0862083
1.492700   0.309600  0.0142868  0.1004951
1.512700   0.315470  0.0164998  0.1169949
1.532700   0.320270  0.0190155  0.1360104
1.552700   0.324020  0.0218568  0.1578672
1.572700   0.326750  0.0250322  0.1828995
1.592700   0.328490  0.0285236  0.2114231
1.612700   0.329280  0.0322687  0.2436918
1.632700   0.329170  0.0361389  0.2798307
1.652700   0.328220  0.0399214  0.3197522
1.672700   0.326480  0.0433149  0.3630671
1.692700   0.324030  0.0459577  0.4090248
1.712700   0.320920  0.0474986  0.4565234
1.732700   0.317240  0.0476965  0.5042199
1.752700   0.313040  0.0465066  0.5507265
1.772700   0.308400  0.0441008  0.5948273
1.792700   0.303390  0.0408096  0.6356368
1.812700   0.298070  0.0370188  0.6726556
1.832700   0.292510  0.0330772  0.7057329
1.852700   0.286770  0.0292451  0.7349780
1.872700   0.280900  0.0256846  0.7606626
1.892700   0.274950  0.0224765  0.7831391
1.912700   0.268980  0.0196446  0.8027837
1.932700   0.263020  0.0171779  0.8199616
1.952700   0.257110  0.0150464  0.8350080
1.972700   0.251280  0.0132129  0.8482209
1.992700   0.245560  0.0116387  0.8598596
2.012700   0.239980  0.0102873  0.8701468
2.032700   0.234560  0.0091261  0.8792729
2.052700   0.229310  0.0081263  0.8873992
2.072700   0.224240  0.0072635  0.8946627
2.092700   0.219360  0.0065167  0.9011793
2.112700   0.214680  0.0058682  0.9070475
2.132700   0.210210  0.0053035  0.9123510
2.152700   0.205940  0.0048101  0.9171611
2.172700   0.201880  0.0043775  0.9215386
2.192700   0.198020  0.0039969  0.9255355
2.212700   0.194360  0.0036614  0.9291969
2.232700   0.190890  0.0033641  0.9325609
2.252700   0.187620  0.0031003  0.9356613
2.272700   0.184530  0.0028654  0.9385267
2.292700   0.181620  0.0026555  0.9411822
2.312700   0.178890  0.0024675  0.9436497
2.332700   0.176310  0.0022986  0.9459483
2.352700   0.173900  0.0021466  0.9480949
2.372700   0.171630  0.0020091  0.9501040
2.392700   0.169510  0.0018849  0.9519889
2.412700   0.167520  0.0017719  0.9537609
2.432700   0.165660  0.0016691  0.9554299
2.452700   0.163910  0.0015755  0.9570054
2.472700   0.162290  0.0014899  0.9584953
2.492700   0.160770  0.0014113  0.9599066
2.512700   0.159350  0.0013393  0.9612459
2.532700   0.158030  0.0012728  0.9625187
2.552700   0.156800  0.0012117  0.9637305
2.572700   0.155650  0.0011552  0.9648856
2.592700   0.154570  0.0011029  0.9659885
2.612700   0.153580  0.0010544  0.9670429
2.632700   0.152650  0.0010091  0.9680520
2.652700   0.151780  0.0009671  0.9690191
2.672700   0.150980  0.0009280  0.9699472
2.692700   0.150230  0.0008914  0.9708386
2.712700   0.149540  0.0008573  0.9716959
2.732700   0.148890  0.0008252  0.9725210
2.752700   0.148290  0.0007951  0.9733162
2.772700   0.147730  0.0007668  0.9740829
2.792700   0.147210  0.0007402  0.9748231
2.812700   0.146730  0.0007151  0.9755383
2.832700   0.146290  0.0006915  0.9762297
2.852700   0.145870  0.0006692  0.9768989
2.872700   0.145490  0.0006480  0.9775470
2.892700   0.145140  0.0006281  0.9781751
2.912700   0.144810  0.0006090  0.9787840
2.932700   0.144510  0.0005911  0.9793751
2.952700   0.144230  0.0005738  0.9799489
2.972700   0.143970  0.0005575  0.9805064
2.992700   0.143730  0.0005421  0.9810485
3.012700   0.143510  0.0005273  0.9815758
3.032700   0.143300  0.0005131  0.9820889
3.052700   0.143110  0.0004997  0.9825886
3.072700   0.142940  0.0004868  0.9830753
3.092700   0.142780  0.0004744  0.9835497
3.112700   0.142630  0.0004625  0.9840122
3.132700   0.142500  0.0004512  0.9844634
3.152700   0.142370  0.0004405  0.9849038
3.172700   0.142260  0.0004300  0.9853338
3.192700   0.142160  0.0004199  0.9857537
3.212700   0.142060  0.0004104  0.9861641
3.232700   0.141970  0.0004012  0.9865653
3.252700   0.141890  0.0003923  0.9869576
3.272700   0.141820  0.0003837  0.9873413
3.292700   0.141760  0.0003755  0.9877168
3.312700   0.141700  0.0003674  0.9880842
3.332700   0.141640  0.0003598  0.9884440
3.352700   0.141600  0.0003524  0.9887964
3.372700   0.141550  0.0003452  0.9891416
3.392700   0.141520  0.0003382  0.9894799
3.412700   0.141480  0.0003316  0.9898115
3.432700   0.141450  0.0003251  0.9901366
3.452700   0.141430  0.0003189  0.9904554
3.472700   0.141400  0.0003127  0.9907681
3.492700   0.141390  0.0003069  0.9910751
3.512700   0.141370  0.0003012  0.9913763
3.532700   0.141360  0.0002956  0.9916719
3.552700   0.141350  0.0002903  0.9919622
3.572700   0.141340  0.0002851  0.9922473
3.592700   0.141330  0.0002802  0.9925275
3.612700   0.141330  0.0002753  0.9928028
3.632700   0.141330  0.0002705  0.9930733
3.652700   0.141330  0.0002658  0.9933391
3.672700   0.141330  0.0002613  0.9936004
3.692700   0.141330  0.0002570  0.9938574
3.712700   0.141340  0.0002528  0.9941102
3.732700   0.141340  0.0002487  0.9943589
3.752700   0.141350  0.0002446  0.9946035
3.772700   0.141360  0.0002407  0.9948442
3.792700   0.141370  0.0002368  0.9950810
3.812700   0.141380  0.0002331  0.9953141
3.832700   0.141390  0.0002296  0.9955437
3.852700   0.141410  0.0002261  0.9957698
3.872700   0.141420  0.0002226  0.9959924
3.892700   0.141430  0.0002193  0.9962117
3.912700   0.141450  0.0002160  0.9964277
3.932700   0.141460  0.0002127  0.9966405
3.952700   0.141480  0.0002096  0.9968501
3.972700   0.141500  0.0002066  0.9970566
3.992700   0.141510  0.0002037  0.9972603
4.012700   0.141530  0.0002008  0.9974611
4.032700   0.141550  0.0001979  0.9976590
4.052700   0.141570  0.0001950  0.9978540
4.072700   0.141580  0.0001924  0.9980464
4.092700   0.141600  0.0001897  0.9982361
4.112700   0.141620  0.0001872  0.9984233
4.132700   0.141640  0.0001845  0.9986078
4.152700   0.141660  0.0001821  0.9987899
4.172700   0.141680  0.0001798  0.9989697
4.192700   0.141700  0.0001773  0.9991470
4.212700   0.141720  0.0001751  0.9993221
4.232700   0.141740  0.0001728  0.9994949
4.252700   0.141760  0.0001705  0.9996655
4.272700   0.141780  0.0001683  0.9998338
4.292700   0.141800  0.0001662  1.0000000
