1.323920   0.000010  0.0000000  0.0000000
1.343920   0.000030  0.0000002  0.0000002
1.363920   0.000060  0.0000002  0.0000004
1.383920   0.000110  0.0000006  0.0000010
1.403920   0.000200  0.0000012  0.0000023
1.423920   0.000340  0.0000021  0.0000044
1.443920   0.000520  0.0000035  0.0000079
1.463920   0.000790  0.0000058  0.0000137
1.483920   0.001190  0.0000096  0.0000233
1.503920   0.001760  0.0000156  0.0000388
1.523920   0.002550  0.0000247  0.0000636
1.543920   0.003600  0.0000386  0.0001022
1.563920   0.004950  0.0000584  0.0001605
1.583920   0.006610  0.0000864  0.0002469
1.603920   0.008590  0.0001248  0.0003718
1.623920   0.010910  0.0001770  0.0005487
1.643920   0.013550  0.0002465  0.0007953
1.663920   0.016530  0.0003387  0.0011340
1.683920   0.019890  0.0004619  0.0015959
1.703920   0.023700  0.0006279  0.0022238
1.723920   0.028050  0.0008534  0.0030772
1.743920   0.033000  0.0011625  0.0042396
1.763920   0.038620  0.0015893  0.0058289
1.783920   0.044960  0.0021835  0.0080124
1.803920   0.052050  0.0030178  0.0110302
1.823920   0.059920  0.0042000  0.0152301
1.843920   0.068570  0.0058941  0.0211243
1.863920   0.078010  0.0083526  0.0294768
1.883920   0.088230  0.0119610  0.0414379
1.903920   0.099230  0.0172909  0.0587288
1.923920   0.110940  0.0251078  0.0838366
1.943920   0.123290  0.0361635  0.1200001
1.963920   0.136130  0.0503801  0.1703802
1.983920   0.149310  0.0652534  0.2356337
2.003920   0.162650  0.0753970  0.3110306
2.023920   0.175990  0.0765758  0.3876065
2.043920   0.189130  0.0700852  0.4576917
2.063920   0.201920  0.0603556  0.5180473
2.083920   0.214220  0.0506910  0.5687383
2.103920   0.225910  0.0424076  0.6111459
2.123920   0.236880  0.0356964  0.6468424
2.143920   0.247070  0.0303485  0.6771909
2.163920   0.256420  0.0260821  0.7032730
2.183920   0.264910  0.0226477  0.7259207
2.203920   0.272510  0.0198494  0.7457701
2.223920   0.279240  0.0175401  0.7633102
2.243920   0.285120  0.0156108  0.7789211
2.263920   0.290170  0.0139800  0.7929011
2.283920   0.294420  0.0125874  0.8054885
2.303920   0.297910  0.0113868  0.8168753
2.323920   0.300710  0.0103433  0.8272186
2.343920   0.302840  0.0094295  0.8366481
2.363920   0.304370  0.0086242  0.8452724
2.383920   0.305350  0.0079108  0.8531832
2.403920   0.305830  0.0072755  0.8604587
2.423920   0.305860  0.0067072  0.8671659
2.443920   0.305490  0.0061971  0.8733631
2.463920   0.304760  0.0057375  0.8791006
2.483920   0.303730  0.0053226  0.8844231
2.503920   0.302430  0.0049466  0.8893698
2.523920   0.300910  0.0046052  0.8939749
2.543920   0.299190  0.0042947  0.8982696
2.563920   0.297330  0.0040116  0.9022812
2.583920   0.295330  0.0037530  0.9060342
2.603920   0.293240  0.0035165  0.9095507
2.623920   0.291080  0.0032998  0.9128505
2.643920   0.288870  0.0031011  0.9159516
2.663920   0.286630  0.0029185  0.9188701
2.683920   0.284380  0.0027505  0.9216206
2.703920   0.282140  0.0025960  0.9242165
2.723920   0.279920  0.0024533  0.9266698
2.743920   0.277730  0.0023214  0.9289912
2.763920   0.275580  0.0021997  0.9311909
2.783920   0.273480  0.0020871  0.9332780
2.803920   0.271440  0.0019826  0.9352606
2.823920   0.269470  0.0018859  0.9371465
2.843920   0.267560  0.0017959  0.9389424
2.863920   0.265720  0.0017122  0.9406546
2.883920   0.263960  0.0016345  0.9422891
2.903920   0.262270  0.0015621  0.9438512
2.923920   0.260670  0.0014944  0.9453456
2.943920   0.259140  0.0014314  0.9467770
2.963920   0.257680  0.0013724  0.9481494
2.983920   0.256310  0.0013172  0.9494666
3.003920   0.255010  0.0012655  0.9507321
3.023920   0.253790  0.0012169  0.9519490
3.043920   0.252640  0.0011714  0.9531203
3.063920   0.251560  0.0011286  0.9542489
3.083920   0.250550  0.0010883  0.9553373
3.103920   0.249610  0.0010505  0.9563878
3.123920   0.248740  0.0010148  0.9574026
3.143920   0.247930  0.0009811  0.9583837
3.163920   0.247180  0.0009492  0.9593329
3.183920   0.246490  0.0009190  0.9602519
3.203920   0.245850  0.0008906  0.9611425
3.223920   0.245270  0.0008636  0.9620061
3.243920   0.244740  0.0008380  0.9628441
3.263920   0.244260  0.0008135  0.9636577
3.283920   0.243830  0.0007905  0.9644481
3.303920   0.243440  0.0007685  0.9652166
3.323920   0.243090  0.0007477  0.9659643
3.343920   0.242780  0.0007278  0.9666920
3.363920   0.242520  0.0007086  0.9674007
3.383920   0.242290  0.0006906  0.9680913
3.403920   0.242090  0.0006731  0.9687644
3.423920   0.241920  0.0006567  0.9694211
3.443920   0.241790  0.0006407  0.9700619
3.463920   0.241680  0.0006256  0.9706874
3.483920   0.241610  0.0006110  0.9712985
3.503920   0.241550  0.0005971  0.9718956
3.523920   0.241520  0.0005838  0.9724794
3.543920   0.241520  0.0005709  0.9730504
3.563920   0.241530  0.0005585  0.9736089
3.583920   0.241560  0.0005466  0.9741555
3.603920   0.241610  0.0005352  0.9746907
3.623920   0.241680  0.0005242  0.9752149
3.643920   0.241770  0.0005136  0.9757286
3.663920   0.241870  0.0005034  0.9762320
3.683920   0.241980  0.0004935  0.9767255
3.703920   0.242110  0.0004839  0.9772094
3.723920   0.242240  0.0004748  0.9776842
3.743920   0.242390  0.0004659  0.9781501
3.763920   0.242550  0.0004573  0.9786074
3.783920   0.242720  0.0004488  0.9790562
3.803920   0.242890  0.0004409  0.9794972
3.823920   0.243080  0.0004330  0.9799302
3.843920   0.243270  0.0004254  0.9803556
3.863920   0.243470  0.0004181  0.9807736
3.883920   0.243670  0.0004110  0.9811847
3.903920   0.243880  0.0004042  0.9815888
3.923920   0.244100  0.0003973  0.9819862
3.943920   0.244320  0.0003909  0.9823770
3.963920   0.244540  0.0003844  0.9827615
3.983920   0.244760  0.0003784  0.9831399
4.003920   0.244990  0.0003724  0.9835123
4.023920   0.245230  0.0003666  0.9838789
4.043920   0.245460  0.0003610  0.9842398
4.063920   0.245700  0.0003554  0.9845952
4.083920   0.245940  0.0003500  0.9849452
4.103920   0.246180  0.0003448  0.9852899
4.123920   0.246420  0.0003396  0.9856295
4.143920   0.246660  0.0003346  0.9859641
4.163920   0.246910  0.0003298  0.9862939
4.183920   0.247150  0.0003250  0.9866190
4.203920   0.247400  0.0003205  0.9869394
4.223920   0.247640  0.0003159  0.9872553
4.243920   0.247890  0.0003115  0.9875669
4.263920   0.248130  0.0003072  0.9878740
4.283920   0.248380  0.0003030  0.9881771
4.303920   0.248620  0.0002989  0.9884759
4.323920   0.248870  0.0002949  0.9887709
4.343920   0.249110  0.0002910  0.9890618
4.363920   0.249360  0.0002872  0.9893491
4.383920   0.249600  0.0002835  0.9896326
4.403920   0.249840  0.0002798  0.9899123
4.423920   0.250080  0.0002762  0.9901886
4.443920   0.250320  0.0002727  0.9904613
4.463920   0.250560  0.0002692  0.9907304
4.483920   0.250790  0.0002658  0.9909963
4.503920   0.251030  0.0002625  0.9912588
4.523920   0.251260  0.0002594  0.9915182
4.543920   0.251500  0.0002563  0.9917745
4.563920   0.251730  0.0002532  0.9920277
4.583920   0.251960  0.0002501  0.9922778
4.603920   0.252190  0.0002472  0.9925249
4.623920   0.252420  0.0002442  0.9927692
4.643920   0.252640  0.0002413  0.9930105
4.663920   0.252870  0.0002384  0.9932489
4.683920   0.253090  0.0002357  0.9934847
4.703920   0.253310  0.0002330  0.9937177
4.723920   0.253530  0.0002303  0.9939480
4.743920   0.253740  0.0002278  0.9941759
4.763920   0.253960  0.0002253  0.9944012
4.783920   0.254170  0.0002229  0.9946241
4.803920   0.254390  0.0002204  0.9948444
4.823920   0.254600  0.0002179  0.9950623
4.843920   0.254810  0.0002156  0.9952779
4.863920   0.255010  0.0002131  0.9954910
4.883920   0.255220  0.0002108  0.9957018
4.903920   0.255420  0.0002085  0.9959103
4.923920   0.255620  0.0002064  0.9961168
4.943920   0.255820  0.0002042  0.9963209
4.963920   0.256020  0.0002021  0.9965230
4.983920   0.256220  0.0002000  0.9967230
5.003920   0.256410  0.0001979  0.9969209
5.023920   0.256600  0.0001959  0.9971168
5.043920   0.256790  0.0001940  0.9973108
5.063920   0.256980  0.0001919  0.9975027
5.083920   0.257170  0.0001900  0.9976927
5.103920   0.257360  0.0001882  0.9978809
5.123920   0.257540  0.0001863  0.9980672
5.143920   0.257720  0.0001844  0.9982516
5.163920   0.257900  0.0001826  0.9984342
5.183920   0.258080  0.0001807  0.9986149
5.203920   0.258260  0.0001790  0.9987939
5.223920   0.258440  0.0001774  0.9989713
5.243920   0.258610  0.0001755  0.9991468
5.263920   0.258780  0.0001738  0.9993206
5.283920   0.258950  0.0001722  0.9994928
5.303920   0.259120  0.0001707  0.9996635
5.323920   0.259290  0.0001691  0.9998326
5.343920   0.259460  0.0001674  1.0000000
