1.076960   0.000010  0.0000000  0.0000000
1.096960   0.000970  0.0000064  0.0000064
1.116960   0.002480  0.0000181  0.0000245
1.136960   0.004210  0.0000336  0.0000581
1.156960   0.006040  0.0000527  0.0001108
1.176960   0.007880  0.0000754  0.0001861
1.196960   0.009710  0.0001021  0.0002882
1.216960   0.011480  0.0001332  0.0004214
1.236960   0.013200  0.0001690  0.0005905
1.256960   0.014850  0.0002110  0.0008015
1.276960   0.016480  0.0002604  0.0010620
1.296960   0.018130  0.0003199  0.0013819
1.316960   0.019950  0.0003945  0.0017764
1.336960   0.022140  0.0004929  0.0022693
1.356960   0.025040  0.0006310  0.0029003
1.376960   0.028960  0.0008303  0.0037307
1.396960   0.034020  0.0011167  0.0048474
1.416960   0.040150  0.0015190  0.0063664
1.436960   0.047190  0.0020737  0.0084401
1.456960   0.054980  0.0028301  0.0112702
1.476960   0.063380  0.0038577  0.0151279
1.496960   0.072640  0.0052824  0.0204104
1.516960   0.082930  0.0072836  0.0276940
1.536960   0.093610  0.0100475  0.0377415
1.556960   0.104590  0.0138883  0.0516298
1.576960   0.115900  0.0192543  0.0708841
1.596960   0.127600  0.0267253  0.0976094
1.616960   0.140330  0.0369449  0.1345543
1.636960   0.155720  0.0499759  0.1845301
1.656960   0.171980  0.0637756  0.2483058
1.676960   0.189120  0.0745250  0.3228307
1.696960   0.208350  0.0781488  0.4009795
1.716960   0.241530  0.0707119  0.4716914
1.736960   0.387130  0.0438133  0.5155047
1.756960   0.597850  0.0281645  0.5436692
1.776960   0.787030  0.0212831  0.5649523
1.796960   0.944140  0.0176521  0.5826044
1.816960   1.071460  0.0154703  0.5980747
1.836960   1.172910  0.0140470  0.6121217
1.856960   1.252140  0.0130686  0.6251903
1.876960   1.312360  0.0123725  0.6375629
1.896960   1.356190  0.0118671  0.6494300
1.916960   1.385880  0.0114959  0.6609259
1.936960   1.403420  0.0112216  0.6721475
1.956960   1.410420  0.0110190  0.6831666
1.976960   1.408420  0.0108692  0.6940357
1.996960   1.398730  0.0107572  0.7047929
2.016960   1.382530  0.0106715  0.7154644
2.036960   1.360840  0.0106021  0.7260665
2.056960   1.334630  0.0105399  0.7366065
2.076960   1.304750  0.0104776  0.7470840
2.096960   1.271920  0.0104078  0.7574918
2.116960   1.236820  0.0103242  0.7678160
2.136960   1.200030  0.0102214  0.7780374
2.156960   1.162070  0.0100952  0.7881327
2.176960   1.123360  0.0099418  0.7980745
2.196960   1.084310  0.0097590  0.8078335
2.216960   1.045220  0.0095457  0.8173793
2.236960   1.006380  0.0093017  0.8266810
2.256960   0.968010  0.0090289  0.8357100
2.276960   0.930300  0.0087294  0.8444393
2.296960   0.893410  0.0084066  0.8528459
2.316960   0.857470  0.0080648  0.8609107
2.336960   0.822570  0.0077082  0.8686189
2.356960   0.788780  0.0073419  0.8759608
2.376960   0.756150  0.0069703  0.8829311
2.396960   0.724720  0.0065980  0.8895291
2.416960   0.694510  0.0062291  0.8957582
2.436960   0.665530  0.0058671  0.9016254
2.456960   0.637780  0.0055149  0.9071402
2.476960   0.611240  0.0051748  0.9123150
2.496960   0.585890  0.0048488  0.9171638
2.516960   0.561720  0.0045382  0.9217020
2.536960   0.538700  0.0042437  0.9259457
2.556960   0.516780  0.0039660  0.9299117
2.576960   0.495940  0.0037047  0.9336164
2.596960   0.476140  0.0034599  0.9370763
2.616960   0.457340  0.0032314  0.9403077
2.636960   0.439500  0.0030183  0.9433260
2.656960   0.422590  0.0028200  0.9461461
2.676960   0.406560  0.0026360  0.9487820
2.696960   0.391370  0.0024653  0.9512473
2.716960   0.377000  0.0023070  0.9535543
2.736960   0.363390  0.0021604  0.9557146
2.756960   0.350510  0.0020249  0.9577395
2.776960   0.338330  0.0018995  0.9596390
2.796960   0.326810  0.0017834  0.9614224
2.816960   0.315920  0.0016761  0.9630985
2.836960   0.305630  0.0015769  0.9646754
2.856960   0.295900  0.0014851  0.9661605
2.876960   0.286710  0.0014000  0.9675605
2.896960   0.278020  0.0013214  0.9688819
2.916960   0.269820  0.0012485  0.9701304
2.936960   0.262070  0.0011810  0.9713114
2.956960   0.254750  0.0011184  0.9724297
2.976960   0.247840  0.0010603  0.9734900
2.996960   0.241310  0.0010064  0.9744964
3.016960   0.235140  0.0009563  0.9754528
3.036960   0.229320  0.0009098  0.9763626
3.056960   0.223820  0.0008664  0.9772289
3.076960   0.218620  0.0008260  0.9780550
3.096960   0.213710  0.0007883  0.9788433
3.116960   0.209080  0.0007533  0.9795966
3.136960   0.204710  0.0007206  0.9803172
3.156960   0.200570  0.0006899  0.9810072
3.176960   0.196680  0.0006613  0.9816685
3.196960   0.192990  0.0006345  0.9823030
3.216960   0.189520  0.0006096  0.9829127
3.236960   0.186240  0.0005860  0.9834986
3.256960   0.183150  0.0005639  0.9840625
3.276960   0.180230  0.0005433  0.9846059
3.296960   0.177470  0.0005238  0.9851296
3.316960   0.174870  0.0005055  0.9856351
3.336960   0.172410  0.0004884  0.9861235
3.356960   0.170090  0.0004721  0.9865956
3.376960   0.167900  0.0004567  0.9870522
3.396960   0.165830  0.0004422  0.9874945
3.416960   0.163870  0.0004284  0.9879229
3.436960   0.162020  0.0004155  0.9883384
3.456960   0.160280  0.0004033  0.9887417
3.476960   0.158630  0.0003916  0.9891333
3.496960   0.157060  0.0003807  0.9895140
3.516960   0.155590  0.0003702  0.9898842
3.536960   0.154190  0.0003601  0.9902443
3.556960   0.152870  0.0003506  0.9905949
3.576960   0.151620  0.0003416  0.9909365
3.596960   0.150440  0.0003331  0.9912696
3.616960   0.149330  0.0003249  0.9915945
3.636960   0.148270  0.0003171  0.9919115
3.656960   0.147270  0.0003094  0.9922210
3.676960   0.146320  0.0003022  0.9925232
3.696960   0.145430  0.0002954  0.9928187
3.716960   0.144580  0.0002889  0.9931075
3.736960   0.143770  0.0002825  0.9933900
3.756960   0.143020  0.0002765  0.9936665
3.776960   0.142300  0.0002707  0.9939373
3.796960   0.141620  0.0002652  0.9942024
3.816960   0.140970  0.0002598  0.9944623
3.836960   0.140360  0.0002547  0.9947170
3.856960   0.139780  0.0002497  0.9949667
3.876960   0.139240  0.0002450  0.9952117
3.896960   0.138720  0.0002403  0.9954520
3.916960   0.138230  0.0002359  0.9956879
3.936960   0.137760  0.0002316  0.9959195
3.956960   0.137330  0.0002275  0.9961470
3.976960   0.136910  0.0002234  0.9963704
3.996960   0.136520  0.0002195  0.9965899
4.016960   0.136140  0.0002158  0.9968057
4.036960   0.135790  0.0002123  0.9970179
4.056960   0.135460  0.0002088  0.9972267
4.076960   0.135140  0.0002053  0.9974320
4.096960   0.134840  0.0002020  0.9976340
4.116960   0.134560  0.0001989  0.9978328
4.136960   0.134290  0.0001958  0.9980286
4.156960   0.134040  0.0001927  0.9982213
4.176960   0.133800  0.0001898  0.9984112
4.196960   0.133580  0.0001869  0.9985981
4.216960   0.133370  0.0001843  0.9987824
4.236960   0.133160  0.0001814  0.9989638
4.256960   0.132970  0.0001789  0.9991427
4.276960   0.132790  0.0001762  0.9993189
4.296960   0.132630  0.0001738  0.9994927
4.316960   0.132470  0.0001715  0.9996642
4.336960   0.132320  0.0001690  0.9998332
4.356960   0.132170  0.0001668  1.0000000
