1.134780   0.000010  0.0000002  0.0000002
1.154780   0.000020  0.0000002  0.0000004
1.174780   0.000030  0.0000004  0.0000008
1.194780   0.000040  0.0000006  0.0000014
1.214780   0.000050  0.0000010  0.0000025
1.234780   0.000060  0.0000012  0.0000037
1.254780   0.000060  0.0000018  0.0000055
1.274780   0.000070  0.0000023  0.0000078
1.294780   0.000080  0.0000031  0.0000109
1.314780   0.000090  0.0000041  0.0000150
1.334780   0.000090  0.0000055  0.0000205
1.354780   0.000150  0.0000111  0.0000316
1.374780   0.000300  0.0000301  0.0000617
1.394780   0.000590  0.0000820  0.0001437
1.414780   0.001070  0.0002132  0.0003569
1.434780   0.001790  0.0005504  0.0009073
1.454780   0.003150  0.0016744  0.0025818
1.474780   0.005660  0.0063251  0.0089068
1.494780   0.009360  0.0331083  0.0420151
1.514780   0.014170  0.4322704  0.4742855
1.534780   0.019950  0.1492580  0.6235435
1.554780   0.026600  0.0462463  0.6697898
1.574780   0.034080  0.0252695  0.6950593
1.594780   0.042350  0.0173173  0.7123766
1.614780   0.051460  0.0133303  0.7257069
1.634780   0.061470  0.0109997  0.7367066
1.654780   0.072480  0.0095036  0.7462102
1.674780   0.084650  0.0084841  0.7546943
1.694780   0.098140  0.0077625  0.7624568
1.714780   0.113180  0.0072402  0.7696970
1.734780   0.130050  0.0068585  0.7765555
1.754780   0.149070  0.0065807  0.7831362
1.774780   0.170660  0.0063825  0.7895186
1.794780   0.195360  0.0062470  0.7957656
1.814780   0.223880  0.0061625  0.8019281
1.834780   0.257180  0.0061194  0.8080475
1.854780   0.296580  0.0061100  0.8141575
1.874780   0.343910  0.0061246  0.8202821
1.894780   0.401620  0.0061502  0.8264323
1.914780   0.472610  0.0061654  0.8325977
1.934780   0.559130  0.0061395  0.8387372
1.954780   0.660310  0.0060426  0.8447798
1.974780   0.769660  0.0058687  0.8506485
1.994780   0.876830  0.0056455  0.8562940
2.014780   0.972680  0.0054116  0.8617056
2.034780   1.052310  0.0051931  0.8668986
2.054780   1.114480  0.0050001  0.8718988
2.074780   1.160030  0.0048333  0.8767320
2.094780   1.190660  0.0046885  0.8814206
2.114780   1.208360  0.0045610  0.8859816
2.134780   1.215050  0.0044462  0.8904279
2.154780   1.212540  0.0043396  0.8947675
2.174780   1.202410  0.0042373  0.8990048
2.194780   1.186100  0.0041369  0.9031417
2.214780   1.164820  0.0040354  0.9071772
2.234780   1.139640  0.0039315  0.9111086
2.254780   1.111480  0.0038239  0.9149325
2.274780   1.081100  0.0037119  0.9186444
2.294780   1.049180  0.0035951  0.9222395
2.314780   1.016260  0.0034737  0.9257132
2.334780   0.982810  0.0033485  0.9290617
2.354780   0.949210  0.0032197  0.9322814
2.374780   0.915780  0.0030883  0.9353697
2.394780   0.882780  0.0029557  0.9383254
2.414780   0.850410  0.0028226  0.9411481
2.434780   0.818840  0.0026902  0.9438383
2.454780   0.788190  0.0025592  0.9463975
2.474780   0.758560  0.0024309  0.9488284
2.494780   0.730000  0.0023058  0.9511342
2.514780   0.702580  0.0021847  0.9533189
2.534780   0.676300  0.0020680  0.9553869
2.554780   0.651190  0.0019561  0.9573430
2.574780   0.627240  0.0018493  0.9591924
2.594780   0.604440  0.0017478  0.9609402
2.614780   0.582780  0.0016517  0.9625919
2.634780   0.562210  0.0015607  0.9641525
2.654780   0.542730  0.0014752  0.9656277
2.674780   0.524270  0.0013946  0.9670223
2.694780   0.506820  0.0013192  0.9683415
2.714780   0.490340  0.0012484  0.9695899
2.734780   0.474770  0.0011822  0.9707722
2.754780   0.460080  0.0011203  0.9718925
2.774780   0.446230  0.0010625  0.9729550
2.794780   0.433190  0.0010086  0.9739636
2.814780   0.420900  0.0009584  0.9749220
2.834780   0.409330  0.0009114  0.9758334
2.854780   0.398440  0.0008676  0.9767010
2.874780   0.388200  0.0008268  0.9775277
2.894780   0.378570  0.0007886  0.9783164
2.914780   0.369510  0.0007530  0.9790693
2.934780   0.361000  0.0007198  0.9797891
2.954780   0.353010  0.0006888  0.9804779
2.974780   0.345490  0.0006599  0.9811378
2.994780   0.338440  0.0006328  0.9817706
3.014780   0.331810  0.0006074  0.9823780
3.034780   0.325580  0.0005836  0.9829617
3.054780   0.319740  0.0005615  0.9835231
3.074780   0.314250  0.0005406  0.9840637
3.094780   0.309100  0.0005211  0.9845848
3.114780   0.304260  0.0005027  0.9850875
3.134780   0.299720  0.0004854  0.9855729
3.154780   0.295460  0.0004690  0.9860420
3.174780   0.291460  0.0004539  0.9864958
3.194780   0.287710  0.0004393  0.9869352
3.214780   0.284190  0.0004258  0.9873609
3.234780   0.280890  0.0004129  0.9877738
3.254780   0.277790  0.0004008  0.9881746
3.274780   0.274880  0.0003893  0.9885639
3.294780   0.272150  0.0003784  0.9889423
3.314780   0.269590  0.0003682  0.9893105
3.334780   0.267190  0.0003583  0.9896688
3.354780   0.264940  0.0003491  0.9900179
3.374780   0.262830  0.0003401  0.9903580
3.394780   0.260860  0.0003317  0.9906897
3.414780   0.259000  0.0003237  0.9910134
3.434780   0.257260  0.0003161  0.9913295
3.454780   0.255630  0.0003087  0.9916383
3.474780   0.254110  0.0003020  0.9919402
3.494780   0.252680  0.0002952  0.9922354
3.514780   0.251350  0.0002888  0.9925243
3.534780   0.250100  0.0002827  0.9928070
3.554780   0.248930  0.0002770  0.9930839
3.574780   0.247840  0.0002714  0.9933553
3.594780   0.246820  0.0002659  0.9936212
3.614780   0.245870  0.0002608  0.9938820
3.634780   0.244980  0.0002558  0.9941378
3.654780   0.244150  0.0002511  0.9943890
3.674780   0.243380  0.0002464  0.9946354
3.694780   0.242660  0.0002421  0.9948775
3.714780   0.241990  0.0002378  0.9951153
3.734780   0.241360  0.0002337  0.9953490
3.754780   0.240780  0.0002296  0.9955786
3.774780   0.240240  0.0002257  0.9958043
3.794780   0.239730  0.0002220  0.9960263
3.814780   0.239270  0.0002185  0.9962448
3.834780   0.238830  0.0002150  0.9964599
3.854780   0.238430  0.0002116  0.9966714
3.874780   0.238060  0.0002083  0.9968797
3.894780   0.237710  0.0002052  0.9970849
3.914780   0.237390  0.0002021  0.9972870
3.934780   0.237100  0.0001991  0.9974861
3.954780   0.236830  0.0001962  0.9976823
3.974780   0.236580  0.0001933  0.9978756
3.994780   0.236360  0.0001906  0.9980662
4.014780   0.236150  0.0001880  0.9982542
4.034780   0.235960  0.0001853  0.9984395
4.054780   0.235790  0.0001827  0.9986222
4.074780   0.235640  0.0001802  0.9988024
4.094780   0.235500  0.0001779  0.9989803
4.114780   0.235370  0.0001755  0.9991558
4.134780   0.235260  0.0001732  0.9993290
4.154780   0.235160  0.0001710  0.9995000
4.174780   0.235070  0.0001687  0.9996687
4.194780   0.235000  0.0001667  0.9998354
4.214780   0.234930  0.0001646  1.0000000
