1.480920   0.000010  0.0000000  0.0000000
1.500920   0.000030  0.0000002  0.0000002
1.520920   0.000080  0.0000004  0.0000006
1.540920   0.000180  0.0000013  0.0000019
1.560920   0.000360  0.0000028  0.0000047
1.580920   0.000650  0.0000053  0.0000100
1.600920   0.001100  0.0000098  0.0000199
1.620920   0.001730  0.0000169  0.0000367
1.640920   0.002610  0.0000282  0.0000649
1.660920   0.003760  0.0000448  0.0001098
1.680920   0.005230  0.0000696  0.0001794
1.700920   0.007070  0.0001051  0.0002845
1.720920   0.009310  0.0001553  0.0004397
1.740920   0.011980  0.0002255  0.0006652
1.760920   0.015130  0.0003233  0.0009885
1.780920   0.018790  0.0004589  0.0014475
1.800920   0.023030  0.0006475  0.0020949
1.820920   0.027960  0.0009127  0.0030077
1.840920   0.033830  0.0012945  0.0043022
1.860920   0.041030  0.0018598  0.0061620
1.880920   0.049720  0.0027010  0.0088630
1.900920   0.059810  0.0039445  0.0128075
1.920920   0.071410  0.0057943  0.0186018
1.940920   0.084640  0.0085572  0.0271591
1.960920   0.099040  0.0126139  0.0397729
1.980920   0.114080  0.0184143  0.0581873
2.000920   0.129310  0.0263606  0.0845479
2.020920   0.144410  0.0364123  0.1209601
2.040920   0.159180  0.0473645  0.1683246
2.060920   0.173500  0.0564297  0.2247543
2.080920   0.187310  0.0605447  0.2852990
2.100920   0.200600  0.0588977  0.3441967
2.120920   0.213380  0.0533441  0.3975408
2.140920   0.225680  0.0463747  0.4439155
2.160920   0.237540  0.0396134  0.4835289
2.180920   0.248990  0.0337294  0.5172583
2.200920   0.260080  0.0288461  0.5461044
2.220920   0.270850  0.0248659  0.5709704
2.240920   0.281330  0.0216330  0.5926033
2.260920   0.291550  0.0189971  0.6116005
2.280920   0.301550  0.0168324  0.6284328
2.300920   0.311330  0.0150389  0.6434718
2.320920   0.320940  0.0135394  0.6570111
2.340920   0.330370  0.0122743  0.6692854
2.360920   0.339650  0.0111974  0.6804828
2.380920   0.348790  0.0102731  0.6907559
2.400920   0.357780  0.0094736  0.7002295
2.420920   0.366650  0.0087770  0.7090065
2.440920   0.375390  0.0081662  0.7171727
2.460920   0.384000  0.0076270  0.7247997
2.480920   0.392490  0.0071484  0.7319481
2.500920   0.400860  0.0067213  0.7386694
2.520920   0.409110  0.0063382  0.7450076
2.540920   0.417230  0.0059929  0.7510005
2.560920   0.425240  0.0056803  0.7566808
2.580920   0.433120  0.0053962  0.7620770
2.600920   0.440890  0.0051372  0.7672142
2.620920   0.448520  0.0048999  0.7721142
2.640920   0.456040  0.0046819  0.7767961
2.660920   0.463430  0.0044812  0.7812772
2.680920   0.470700  0.0042954  0.7855726
2.700920   0.477840  0.0041235  0.7896961
2.720920   0.484860  0.0039635  0.7936596
2.740920   0.491750  0.0038147  0.7974743
2.760920   0.498520  0.0036757  0.8011499
2.780920   0.505170  0.0035456  0.8046955
2.800920   0.511690  0.0034237  0.8081192
2.820920   0.518090  0.0033090  0.8114282
2.840920   0.524370  0.0032011  0.8146293
2.860920   0.530540  0.0030995  0.8177288
2.880920   0.536580  0.0030036  0.8207324
2.900920   0.542510  0.0029128  0.8236452
2.920920   0.548320  0.0028268  0.8264720
2.940920   0.554020  0.0027452  0.8292172
2.960920   0.559600  0.0026677  0.8318849
2.980920   0.565080  0.0025940  0.8344789
3.000920   0.570450  0.0025240  0.8370029
3.020920   0.575710  0.0024571  0.8394600
3.040920   0.580860  0.0023933  0.8418533
3.060920   0.585920  0.0023324  0.8441857
3.080920   0.590870  0.0022741  0.8464598
3.100920   0.595730  0.0022184  0.8486782
3.120920   0.600480  0.0021648  0.8508430
3.140920   0.605150  0.0021135  0.8529565
3.160920   0.609720  0.0020644  0.8550209
3.180920   0.614200  0.0020172  0.8570381
3.200920   0.618590  0.0019719  0.8590100
3.220920   0.622890  0.0019282  0.8609382
3.240920   0.627110  0.0018863  0.8628245
3.260920   0.631240  0.0018457  0.8646702
3.280920   0.635300  0.0018066  0.8664769
3.300920   0.639270  0.0017691  0.8682459
3.320920   0.643170  0.0017328  0.8699787
3.340920   0.646990  0.0016977  0.8716764
3.360920   0.650740  0.0016640  0.8733404
3.380920   0.654410  0.0016311  0.8749715
3.400920   0.658020  0.0015995  0.8765710
3.420920   0.661550  0.0015690  0.8781400
3.440920   0.665020  0.0015393  0.8796793
3.460920   0.668420  0.0015107  0.8811899
3.480920   0.671760  0.0014827  0.8826726
3.500920   0.675040  0.0014558  0.8841284
3.520920   0.678250  0.0014295  0.8855579
3.540920   0.681400  0.0014043  0.8869622
3.560920   0.684500  0.0013795  0.8883418
3.580920   0.687540  0.0013556  0.8896974
3.600920   0.690520  0.0013323  0.8910297
3.620920   0.693450  0.0013099  0.8923397
3.640920   0.696320  0.0012879  0.8936276
3.660920   0.699150  0.0012666  0.8948942
3.680920   0.701920  0.0012459  0.8961400
3.700920   0.704640  0.0012256  0.8973656
3.720920   0.707310  0.0012059  0.8985715
3.740920   0.709940  0.0011867  0.8997582
3.760920   0.712520  0.0011681  0.9009264
3.780920   0.715060  0.0011500  0.9020763
3.800920   0.717550  0.0011323  0.9032086
3.820920   0.719990  0.0011150  0.9043235
3.840920   0.722400  0.0010981  0.9054216
3.860920   0.724760  0.0010816  0.9065033
3.880920   0.727090  0.0010656  0.9075689
3.900920   0.729370  0.0010500  0.9086189
3.920920   0.731620  0.0010349  0.9096538
3.940920   0.733830  0.0010199  0.9106737
3.960920   0.736000  0.0010054  0.9116791
3.980920   0.738130  0.0009911  0.9126702
4.000920   0.740230  0.0009772  0.9136474
4.020920   0.742300  0.0009635  0.9146110
4.040920   0.744330  0.0009503  0.9155613
4.060920   0.746330  0.0009375  0.9164988
4.080920   0.748300  0.0009247  0.9174234
4.100920   0.750230  0.0009123  0.9183357
4.120920   0.752140  0.0009001  0.9192359
4.140920   0.754010  0.0008882  0.9201240
4.160920   0.755850  0.0008766  0.9210006
4.180920   0.757670  0.0008653  0.9218660
4.200920   0.759450  0.0008540  0.9227199
4.220920   0.761210  0.0008431  0.9235630
4.240920   0.762950  0.0008324  0.9243955
4.260920   0.764650  0.0008220  0.9252174
4.280920   0.766330  0.0008117  0.9260291
4.300920   0.767980  0.0008017  0.9268308
4.320920   0.769610  0.0007918  0.9276227
4.340920   0.771210  0.0007822  0.9284049
4.360920   0.772790  0.0007726  0.9291775
4.380920   0.774350  0.0007634  0.9299410
4.400920   0.775880  0.0007543  0.9306952
4.420920   0.777390  0.0007453  0.9314405
4.440920   0.778880  0.0007365  0.9321771
4.460920   0.780350  0.0007280  0.9329051
4.480920   0.781790  0.0007195  0.9336245
4.500920   0.783220  0.0007111  0.9343357
4.520920   0.784620  0.0007030  0.9350387
4.540920   0.786000  0.0006951  0.9357338
4.560920   0.787370  0.0006872  0.9364210
4.580920   0.788710  0.0006795  0.9371005
4.600920   0.790040  0.0006720  0.9377726
4.620920   0.791340  0.0006646  0.9384371
4.640920   0.792630  0.0006573  0.9390944
4.660920   0.793900  0.0006501  0.9397445
4.680920   0.795160  0.0006430  0.9403875
4.700920   0.796390  0.0006362  0.9410237
4.720920   0.797610  0.0006293  0.9416530
4.740920   0.798810  0.0006225  0.9422755
4.760920   0.800000  0.0006161  0.9428916
4.780920   0.801170  0.0006095  0.9435011
4.800920   0.802320  0.0006033  0.9441044
4.820920   0.803460  0.0005969  0.9447012
4.840920   0.804580  0.0005907  0.9452919
4.860920   0.805690  0.0005847  0.9458766
4.880920   0.806790  0.0005787  0.9464554
4.900920   0.807870  0.0005730  0.9470283
4.920920   0.808930  0.0005672  0.9475955
4.940920   0.809980  0.0005614  0.9481569
4.960920   0.811020  0.0005559  0.9487128
4.980920   0.812050  0.0005503  0.9492631
5.000920   0.813060  0.0005450  0.9498081
5.020920   0.814060  0.0005396  0.9503478
5.040920   0.815040  0.0005343  0.9508821
5.060920   0.816010  0.0005292  0.9514112
5.080920   0.816980  0.0005241  0.9519353
5.100920   0.817920  0.0005191  0.9524544
5.120920   0.818860  0.0005142  0.9529687
5.140920   0.819790  0.0005093  0.9534780
5.160920   0.820700  0.0005046  0.9539826
5.180920   0.821600  0.0004999  0.9544825
5.200920   0.822490  0.0004952  0.9549778
5.220920   0.823380  0.0004905  0.9554683
5.240920   0.824250  0.0004860  0.9559543
5.260920   0.825100  0.0004816  0.9564359
5.280920   0.825950  0.0004773  0.9569132
5.300920   0.826790  0.0004730  0.9573862
5.320920   0.827620  0.0004687  0.9578550
5.340920   0.828440  0.0004645  0.9583194
5.360920   0.829250  0.0004604  0.9587798
5.380920   0.830050  0.0004564  0.9592362
5.400920   0.830840  0.0004523  0.9596885
5.420920   0.831620  0.0004482  0.9601367
5.440920   0.832390  0.0004444  0.9605812
5.460920   0.833150  0.0004406  0.9610217
5.480920   0.833910  0.0004367  0.9614584
5.500920   0.834650  0.0004329  0.9618913
5.520920   0.835390  0.0004292  0.9623205
5.540920   0.836120  0.0004256  0.9627461
5.560920   0.836840  0.0004220  0.9631681
5.580920   0.837550  0.0004183  0.9635865
5.600920   0.838250  0.0004149  0.9640014
5.620920   0.838950  0.0004115  0.9644129
5.640920   0.839640  0.0004081  0.9648210
5.660920   0.840320  0.0004047  0.9652257
5.680920   0.840990  0.0004013  0.9656269
5.700920   0.841660  0.0003981  0.9660250
5.720920   0.842310  0.0003946  0.9664197
5.740920   0.842960  0.0003914  0.9668111
5.760920   0.843610  0.0003885  0.9671995
5.780920   0.844240  0.0003852  0.9675848
5.800920   0.844870  0.0003823  0.9679670
5.820920   0.845500  0.0003791  0.9683461
5.840920   0.846110  0.0003761  0.9687222
5.860920   0.846720  0.0003731  0.9690952
5.880920   0.847330  0.0003701  0.9694653
5.900920   0.847920  0.0003673  0.9698326
5.920920   0.848510  0.0003643  0.9701970
5.940920   0.849100  0.0003615  0.9705585
5.960920   0.849670  0.0003588  0.9709173
5.980920   0.850240  0.0003560  0.9712733
6.000920   0.850810  0.0003532  0.9716265
6.020920   0.851370  0.0003507  0.9719771
6.040920   0.851920  0.0003479  0.9723250
6.060920   0.852470  0.0003453  0.9726703
6.080920   0.853010  0.0003428  0.9730131
6.100920   0.853550  0.0003402  0.9733532
6.120920   0.854080  0.0003376  0.9736909
6.140920   0.854610  0.0003351  0.9740259
6.160920   0.855130  0.0003325  0.9743584
6.180920   0.855640  0.0003302  0.9746886
6.200920   0.856150  0.0003278  0.9750164
6.220920   0.856660  0.0003252  0.9753416
6.240920   0.857160  0.0003229  0.9756645
6.260920   0.857650  0.0003205  0.9759851
6.280920   0.858140  0.0003182  0.9763032
6.300920   0.858630  0.0003161  0.9766193
6.320920   0.859110  0.0003137  0.9769330
6.340920   0.859590  0.0003114  0.9772444
6.360920   0.860060  0.0003092  0.9775536
6.380920   0.860520  0.0003071  0.9778607
6.400920   0.860980  0.0003050  0.9781656
6.420920   0.861440  0.0003028  0.9784684
6.440920   0.861890  0.0003007  0.9787691
6.460920   0.862340  0.0002985  0.9790677
6.480920   0.862790  0.0002964  0.9793641
6.500920   0.863230  0.0002945  0.9796586
6.520920   0.863660  0.0002924  0.9799509
6.540920   0.864090  0.0002904  0.9802414
6.560920   0.864520  0.0002883  0.9805296
6.580920   0.864940  0.0002864  0.9808160
6.600920   0.865360  0.0002845  0.9811005
6.620920   0.865780  0.0002825  0.9813830
6.640920   0.866190  0.0002806  0.9816636
6.660920   0.866600  0.0002787  0.9819423
6.680920   0.867000  0.0002768  0.9822191
6.700920   0.867400  0.0002751  0.9824941
6.720920   0.867800  0.0002731  0.9827672
6.740920   0.868190  0.0002714  0.9830387
6.760920   0.868580  0.0002695  0.9833082
6.780920   0.868970  0.0002678  0.9835760
6.800920   0.869350  0.0002661  0.9838420
6.820920   0.869730  0.0002644  0.9841064
6.840920   0.870100  0.0002627  0.9843691
6.860920   0.870470  0.0002610  0.9846301
6.880920   0.870840  0.0002593  0.9848893
6.900920   0.871210  0.0002575  0.9851468
6.920920   0.871570  0.0002558  0.9854027
6.940920   0.871930  0.0002543  0.9856570
6.960920   0.872280  0.0002526  0.9859097
6.980920   0.872630  0.0002509  0.9861606
7.000920   0.872980  0.0002494  0.9864100
7.020920   0.873330  0.0002479  0.9866579
7.040920   0.873670  0.0002462  0.9869042
7.060920   0.874010  0.0002447  0.9871489
7.080920   0.874350  0.0002432  0.9873921
7.100920   0.874680  0.0002417  0.9876339
7.120920   0.875010  0.0002402  0.9878741
7.140920   0.875340  0.0002388  0.9881129
7.160920   0.875670  0.0002373  0.9883501
7.180920   0.875990  0.0002358  0.9885859
7.200920   0.876310  0.0002345  0.9888204
7.220920   0.876630  0.0002330  0.9890533
7.240920   0.876940  0.0002315  0.9892848
7.260920   0.877250  0.0002302  0.9895150
7.280920   0.877560  0.0002287  0.9897438
7.300920   0.877870  0.0002274  0.9899712
7.320920   0.878170  0.0002259  0.9901971
7.340920   0.878470  0.0002247  0.9904218
7.360920   0.878770  0.0002234  0.9906452
7.380920   0.879070  0.0002221  0.9908673
7.400920   0.879360  0.0002206  0.9910879
7.420920   0.879650  0.0002193  0.9913072
7.440920   0.879940  0.0002180  0.9915252
7.460920   0.880230  0.0002168  0.9917420
7.480920   0.880510  0.0002155  0.9919574
7.500920   0.880790  0.0002142  0.9921716
7.520920   0.881070  0.0002131  0.9923847
7.540920   0.881350  0.0002118  0.9925966
7.560920   0.881620  0.0002106  0.9928072
7.580920   0.881900  0.0002093  0.9930164
7.600920   0.882170  0.0002082  0.9932246
7.620920   0.882440  0.0002069  0.9934316
7.640920   0.882700  0.0002059  0.9936374
7.660920   0.882970  0.0002046  0.9938420
7.680920   0.883230  0.0002035  0.9940455
7.700920   0.883490  0.0002022  0.9942478
7.720920   0.883740  0.0002012  0.9944489
7.740920   0.884000  0.0002001  0.9946490
7.760920   0.884250  0.0001990  0.9948481
7.780920   0.884510  0.0001977  0.9950458
7.800920   0.884750  0.0001967  0.9952425
7.820920   0.885000  0.0001956  0.9954381
7.840920   0.885250  0.0001945  0.9956327
7.860920   0.885490  0.0001935  0.9958261
7.880920   0.885730  0.0001924  0.9960185
7.900920   0.885970  0.0001913  0.9962099
7.920920   0.886210  0.0001903  0.9964002
7.940920   0.886450  0.0001892  0.9965894
7.960920   0.886680  0.0001884  0.9967777
7.980920   0.886910  0.0001873  0.9969650
8.000920   0.887150  0.0001862  0.9971512
8.020920   0.887370  0.0001851  0.9973364
8.040920   0.887600  0.0001843  0.9975207
8.060920   0.887830  0.0001832  0.9977039
8.080920   0.888050  0.0001824  0.9978863
8.100920   0.888270  0.0001813  0.9980676
8.120920   0.888490  0.0001802  0.9982478
8.140920   0.888710  0.0001794  0.9984272
8.160920   0.888930  0.0001785  0.9986057
8.180920   0.889140  0.0001775  0.9987832
8.200920   0.889360  0.0001766  0.9989598
8.220920   0.889570  0.0001755  0.9991353
8.240920   0.889780  0.0001747  0.9993100
8.260920   0.889990  0.0001738  0.9994838
8.280920   0.890200  0.0001730  0.9996568
8.300920   0.890400  0.0001721  0.9998289
8.320920   0.890610  0.0001711  1.0000000
