0.646050   0.000010  0.0000000  0.0000000
0.666050   0.000090  0.0000002  0.0000002
0.686050   0.000300  0.0000008  0.0000010
0.706050   0.000670  0.0000018  0.0000029
0.726050   0.001230  0.0000037  0.0000065
0.746050   0.001970  0.0000065  0.0000130
0.766050   0.002900  0.0000106  0.0000236
0.786050   0.004020  0.0000161  0.0000397
0.806050   0.005310  0.0000234  0.0000631
0.826050   0.006750  0.0000328  0.0000959
0.846050   0.008320  0.0000446  0.0001405
0.866050   0.009990  0.0000591  0.0001996
0.886050   0.011750  0.0000768  0.0002764
0.906050   0.013570  0.0000984  0.0003748
0.926050   0.015430  0.0001242  0.0004990
0.946050   0.017320  0.0001552  0.0006542
0.966050   0.019220  0.0001921  0.0008463
0.986050   0.021120  0.0002363  0.0010825
1.006050   0.023020  0.0002892  0.0013718
1.026050   0.024910  0.0003528  0.0017245
1.046050   0.026830  0.0004300  0.0021545
1.066050   0.028790  0.0005249  0.0026794
1.086050   0.030840  0.0006432  0.0033226
1.106050   0.033020  0.0007923  0.0041149
1.126050   0.035360  0.0009831  0.0050980
1.146050   0.037890  0.0012304  0.0063285
1.166050   0.040650  0.0015559  0.0078843
1.186050   0.043660  0.0019911  0.0098755
1.206050   0.046980  0.0025841  0.0124595
1.226050   0.050650  0.0034089  0.0158685
1.246050   0.054710  0.0045825  0.0204510
1.266050   0.059150  0.0062926  0.0267436
1.286050   0.063960  0.0088524  0.0355961
1.306050   0.069130  0.0128115  0.0484075
1.326050   0.074610  0.0191510  0.0675585
1.346050   0.080310  0.0296356  0.0971941
1.366050   0.086120  0.0472509  0.1444450
1.386050   0.091920  0.0753944  0.2198394
1.406050   0.097640  0.1101570  0.3299964
1.426050   0.103210  0.1272125  0.4572088
1.446050   0.108580  0.1105491  0.5677579
1.466050   0.113720  0.0819281  0.6496860
1.486050   0.118630  0.0587566  0.7084426
1.506050   0.123310  0.0430266  0.7514692
1.526050   0.127780  0.0325932  0.7840625
1.546050   0.132090  0.0255212  0.8095836
1.566050   0.136290  0.0205708  0.8301544
1.586050   0.140430  0.0169940  0.8471484
1.606050   0.144580  0.0143362  0.8614846
1.626050   0.148820  0.0123131  0.8737977
1.646050   0.153180  0.0107401  0.8845378
1.666050   0.157640  0.0094918  0.8940296
1.686050   0.162110  0.0084799  0.9025095
1.706050   0.166370  0.0076395  0.9101490
1.726050   0.170180  0.0069234  0.9170724
1.746050   0.173280  0.0062983  0.9233707
1.766050   0.175480  0.0057415  0.9291122
1.786050   0.176680  0.0052382  0.9343504
1.806050   0.176850  0.0047795  0.9391299
1.826050   0.176050  0.0043597  0.9434896
1.846050   0.174390  0.0039756  0.9474651
1.866050   0.172010  0.0036244  0.9510896
1.886050   0.169050  0.0033043  0.9543938
1.906050   0.165640  0.0030130  0.9574068
1.926050   0.161920  0.0027490  0.9601559
1.946050   0.158010  0.0025105  0.9626664
1.966050   0.153950  0.0022946  0.9649610
1.986050   0.149880  0.0021003  0.9670613
2.006050   0.145820  0.0019254  0.9689867
2.026050   0.141840  0.0017681  0.9707548
2.046050   0.137970  0.0016266  0.9723814
2.066050   0.134220  0.0014991  0.9738804
2.086050   0.130630  0.0013846  0.9752650
2.106050   0.127200  0.0012813  0.9765464
2.126050   0.123940  0.0011883  0.9777346
2.146050   0.120860  0.0011043  0.9788390
2.166050   0.117940  0.0010286  0.9798675
2.186050   0.115200  0.0009601  0.9808277
2.206050   0.112620  0.0008980  0.9817257
2.226050   0.110200  0.0008416  0.9825673
2.246050   0.107930  0.0007903  0.9833575
2.266050   0.105810  0.0007436  0.9841012
2.286050   0.103830  0.0007013  0.9848024
2.306050   0.101980  0.0006624  0.9854648
2.326050   0.100260  0.0006267  0.9860915
2.346050   0.098660  0.0005941  0.9866856
2.366050   0.097160  0.0005642  0.9872498
2.386050   0.095770  0.0005367  0.9877865
2.406050   0.094480  0.0005112  0.9882977
2.426050   0.093280  0.0004878  0.9887855
2.446050   0.092160  0.0004662  0.9892518
2.466050   0.091130  0.0004461  0.9896978
2.486050   0.090170  0.0004273  0.9901251
2.506050   0.089280  0.0004100  0.9905351
2.526050   0.088450  0.0003939  0.9909290
2.546050   0.087680  0.0003788  0.9913079
2.566050   0.086970  0.0003648  0.9916727
2.586050   0.086310  0.0003515  0.9920242
2.606050   0.085700  0.0003391  0.9923633
2.626050   0.085140  0.0003275  0.9926908
2.646050   0.084610  0.0003167  0.9930076
2.666050   0.084130  0.0003063  0.9933139
2.686050   0.083680  0.0002968  0.9936106
2.706050   0.083270  0.0002876  0.9938982
2.726050   0.082890  0.0002788  0.9941771
2.746050   0.082530  0.0002707  0.9944478
2.766050   0.082210  0.0002629  0.9947107
2.786050   0.081910  0.0002556  0.9949663
2.806050   0.081630  0.0002485  0.9952148
2.826050   0.081380  0.0002420  0.9954568
2.846050   0.081140  0.0002357  0.9956924
2.866050   0.080930  0.0002295  0.9959220
2.886050   0.080730  0.0002238  0.9961458
2.906050   0.080550  0.0002183  0.9963642
2.926050   0.080380  0.0002130  0.9965772
2.946050   0.080230  0.0002080  0.9967852
2.966050   0.080090  0.0002031  0.9969882
2.986050   0.079970  0.0001986  0.9971868
3.006050   0.079850  0.0001941  0.9973809
3.026050   0.079750  0.0001898  0.9975707
3.046050   0.079650  0.0001858  0.9977565
3.066050   0.079570  0.0001817  0.9979382
3.086050   0.079490  0.0001780  0.9981162
3.106050   0.079420  0.0001743  0.9982905
3.126050   0.079360  0.0001709  0.9984614
3.146050   0.079310  0.0001674  0.9986288
3.166050   0.079260  0.0001642  0.9987930
3.186050   0.079210  0.0001609  0.9989539
3.206050   0.079180  0.0001578  0.9991118
3.226050   0.079140  0.0001550  0.9992668
3.246050   0.079110  0.0001519  0.9994187
3.266050   0.079090  0.0001493  0.9995680
3.286050   0.079070  0.0001466  0.9997146
3.306050   0.079050  0.0001440  0.9998586
3.326050   0.079040  0.0001414  1.0000000
