1.165370   0.000010  0.0000004  0.0000004
1.185370   0.000030  0.0000017  0.0000021
1.205370   0.000050  0.0000037  0.0000058
1.225370   0.000080  0.0000080  0.0000138
1.245370   0.000120  0.0000157  0.0000295
1.265370   0.001320  0.0002440  0.0002735
1.285370   0.005200  0.0014114  0.0016849
1.305370   0.010090  0.0043416  0.0060264
1.325370   0.015440  0.0118819  0.0179084
1.345370   0.021790  0.0365027  0.0544111
1.365370   0.028870  0.1400704  0.1944815
1.385370   0.036130  0.3216958  0.5161773
1.405370   0.043380  0.1434123  0.6595896
1.425370   0.050480  0.0660768  0.7256664
1.445370   0.057370  0.0386395  0.7643059
1.465370   0.064030  0.0260905  0.7903964
1.485370   0.070430  0.0192356  0.8096320
1.505370   0.076570  0.0150219  0.8246539
1.525370   0.082450  0.0122103  0.8368641
1.545370   0.088080  0.0102191  0.8470833
1.565370   0.093460  0.0087438  0.8558271
1.585370   0.098610  0.0076119  0.8634390
1.605370   0.103540  0.0067186  0.8701576
1.625370   0.108260  0.0059976  0.8761552
1.645370   0.112780  0.0054046  0.8815598
1.665370   0.117110  0.0049090  0.8864687
1.685370   0.121260  0.0044891  0.8909578
1.705370   0.125240  0.0041291  0.8950869
1.725370   0.129060  0.0038177  0.8989046
1.745370   0.132730  0.0035455  0.9024501
1.765370   0.136260  0.0033060  0.9057561
1.785370   0.139650  0.0030936  0.9088497
1.805370   0.142910  0.0029042  0.9117539
1.825370   0.146050  0.0027343  0.9144881
1.845370   0.149080  0.0025810  0.9170692
1.865370   0.152000  0.0024424  0.9195116
1.885370   0.154810  0.0023162  0.9218278
1.905370   0.157520  0.0022009  0.9240287
1.925370   0.160140  0.0020951  0.9261238
1.945370   0.162660  0.0019980  0.9281217
1.965370   0.165110  0.0019084  0.9300302
1.985370   0.167470  0.0018255  0.9318557
2.005370   0.169750  0.0017488  0.9336045
2.025370   0.171960  0.0016772  0.9352817
2.045370   0.174100  0.0016108  0.9368926
2.065370   0.176170  0.0015485  0.9384411
2.085370   0.178170  0.0014904  0.9399315
2.105370   0.180110  0.0014359  0.9413674
2.125370   0.182000  0.0013848  0.9427522
2.145370   0.183820  0.0013365  0.9440887
2.165370   0.185600  0.0012911  0.9453798
2.185370   0.187320  0.0012484  0.9466282
2.205370   0.188990  0.0012080  0.9478362
2.225370   0.190610  0.0011696  0.9490059
2.245370   0.192180  0.0011333  0.9501392
2.265370   0.193710  0.0010989  0.9512381
2.285370   0.195200  0.0010661  0.9523043
2.305370   0.196640  0.0010352  0.9533394
2.325370   0.198050  0.0010055  0.9543449
2.345370   0.199420  0.0009772  0.9553221
2.365370   0.200750  0.0009504  0.9562725
2.385370   0.202050  0.0009246  0.9571971
2.405370   0.203310  0.0009001  0.9580972
2.425370   0.204540  0.0008766  0.9589738
2.445370   0.205730  0.0008541  0.9598279
2.465370   0.206900  0.0008326  0.9606605
2.485370   0.208040  0.0008120  0.9614725
2.505370   0.209150  0.0007922  0.9622647
2.525370   0.210230  0.0007732  0.9630380
2.545370   0.211280  0.0007549  0.9637928
2.565370   0.212310  0.0007373  0.9645302
2.585370   0.213310  0.0007204  0.9652506
2.605370   0.214290  0.0007041  0.9659548
2.625370   0.215250  0.0006885  0.9666432
2.645370   0.216180  0.0006732  0.9673164
2.665370   0.217090  0.0006588  0.9679752
2.685370   0.217980  0.0006445  0.9686197
2.705370   0.218850  0.0006311  0.9692509
2.725370   0.219700  0.0006179  0.9698688
2.745370   0.220530  0.0006051  0.9704739
2.765370   0.221350  0.0005930  0.9710669
2.785370   0.222140  0.0005812  0.9716481
2.805370   0.222920  0.0005697  0.9722178
2.825370   0.223680  0.0005585  0.9727763
2.845370   0.224420  0.0005478  0.9733241
2.865370   0.225140  0.0005373  0.9738614
2.885370   0.225860  0.0005272  0.9743886
2.905370   0.226550  0.0005175  0.9749061
2.925370   0.227230  0.0005080  0.9754141
2.945370   0.227900  0.0004987  0.9759128
2.965370   0.228550  0.0004896  0.9764024
2.985370   0.229190  0.0004810  0.9768834
3.005370   0.229820  0.0004725  0.9773559
3.025370   0.230430  0.0004643  0.9778202
3.045370   0.231030  0.0004562  0.9782764
3.065370   0.231620  0.0004486  0.9787250
3.085370   0.232200  0.0004410  0.9791660
3.105370   0.232760  0.0004335  0.9795995
3.125370   0.233320  0.0004265  0.9800260
3.145370   0.233860  0.0004195  0.9804456
3.165370   0.234400  0.0004127  0.9808583
3.185370   0.234920  0.0004061  0.9812644
3.205370   0.235430  0.0003995  0.9816639
3.225370   0.235930  0.0003933  0.9820572
3.245370   0.236430  0.0003871  0.9824443
3.265370   0.236910  0.0003812  0.9828255
3.285370   0.237390  0.0003754  0.9832009
3.305370   0.237850  0.0003696  0.9835705
3.325370   0.238310  0.0003640  0.9839345
3.345370   0.238760  0.0003587  0.9842932
3.365370   0.239200  0.0003533  0.9846465
3.385370   0.239640  0.0003482  0.9849946
3.405370   0.240060  0.0003432  0.9853378
3.425370   0.240480  0.0003383  0.9856761
3.445370   0.240890  0.0003335  0.9860096
3.465370   0.241290  0.0003288  0.9863383
3.485370   0.241690  0.0003240  0.9866624
3.505370   0.242080  0.0003195  0.9869819
3.525370   0.242460  0.0003152  0.9872970
3.545370   0.242840  0.0003108  0.9876078
3.565370   0.243210  0.0003067  0.9879145
3.585370   0.243570  0.0003026  0.9882171
3.605370   0.243930  0.0002984  0.9885155
3.625370   0.244280  0.0002945  0.9888101
3.645370   0.244620  0.0002906  0.9891007
3.665370   0.244960  0.0002869  0.9893876
3.685370   0.245300  0.0002832  0.9896707
3.705370   0.245630  0.0002795  0.9899502
3.725370   0.245950  0.0002760  0.9902262
3.745370   0.246270  0.0002725  0.9904986
3.765370   0.246580  0.0002690  0.9907676
3.785370   0.246890  0.0002657  0.9910332
3.805370   0.247190  0.0002624  0.9912956
3.825370   0.247490  0.0002591  0.9915546
3.845370   0.247780  0.0002560  0.9918106
3.865370   0.248070  0.0002529  0.9920635
3.885370   0.248350  0.0002498  0.9923132
3.905370   0.248630  0.0002467  0.9925599
3.925370   0.248910  0.0002438  0.9928037
3.945370   0.249180  0.0002409  0.9930446
3.965370   0.249440  0.0002380  0.9932826
3.985370   0.249710  0.0002353  0.9935179
4.005370   0.249970  0.0002327  0.9937506
4.025370   0.250220  0.0002300  0.9939806
4.045370   0.250470  0.0002273  0.9942079
4.065370   0.250720  0.0002246  0.9944325
4.085370   0.250960  0.0002221  0.9946546
4.105370   0.251200  0.0002197  0.9948743
4.125370   0.251440  0.0002172  0.9950914
4.145370   0.251670  0.0002147  0.9953061
4.165370   0.251900  0.0002124  0.9955186
4.185370   0.252130  0.0002102  0.9957287
4.205370   0.252350  0.0002079  0.9959366
4.225370   0.252570  0.0002056  0.9961423
4.245370   0.252790  0.0002034  0.9963456
4.265370   0.253000  0.0002013  0.9965469
4.285370   0.253210  0.0001990  0.9967460
4.305370   0.253420  0.0001970  0.9969429
4.325370   0.253620  0.0001949  0.9971379
4.345370   0.253830  0.0001928  0.9973307
4.365370   0.254020  0.0001908  0.9975215
4.385370   0.254220  0.0001889  0.9977104
4.405370   0.254410  0.0001869  0.9978973
4.425370   0.254600  0.0001850  0.9980823
4.445370   0.254790  0.0001832  0.9982654
4.465370   0.254980  0.0001813  0.9984467
4.485370   0.255160  0.0001794  0.9986262
4.505370   0.255340  0.0001778  0.9988040
4.525370   0.255520  0.0001759  0.9989799
4.545370   0.255700  0.0001743  0.9991542
4.565370   0.255870  0.0001724  0.9993266
4.585370   0.256040  0.0001708  0.9994974
4.605370   0.256210  0.0001691  0.9996665
4.625370   0.256380  0.0001675  0.9998340
4.645370   0.256540  0.0001660  1.0000000
