1.273250   0.000010  0.0000000  0.0000000
1.293250   0.000060  0.0000006  0.0000006
1.313250   0.000180  0.0000021  0.0000027
1.333250   0.000390  0.0000047  0.0000074
1.353250   0.000710  0.0000097  0.0000171
1.373250   0.001160  0.0000178  0.0000349
1.393250   0.001740  0.0000301  0.0000650
1.413250   0.002460  0.0000481  0.0001131
1.433250   0.003310  0.0000735  0.0001866
1.453250   0.004560  0.0001162  0.0003029
1.473250   0.006660  0.0001959  0.0004988
1.493250   0.009630  0.0003297  0.0008285
1.513250   0.013320  0.0005359  0.0013644
1.533250   0.017570  0.0008402  0.0022047
1.553250   0.022270  0.0012818  0.0034865
1.573250   0.027330  0.0019227  0.0054092
1.593250   0.032700  0.0028632  0.0082724
1.613250   0.038330  0.0042712  0.0125437
1.633250   0.044250  0.0064412  0.0189849
1.653250   0.050600  0.0099395  0.0289244
1.673250   0.058810  0.0161489  0.0450733
1.693250   0.069350  0.0274943  0.0725676
1.713250   0.081160  0.0471958  0.1197635
1.733250   0.093600  0.0766498  0.1964132
1.753250   0.106280  0.1047661  0.3011794
1.773250   0.118900  0.1094321  0.4106115
1.793250   0.131280  0.0921486  0.5027600
1.813250   0.143280  0.0710624  0.5738224
1.833250   0.154780  0.0543313  0.6281538
1.853250   0.165710  0.0423748  0.6705286
1.873250   0.176010  0.0339122  0.7044408
1.893250   0.185660  0.0278038  0.7322446
1.913250   0.194630  0.0232737  0.7555183
1.933250   0.202900  0.0198216  0.7753399
1.953250   0.210470  0.0171254  0.7924653
1.973250   0.217360  0.0149725  0.8074379
1.993250   0.223560  0.0132206  0.8206585
2.013250   0.229100  0.0117711  0.8324296
2.033250   0.233990  0.0105547  0.8429844
2.053250   0.238270  0.0095208  0.8525052
2.073250   0.241960  0.0086327  0.8611379
2.093250   0.245080  0.0078624  0.8690003
2.113250   0.247670  0.0071888  0.8761891
2.133250   0.249760  0.0065954  0.8827845
2.153250   0.251370  0.0060694  0.8888540
2.173250   0.252550  0.0056006  0.8944545
2.193250   0.253330  0.0051806  0.8996352
2.213250   0.253730  0.0048026  0.9044378
2.233250   0.253800  0.0044614  0.9088992
2.253250   0.253550  0.0041519  0.9130511
2.273250   0.253030  0.0038707  0.9169218
2.293250   0.252250  0.0036143  0.9205361
2.313250   0.251260  0.0033802  0.9239163
2.333250   0.250070  0.0031659  0.9270822
2.353250   0.248710  0.0029692  0.9300514
2.373250   0.247220  0.0027885  0.9328399
2.393250   0.245600  0.0026221  0.9354620
2.413250   0.243880  0.0024689  0.9379309
2.433250   0.242080  0.0023273  0.9402582
2.453250   0.240220  0.0021966  0.9424549
2.473250   0.238320  0.0020756  0.9445305
2.493250   0.236380  0.0019635  0.9464941
2.513250   0.234430  0.0018597  0.9483538
2.533250   0.232470  0.0017633  0.9501170
2.553250   0.230520  0.0016737  0.9517907
2.573250   0.228590  0.0015905  0.9533812
2.593250   0.226670  0.0015129  0.9548941
2.613250   0.224790  0.0014408  0.9563349
2.633250   0.222950  0.0013735  0.9577084
2.653250   0.221140  0.0013105  0.9590189
2.673250   0.219390  0.0012519  0.9602708
2.693250   0.217680  0.0011970  0.9614678
2.713250   0.216030  0.0011458  0.9626136
2.733250   0.214430  0.0010977  0.9637113
2.753250   0.212890  0.0010525  0.9647638
2.773250   0.211400  0.0010104  0.9657742
2.793250   0.209980  0.0009707  0.9667449
2.813250   0.208620  0.0009334  0.9676783
2.833250   0.207310  0.0008983  0.9685765
2.853250   0.206070  0.0008652  0.9694417
2.873250   0.204880  0.0008341  0.9702758
2.893250   0.203750  0.0008047  0.9710805
2.913250   0.202680  0.0007771  0.9718576
2.933250   0.201660  0.0007511  0.9726087
2.953250   0.200700  0.0007263  0.9733350
2.973250   0.199790  0.0007030  0.9740379
2.993250   0.198930  0.0006807  0.9747186
3.013250   0.198120  0.0006598  0.9753784
3.033250   0.197360  0.0006398  0.9760182
3.053250   0.196650  0.0006210  0.9766392
3.073250   0.195980  0.0006028  0.9772420
3.093250   0.195350  0.0005859  0.9778279
3.113250   0.194760  0.0005696  0.9783975
3.133250   0.194210  0.0005541  0.9789516
3.153250   0.193700  0.0005392  0.9794909
3.173250   0.193230  0.0005252  0.9800161
3.193250   0.192790  0.0005118  0.9805279
3.213250   0.192380  0.0004988  0.9810267
3.233250   0.192010  0.0004866  0.9815133
3.253250   0.191660  0.0004748  0.9819881
3.273250   0.191340  0.0004635  0.9824516
3.293250   0.191050  0.0004527  0.9829043
3.313250   0.190790  0.0004424  0.9833467
3.333250   0.190550  0.0004323  0.9837791
3.353250   0.190330  0.0004228  0.9842019
3.373250   0.190140  0.0004137  0.9846156
3.393250   0.189970  0.0004048  0.9850204
3.413250   0.189820  0.0003964  0.9854168
3.433250   0.189680  0.0003881  0.9858049
3.453250   0.189570  0.0003803  0.9861852
3.473250   0.189470  0.0003726  0.9865579
3.493250   0.189380  0.0003654  0.9869233
3.513250   0.189310  0.0003582  0.9872815
3.533250   0.189260  0.0003514  0.9876328
3.553250   0.189210  0.0003448  0.9879776
3.573250   0.189180  0.0003384  0.9883160
3.593250   0.189160  0.0003322  0.9886482
3.613250   0.189150  0.0003262  0.9889744
3.633250   0.189150  0.0003204  0.9892948
3.653250   0.189160  0.0003148  0.9896096
3.673250   0.189180  0.0003095  0.9899191
3.693250   0.189210  0.0003041  0.9902232
3.713250   0.189240  0.0002989  0.9905221
3.733250   0.189280  0.0002940  0.9908161
3.753250   0.189330  0.0002892  0.9911053
3.773250   0.189380  0.0002845  0.9913898
3.793250   0.189440  0.0002799  0.9916698
3.813250   0.189510  0.0002754  0.9919452
3.833250   0.189580  0.0002713  0.9922164
3.853250   0.189650  0.0002669  0.9924834
3.873250   0.189730  0.0002628  0.9927462
3.893250   0.189810  0.0002589  0.9930051
3.913250   0.189890  0.0002550  0.9932600
3.933250   0.189980  0.0002512  0.9935113
3.953250   0.190070  0.0002475  0.9937588
3.973250   0.190170  0.0002440  0.9940028
3.993250   0.190260  0.0002405  0.9942434
4.013250   0.190360  0.0002370  0.9944804
4.033250   0.190460  0.0002337  0.9947141
4.053250   0.190570  0.0002304  0.9949445
4.073250   0.190670  0.0002273  0.9951718
4.093250   0.190780  0.0002242  0.9953960
4.113250   0.190880  0.0002211  0.9956171
4.133250   0.190990  0.0002182  0.9958353
4.153250   0.191100  0.0002153  0.9960506
4.173250   0.191210  0.0002124  0.9962631
4.193250   0.191320  0.0002098  0.9964728
4.213250   0.191440  0.0002069  0.9966797
4.233250   0.191550  0.0002044  0.9968841
4.253250   0.191660  0.0002017  0.9970858
4.273250   0.191780  0.0001992  0.9972850
4.293250   0.191890  0.0001967  0.9974817
4.313250   0.192010  0.0001943  0.9976760
4.333250   0.192120  0.0001918  0.9978678
4.353250   0.192240  0.0001895  0.9980573
4.373250   0.192350  0.0001872  0.9982446
4.393250   0.192470  0.0001850  0.9984295
4.413250   0.192580  0.0001827  0.9986122
4.433250   0.192690  0.0001806  0.9987929
4.453250   0.192810  0.0001786  0.9989715
4.473250   0.192920  0.0001763  0.9991478
4.493250   0.193040  0.0001744  0.9993222
4.513250   0.193150  0.0001724  0.9994946
4.533250   0.193260  0.0001703  0.9996649
4.553250   0.193380  0.0001685  0.9998334
4.573250   0.193490  0.0001666  1.0000000
