1.323920   0.000010  0.0000000  0.0000000
1.343920   0.000030  0.0000002  0.0000002
1.363920   0.000060  0.0000002  0.0000004
1.383920   0.000110  0.0000006  0.0000010
1.403920   0.000200  0.0000012  0.0000023
1.423920   0.000340  0.0000021  0.0000044
1.443920   0.000520  0.0000035  0.0000079
1.463920   0.000790  0.0000058  0.0000137
1.483920   0.001190  0.0000096  0.0000233
1.503920   0.001760  0.0000156  0.0000388
1.523920   0.002550  0.0000247  0.0000636
1.543920   0.003600  0.0000386  0.0001022
1.563920   0.004950  0.0000584  0.0001605
1.583920   0.006610  0.0000864  0.0002469
1.603920   0.008590  0.0001248  0.0003718
1.623920   0.010910  0.0001770  0.0005487
1.643920   0.013550  0.0002465  0.0007953
1.663920   0.016530  0.0003387  0.0011340
1.683920   0.019890  0.0004619  0.0015959
1.703920   0.023700  0.0006281  0.0022240
1.723920   0.028050  0.0008536  0.0030776
1.743920   0.033000  0.0011627  0.0042403
1.763920   0.038620  0.0015897  0.0058299
1.783920   0.044970  0.0021839  0.0080138
1.803920   0.052070  0.0030184  0.0110322
1.823920   0.059940  0.0042008  0.0152330
1.843920   0.068580  0.0058954  0.0211284
1.863920   0.078020  0.0083540  0.0294824
1.883920   0.088250  0.0119629  0.0414453
1.903920   0.099240  0.0172933  0.0587386
1.923920   0.110960  0.0251103  0.0838489
1.943920   0.123300  0.0361653  0.1200142
1.963920   0.136140  0.0503811  0.1703953
1.983920   0.149320  0.0652527  0.2356480
2.003920   0.162660  0.0753962  0.3110442
2.023920   0.175990  0.0765763  0.3876206
2.043920   0.189130  0.0700874  0.4577079
2.063920   0.201920  0.0603586  0.5180666
2.083920   0.214210  0.0506937  0.5687602
2.103920   0.225890  0.0424098  0.6111700
2.123920   0.236860  0.0356978  0.6468679
2.143920   0.247040  0.0303495  0.6772174
2.163920   0.256380  0.0260825  0.7032999
2.183920   0.264860  0.0226477  0.7259475
2.203920   0.272460  0.0198490  0.7457965
2.223920   0.279190  0.0175394  0.7633360
2.243920   0.285060  0.0156100  0.7789459
2.263920   0.290100  0.0139792  0.7929251
2.283920   0.294350  0.0125864  0.8055115
2.303920   0.297840  0.0113857  0.8168972
2.323920   0.300630  0.0103421  0.8272393
2.343920   0.302760  0.0094282  0.8366675
2.363920   0.304290  0.0086230  0.8452905
2.383920   0.305270  0.0079096  0.8532000
2.403920   0.305750  0.0072742  0.8604743
2.423920   0.305770  0.0067060  0.8671803
2.443920   0.305400  0.0061959  0.8733762
2.463920   0.304680  0.0057365  0.8791126
2.483920   0.303650  0.0053215  0.8844341
2.503920   0.302350  0.0049456  0.8893797
2.523920   0.300820  0.0046043  0.8939841
2.543920   0.299110  0.0042938  0.8982779
2.563920   0.297240  0.0040108  0.9022886
2.583920   0.295250  0.0037522  0.9060408
2.603920   0.293160  0.0035158  0.9095567
2.623920   0.291000  0.0032992  0.9128559
2.643920   0.288800  0.0031004  0.9159563
2.663920   0.286560  0.0029179  0.9188742
2.683920   0.284320  0.0027501  0.9216242
2.703920   0.282080  0.0025953  0.9242196
2.723920   0.279860  0.0024529  0.9266724
2.743920   0.277670  0.0023212  0.9289936
2.763920   0.275520  0.0021993  0.9311928
2.783920   0.273430  0.0020867  0.9332795
2.803920   0.271390  0.0019824  0.9352620
2.823920   0.269420  0.0018854  0.9371474
2.843920   0.267510  0.0017957  0.9389431
2.863920   0.265680  0.0017120  0.9406551
2.883920   0.263920  0.0016343  0.9422894
2.903920   0.262240  0.0015618  0.9438513
2.923920   0.260630  0.0014943  0.9453456
2.943920   0.259100  0.0014312  0.9467769
2.963920   0.257650  0.0013722  0.9481491
2.983920   0.256280  0.0013170  0.9494661
3.003920   0.254980  0.0012653  0.9507313
3.023920   0.253760  0.0012169  0.9519482
3.043920   0.252610  0.0011714  0.9531196
3.063920   0.251540  0.0011286  0.9542482
3.083920   0.250530  0.0010883  0.9553365
3.103920   0.249590  0.0010505  0.9563870
3.123920   0.248720  0.0010148  0.9574018
3.143920   0.247910  0.0009809  0.9583827
3.163920   0.247160  0.0009492  0.9593319
3.183920   0.246470  0.0009190  0.9602509
3.203920   0.245840  0.0008906  0.9611415
3.223920   0.245260  0.0008636  0.9620051
3.243920   0.244730  0.0008378  0.9628429
3.263920   0.244250  0.0008135  0.9636565
3.283920   0.243820  0.0007905  0.9644469
3.303920   0.243430  0.0007685  0.9652154
3.323920   0.243080  0.0007477  0.9659631
3.343920   0.242780  0.0007278  0.9666909
3.363920   0.242510  0.0007086  0.9673995
3.383920   0.242280  0.0006906  0.9680901
3.403920   0.242080  0.0006731  0.9687632
3.423920   0.241920  0.0006567  0.9694199
3.443920   0.241780  0.0006407  0.9700607
3.463920   0.241680  0.0006256  0.9706862
3.483920   0.241600  0.0006110  0.9712973
3.503920   0.241550  0.0005971  0.9718944
3.523920   0.241520  0.0005838  0.9724782
3.543920   0.241510  0.0005709  0.9730492
3.563920   0.241530  0.0005585  0.9736076
3.583920   0.241560  0.0005466  0.9741543
3.603920   0.241610  0.0005352  0.9746895
3.623920   0.241680  0.0005242  0.9752137
3.643920   0.241770  0.0005136  0.9757274
3.663920   0.241870  0.0005034  0.9762308
3.683920   0.241980  0.0004935  0.9767243
3.703920   0.242100  0.0004839  0.9772082
3.723920   0.242240  0.0004748  0.9776830
3.743920   0.242390  0.0004659  0.9781489
3.763920   0.242550  0.0004573  0.9786062
3.783920   0.242720  0.0004488  0.9790550
3.803920   0.242900  0.0004409  0.9794959
3.823920   0.243080  0.0004330  0.9799290
3.843920   0.243270  0.0004256  0.9803545
3.863920   0.243470  0.0004181  0.9807726
3.883920   0.243670  0.0004110  0.9811837
3.903920   0.243880  0.0004042  0.9815878
3.923920   0.244100  0.0003973  0.9819851
3.943920   0.244320  0.0003909  0.9823760
3.963920   0.244540  0.0003844  0.9827605
3.983920   0.244770  0.0003784  0.9831389
4.003920   0.245000  0.0003724  0.9835113
4.023920   0.245230  0.0003666  0.9838778
4.043920   0.245460  0.0003610  0.9842388
4.063920   0.245700  0.0003554  0.9845942
4.083920   0.245940  0.0003500  0.9849441
4.103920   0.246180  0.0003448  0.9852889
4.123920   0.246420  0.0003396  0.9856285
4.143920   0.246660  0.0003346  0.9859631
4.163920   0.246910  0.0003298  0.9862929
4.183920   0.247150  0.0003250  0.9866179
4.203920   0.247400  0.0003205  0.9869384
4.223920   0.247640  0.0003159  0.9872543
4.243920   0.247890  0.0003115  0.9875658
4.263920   0.248130  0.0003072  0.9878730
4.283920   0.248380  0.0003030  0.9881761
4.303920   0.248630  0.0002991  0.9884751
4.323920   0.248870  0.0002949  0.9887701
4.343920   0.249110  0.0002910  0.9890610
4.363920   0.249360  0.0002872  0.9893483
4.383920   0.249600  0.0002835  0.9896318
4.403920   0.249840  0.0002798  0.9899115
4.423920   0.250080  0.0002762  0.9901878
4.443920   0.250320  0.0002727  0.9904605
4.463920   0.250560  0.0002694  0.9907298
4.483920   0.250800  0.0002658  0.9909957
4.503920   0.251030  0.0002625  0.9912582
4.523920   0.251270  0.0002594  0.9915176
4.543920   0.251500  0.0002563  0.9917739
4.563920   0.251730  0.0002532  0.9920271
4.583920   0.251960  0.0002501  0.9922772
4.603920   0.252190  0.0002472  0.9925243
4.623920   0.252420  0.0002442  0.9927686
4.643920   0.252640  0.0002413  0.9930099
4.663920   0.252870  0.0002384  0.9932483
4.683920   0.253090  0.0002357  0.9934841
4.703920   0.253310  0.0002330  0.9937171
4.723920   0.253530  0.0002303  0.9939474
4.743920   0.253750  0.0002278  0.9941753
4.763920   0.253960  0.0002253  0.9944006
4.783920   0.254170  0.0002229  0.9946235
4.803920   0.254390  0.0002204  0.9948438
4.823920   0.254600  0.0002179  0.9950617
4.843920   0.254810  0.0002156  0.9952773
4.863920   0.255010  0.0002131  0.9954904
4.883920   0.255220  0.0002108  0.9957012
4.903920   0.255420  0.0002087  0.9959099
4.923920   0.255620  0.0002064  0.9961164
4.943920   0.255820  0.0002042  0.9963205
4.963920   0.256020  0.0002021  0.9965226
4.983920   0.256220  0.0002000  0.9967226
5.003920   0.256410  0.0001979  0.9969205
5.023920   0.256600  0.0001959  0.9971164
5.043920   0.256800  0.0001940  0.9973104
5.063920   0.256980  0.0001919  0.9975023
5.083920   0.257170  0.0001900  0.9976923
5.103920   0.257360  0.0001882  0.9978805
5.123920   0.257540  0.0001863  0.9980668
5.143920   0.257720  0.0001844  0.9982512
5.163920   0.257910  0.0001826  0.9984338
5.183920   0.258080  0.0001807  0.9986145
5.203920   0.258260  0.0001790  0.9987935
5.223920   0.258440  0.0001774  0.9989709
5.243920   0.258610  0.0001757  0.9991466
5.263920   0.258780  0.0001738  0.9993204
5.283920   0.258950  0.0001724  0.9994928
5.303920   0.259120  0.0001707  0.9996635
5.323920   0.259290  0.0001691  0.9998326
5.343920   0.259460  0.0001674  1.0000000
