1.327000   0.000020  0.0000004  0.0000004
1.347000   0.003520  0.0000686  0.0000691
1.367000   0.005030  0.0001133  0.0001823
1.387000   0.006230  0.0001631  0.0003455
1.407000   0.007250  0.0002235  0.0005690
1.427000   0.008160  0.0002990  0.0008680
1.447000   0.011800  0.0005215  0.0013895
1.467000   0.014020  0.0007582  0.0021477
1.487000   0.015770  0.0010639  0.0032116
1.507000   0.017270  0.0014885  0.0047001
1.527000   0.018610  0.0021104  0.0068104
1.547000   0.019830  0.0030745  0.0098849
1.567000   0.020960  0.0046777  0.0145626
1.587000   0.022000  0.0076090  0.0221716
1.607000   0.022990  0.0137705  0.0359421
1.627000   0.024010  0.0299801  0.0659222
1.647000   0.025250  0.0925524  0.1584745
1.667000   0.032460  0.3039196  0.4623942
1.687000   0.044930  0.1449027  0.6072969
1.707000   0.055600  0.0671308  0.6744277
1.727000   0.068920  0.0405931  0.7150208
1.747000   0.087950  0.0294977  0.7445185
1.767000   0.117100  0.0242258  0.7687444
1.787000   0.164030  0.0214162  0.7901606
1.807000   0.244340  0.0192942  0.8094548
1.827000   0.394260  0.0163671  0.8258219
1.847000   0.686670  0.0119725  0.8377943
1.867000   1.191210  0.0077986  0.8455929
1.887000   1.905770  0.0051172  0.8507102
1.907000   2.768110  0.0035928  0.8543030
1.927000   3.699020  0.0027123  0.8570152
1.947000   4.628320  0.0021772  0.8591924
1.967000   5.503800  0.0018354  0.8610278
1.987000   6.291300  0.0016078  0.8626356
2.007000   6.971540  0.0014519  0.8640875
2.027000   7.536290  0.0013437  0.8654313
2.047000   7.985030  0.0012682  0.8666995
2.067000   8.322430  0.0012167  0.8679162
2.087000   8.556250  0.0011832  0.8690994
2.107000   8.696170  0.0011636  0.8702630
2.127000   8.752590  0.0011555  0.8714185
2.147000   8.736160  0.0011569  0.8725755
2.167000   8.657250  0.0011664  0.8737419
2.187000   8.525690  0.0011830  0.8749249
2.207000   8.350570  0.0012062  0.8761311
2.227000   8.140170  0.0012355  0.8773666
2.247000   7.901940  0.0012704  0.8786370
2.267000   7.642480  0.0013108  0.8799478
2.287000   7.367550  0.0013562  0.8813041
2.307000   7.082150  0.0014067  0.8827108
2.327000   6.790570  0.0014620  0.8841728
2.347000   6.496410  0.0015220  0.8856948
2.367000   6.202720  0.0015864  0.8872812
2.387000   5.912000  0.0016553  0.8889365
2.407000   5.626280  0.0017282  0.8906646
2.427000   5.347180  0.0018049  0.8924695
2.447000   5.075990  0.0018848  0.8943543
2.467000   4.813650  0.0019676  0.8963220
2.487000   4.560880  0.0020528  0.8983748
2.507000   4.318150  0.0021394  0.9005142
2.527000   4.085750  0.0022267  0.9027409
2.547000   3.863840  0.0023135  0.9050544
2.567000   3.652420  0.0023989  0.9074533
2.587000   3.451400  0.0024815  0.9099348
2.607000   3.260610  0.0025598  0.9124946
2.627000   3.079810  0.0026323  0.9151269
2.647000   2.908710  0.0026977  0.9178246
2.667000   2.746990  0.0027543  0.9205789
2.687000   2.594300  0.0028007  0.9233796
2.707000   2.450260  0.0028356  0.9262152
2.727000   2.314490  0.0028580  0.9290733
2.747000   2.186610  0.0028671  0.9319404
2.767000   2.066230  0.0028625  0.9348029
2.787000   1.952970  0.0028441  0.9376470
2.807000   1.846450  0.0028124  0.9404594
2.827000   1.746320  0.0027676  0.9432270
2.847000   1.652210  0.0027113  0.9459382
2.867000   1.563790  0.0026440  0.9485823
2.887000   1.480730  0.0025679  0.9511502
2.907000   1.402710  0.0024841  0.9536343
2.927000   1.329440  0.0023943  0.9560285
2.947000   1.260630  0.0023000  0.9583285
2.967000   1.196010  0.0022026  0.9605311
2.987000   1.135330  0.0021039  0.9626350
3.007000   1.078350  0.0020048  0.9646398
3.027000   1.024830  0.0019064  0.9665462
3.047000   0.974560  0.0018097  0.9683560
3.067000   0.927350  0.0017152  0.9700712
3.087000   0.882990  0.0016238  0.9716950
3.107000   0.841310  0.0015355  0.9732305
3.127000   0.802140  0.0014511  0.9746816
3.147000   0.765330  0.0013706  0.9760522
3.167000   0.730720  0.0012938  0.9773460
3.187000   0.698180  0.0012212  0.9785672
3.207000   0.667580  0.0011525  0.9797197
3.227000   0.638800  0.0010879  0.9808076
3.247000   0.611710  0.0010269  0.9818345
3.267000   0.586230  0.0009696  0.9828041
3.287000   0.562240  0.0009159  0.9837200
3.307000   0.539650  0.0008656  0.9845855
3.327000   0.518370  0.0008183  0.9854039
3.347000   0.498340  0.0007741  0.9861780
3.367000   0.479450  0.0007327  0.9869107
3.387000   0.461660  0.0006942  0.9876049
3.407000   0.444880  0.0006580  0.9882629
3.427000   0.429060  0.0006241  0.9888870
3.447000   0.414140  0.0005926  0.9894797
3.467000   0.400060  0.0005629  0.9900426
3.487000   0.386770  0.0005353  0.9905778
3.507000   0.374230  0.0005094  0.9910873
3.527000   0.362380  0.0004852  0.9915725
3.547000   0.351190  0.0004626  0.9920350
3.567000   0.340620  0.0004414  0.9924764
3.587000   0.330640  0.0004216  0.9928980
3.607000   0.321220  0.0004028  0.9933008
3.627000   0.312310  0.0003854  0.9936863
3.647000   0.303900  0.0003691  0.9940553
3.667000   0.295950  0.0003537  0.9944091
3.687000   0.288430  0.0003394  0.9947485
3.707000   0.281320  0.0003259  0.9950744
3.727000   0.274590  0.0003132  0.9953876
3.747000   0.268230  0.0003010  0.9956886
3.767000   0.262200  0.0002897  0.9959783
3.787000   0.256490  0.0002792  0.9962576
3.807000   0.251080  0.0002691  0.9965267
3.827000   0.245950  0.0002597  0.9967864
3.847000   0.241100  0.0002508  0.9970372
3.867000   0.236490  0.0002425  0.9972797
3.887000   0.232120  0.0002344  0.9975141
3.907000   0.227970  0.0002269  0.9977410
3.927000   0.224040  0.0002199  0.9979609
3.947000   0.220300  0.0002130  0.9981739
3.967000   0.216760  0.0002066  0.9983805
3.987000   0.213390  0.0002005  0.9985810
4.007000   0.210190  0.0001948  0.9987758
4.027000   0.207150  0.0001894  0.9989652
4.047000   0.204250  0.0001841  0.9991494
4.067000   0.201500  0.0001791  0.9993284
4.087000   0.198890  0.0001745  0.9995029
4.107000   0.196400  0.0001700  0.9996729
4.127000   0.194040  0.0001656  0.9998385
4.147000   0.191780  0.0001615  1.0000000
