1.456710   0.000010  0.0000046  0.0000046
1.476710   0.001490  0.0012882  0.0012929
1.496710   0.003860  0.0081435  0.0094364
1.516710   0.006620  0.0676615  0.0770978
1.536710   0.009550  0.7455302  0.8226280
1.556710   0.012540  0.0603131  0.8829410
1.576710   0.015510  0.0230652  0.9060062
1.596710   0.018430  0.0131953  0.9192015
1.616710   0.021260  0.0089702  0.9281717
1.636710   0.024010  0.0066957  0.9348674
1.656710   0.026650  0.0052951  0.9401625
1.676710   0.029200  0.0043536  0.9445161
1.696710   0.031640  0.0036805  0.9481966
1.716710   0.033990  0.0031769  0.9513735
1.736710   0.036240  0.0027867  0.9541602
1.756710   0.038400  0.0024763  0.9566365
1.776710   0.040480  0.0022234  0.9588599
1.796710   0.042470  0.0020138  0.9608737
1.816710   0.044380  0.0018374  0.9627111
1.836710   0.046220  0.0016871  0.9643982
1.856710   0.047980  0.0015574  0.9659557
1.876710   0.049680  0.0014447  0.9674004
1.896710   0.051320  0.0013457  0.9687460
1.916710   0.052890  0.0012582  0.9700042
1.936710   0.054410  0.0011803  0.9711845
1.956710   0.055870  0.0011106  0.9722951
1.976710   0.057290  0.0010477  0.9733428
1.996710   0.058650  0.0009909  0.9743337
2.016710   0.059970  0.0009394  0.9752731
2.036710   0.061240  0.0008922  0.9761653
2.056710   0.062470  0.0008492  0.9770146
2.076710   0.063660  0.0008096  0.9778241
2.096710   0.064810  0.0007731  0.9785973
2.116710   0.065920  0.0007394  0.9793367
2.136710   0.067000  0.0007082  0.9800449
2.156710   0.068040  0.0006793  0.9807241
2.176710   0.069060  0.0006521  0.9813763
2.196710   0.070040  0.0006269  0.9820031
2.216710   0.070990  0.0006034  0.9826065
2.236710   0.071920  0.0005812  0.9831877
2.256710   0.072810  0.0005606  0.9837483
2.276710   0.073680  0.0005411  0.9842894
2.296710   0.074530  0.0005226  0.9848120
2.316710   0.075350  0.0005053  0.9853173
2.336710   0.076150  0.0004889  0.9858062
2.356710   0.076930  0.0004735  0.9862796
2.376710   0.077690  0.0004588  0.9867385
2.396710   0.078420  0.0004450  0.9871834
2.416710   0.079140  0.0004317  0.9876151
2.436710   0.079840  0.0004191  0.9880342
2.456710   0.080520  0.0004072  0.9884414
2.476710   0.081180  0.0003958  0.9888372
2.496710   0.081820  0.0003848  0.9892220
2.516710   0.082450  0.0003744  0.9895965
2.536710   0.083060  0.0003646  0.9899611
2.556710   0.083660  0.0003552  0.9903162
2.576710   0.084240  0.0003461  0.9906623
2.596710   0.084810  0.0003374  0.9909997
2.616710   0.085360  0.0003289  0.9913287
2.636710   0.085900  0.0003210  0.9916497
2.656710   0.086430  0.0003133  0.9919631
2.676710   0.086950  0.0003060  0.9922691
2.696710   0.087450  0.0002989  0.9925680
2.716710   0.087940  0.0002919  0.9928599
2.736710   0.088420  0.0002854  0.9931453
2.756710   0.088890  0.0002792  0.9934245
2.776710   0.089350  0.0002731  0.9936976
2.796710   0.089800  0.0002671  0.9939647
2.816710   0.090240  0.0002615  0.9942262
2.836710   0.090670  0.0002561  0.9944823
2.856710   0.091090  0.0002507  0.9947330
2.876710   0.091500  0.0002457  0.9949787
2.896710   0.091900  0.0002407  0.9952194
2.916710   0.092290  0.0002359  0.9954553
2.936710   0.092680  0.0002312  0.9956865
2.956710   0.093050  0.0002268  0.9959133
2.976710   0.093420  0.0002224  0.9961357
2.996710   0.093780  0.0002181  0.9963538
3.016710   0.094140  0.0002141  0.9965679
3.036710   0.094480  0.0002102  0.9967782
3.056710   0.094820  0.0002064  0.9969846
3.076710   0.095150  0.0002027  0.9971873
3.096710   0.095480  0.0001991  0.9973863
3.116710   0.095800  0.0001956  0.9975819
3.136710   0.096110  0.0001921  0.9977741
3.156710   0.096420  0.0001889  0.9979629
3.176710   0.096720  0.0001856  0.9981485
3.196710   0.097010  0.0001825  0.9983310
3.216710   0.097300  0.0001794  0.9985104
3.236710   0.097590  0.0001763  0.9986867
3.256710   0.097870  0.0001734  0.9988602
3.276710   0.098140  0.0001707  0.9990309
3.296710   0.098410  0.0001680  0.9991989
3.316710   0.098670  0.0001653  0.9993643
3.336710   0.098930  0.0001626  0.9995269
3.356710   0.099180  0.0001601  0.9996870
3.376710   0.099430  0.0001576  0.9998447
3.396710   0.099680  0.0001553  1.0000000
