1.025260   0.000010  0.0000000  0.0000000
1.045260   0.000040  0.0000002  0.0000002
1.065260   0.000120  0.0000004  0.0000006
1.085260   0.000250  0.0000008  0.0000014
1.105260   0.000460  0.0000016  0.0000031
1.125260   0.000760  0.0000029  0.0000059
1.145260   0.001170  0.0000047  0.0000106
1.165260   0.001680  0.0000071  0.0000177
1.185260   0.002310  0.0000106  0.0000283
1.205260   0.003050  0.0000153  0.0000436
1.225260   0.003900  0.0000212  0.0000648
1.245260   0.004860  0.0000288  0.0000936
1.265260   0.005920  0.0000381  0.0001317
1.285260   0.007060  0.0000498  0.0001815
1.305260   0.008290  0.0000640  0.0002455
1.325260   0.009590  0.0000812  0.0003266
1.345260   0.010960  0.0001017  0.0004284
1.365260   0.012370  0.0001266  0.0005550
1.385260   0.013840  0.0001568  0.0007118
1.405260   0.015380  0.0001931  0.0009049
1.425260   0.016990  0.0002375  0.0011425
1.445260   0.018730  0.0002926  0.0014351
1.465260   0.020650  0.0003621  0.0017972
1.485260   0.022790  0.0004508  0.0022480
1.505260   0.025200  0.0005654  0.0028134
1.525260   0.027910  0.0007145  0.0035279
1.545260   0.030920  0.0009100  0.0044379
1.565260   0.034250  0.0011673  0.0056052
1.585260   0.037850  0.0015083  0.0071135
1.605260   0.041710  0.0019625  0.0090760
1.625260   0.045760  0.0025734  0.0116495
1.645260   0.049950  0.0034039  0.0150534
1.665260   0.054210  0.0045509  0.0196043
1.685260   0.058480  0.0061662  0.0257704
1.705260   0.062680  0.0085000  0.0342704
1.725260   0.066760  0.0119820  0.0462525
1.745260   0.070660  0.0173864  0.0636389
1.765260   0.074330  0.0261756  0.0898145
1.785260   0.077730  0.0411782  0.1309927
1.805260   0.080830  0.0674798  0.1984725
1.825260   0.083600  0.1099248  0.3083973
1.845260   0.086040  0.1517920  0.4601893
1.865260   0.088140  0.1449063  0.6050955
1.885260   0.089900  0.1025185  0.7076140
1.905260   0.091330  0.0668858  0.7744999
1.925260   0.092450  0.0447230  0.8192229
1.945260   0.093270  0.0313459  0.8505688
1.965260   0.093810  0.0229680  0.8735368
1.985260   0.094110  0.0174637  0.8910005
2.005260   0.094180  0.0136826  0.9046831
2.025260   0.094040  0.0109837  0.9156668
2.045260   0.093740  0.0089945  0.9246613
2.065260   0.093280  0.0074881  0.9321493
2.085260   0.092700  0.0063211  0.9384705
2.105260   0.092010  0.0053999  0.9438704
2.125260   0.091240  0.0046604  0.9485307
2.145260   0.090410  0.0040582  0.9525890
2.165260   0.089530  0.0035621  0.9561511
2.185260   0.088620  0.0031490  0.9593002
2.205260   0.087690  0.0028016  0.9621018
2.225260   0.086760  0.0025070  0.9646087
2.245260   0.085830  0.0022551  0.9668639
2.265260   0.084920  0.0020388  0.9689027
2.285260   0.084020  0.0018514  0.9707541
2.305260   0.083150  0.0016885  0.9724426
2.325260   0.082310  0.0015458  0.9739884
2.345260   0.081500  0.0014206  0.9754089
2.365260   0.080730  0.0013099  0.9767188
2.385260   0.080000  0.0012118  0.9779306
2.405260   0.079310  0.0011245  0.9790551
2.425260   0.078650  0.0010466  0.9801017
2.445260   0.078040  0.0009767  0.9810784
2.465260   0.077470  0.0009139  0.9819923
2.485260   0.076930  0.0008572  0.9828495
2.505260   0.076440  0.0008058  0.9836553
2.525260   0.075980  0.0007593  0.9844146
2.545260   0.075550  0.0007169  0.9851315
2.565260   0.075160  0.0006784  0.9858099
2.585260   0.074810  0.0006431  0.9864530
2.605260   0.074480  0.0006107  0.9870637
2.625260   0.074180  0.0005809  0.9876446
2.645260   0.073910  0.0005534  0.9881980
2.665260   0.073670  0.0005281  0.9887261
2.685260   0.073450  0.0005047  0.9892308
2.705260   0.073260  0.0004828  0.9897136
2.725260   0.073090  0.0004627  0.9901763
2.745260   0.072940  0.0004439  0.9906202
2.765260   0.072800  0.0004264  0.9910465
2.785260   0.072690  0.0004100  0.9914566
2.805260   0.072590  0.0003948  0.9918513
2.825260   0.072510  0.0003803  0.9922316
2.845260   0.072440  0.0003668  0.9925984
2.865260   0.072390  0.0003542  0.9929526
2.885260   0.072350  0.0003423  0.9932949
2.905260   0.072310  0.0003311  0.9936261
2.925260   0.072290  0.0003205  0.9939466
2.945260   0.072280  0.0003103  0.9942569
2.965260   0.072280  0.0003010  0.9945579
2.985260   0.072290  0.0002920  0.9948499
3.005260   0.072300  0.0002834  0.9951333
3.025260   0.072320  0.0002753  0.9954086
3.045260   0.072350  0.0002675  0.9956761
3.065260   0.072390  0.0002602  0.9959363
3.085260   0.072420  0.0002532  0.9961895
3.105260   0.072470  0.0002465  0.9964360
3.125260   0.072520  0.0002402  0.9966762
3.145260   0.072570  0.0002341  0.9969103
3.165260   0.072620  0.0002282  0.9971385
3.185260   0.072680  0.0002227  0.9973611
3.205260   0.072740  0.0002172  0.9975783
3.225260   0.072810  0.0002121  0.9977903
3.245260   0.072880  0.0002072  0.9979975
3.265260   0.072950  0.0002025  0.9982000
3.285260   0.073020  0.0001980  0.9983980
3.305260   0.073090  0.0001935  0.9985915
3.325260   0.073170  0.0001892  0.9987807
3.345260   0.073240  0.0001853  0.9989660
3.365260   0.073320  0.0001813  0.9991473
3.385260   0.073390  0.0001776  0.9993249
3.405260   0.073470  0.0001739  0.9994988
3.425260   0.073550  0.0001705  0.9996693
3.445260   0.073630  0.0001670  0.9998363
3.465260   0.073710  0.0001637  1.0000000
