1.077000   0.000010  0.0000000  0.0000000
1.097000   0.000910  0.0000048  0.0000048
1.117000   0.002330  0.0000131  0.0000179
1.137000   0.003960  0.0000245  0.0000423
1.157000   0.005680  0.0000384  0.0000807
1.177000   0.007420  0.0000552  0.0001360
1.197000   0.009130  0.0000747  0.0002107
1.217000   0.010800  0.0000978  0.0003084
1.237000   0.012410  0.0001243  0.0004328
1.257000   0.013970  0.0001553  0.0005880
1.277000   0.015460  0.0001916  0.0007796
1.297000   0.016920  0.0002345  0.0010141
1.317000   0.018350  0.0002860  0.0013001
1.337000   0.019820  0.0003487  0.0016488
1.357000   0.021400  0.0004272  0.0020760
1.377000   0.023140  0.0005274  0.0026034
1.397000   0.025070  0.0006569  0.0032603
1.417000   0.027180  0.0008250  0.0040854
1.437000   0.029430  0.0010444  0.0051298
1.457000   0.031790  0.0013323  0.0064621
1.477000   0.034230  0.0017140  0.0081762
1.497000   0.038910  0.0023589  0.0105351
1.517000   0.047210  0.0035146  0.0140497
1.537000   0.055390  0.0051543  0.0192040
1.557000   0.063090  0.0074939  0.0266979
1.577000   0.070340  0.0109344  0.0376323
1.597000   0.077300  0.0161838  0.0538161
1.617000   0.085020  0.0246570  0.0784731
1.637000   0.096230  0.0387967  0.1172698
1.657000   0.108030  0.0590304  0.1763002
1.677000   0.119700  0.0810844  0.2573846
1.697000   0.131720  0.0928841  0.3502687
1.717000   0.145270  0.0867325  0.4370012
1.737000   0.170680  0.0678195  0.5048207
1.757000   0.202570  0.0518966  0.5567173
1.777000   0.231320  0.0415496  0.5982668
1.797000   0.255840  0.0345059  0.6327727
1.817000   0.276440  0.0294018  0.6621745
1.837000   0.293620  0.0255129  0.6876874
1.857000   0.307840  0.0224334  0.7101208
1.877000   0.319490  0.0199223  0.7300431
1.897000   0.328920  0.0178272  0.7478704
1.917000   0.336410  0.0160483  0.7639186
1.937000   0.342220  0.0145161  0.7784347
1.957000   0.346550  0.0131819  0.7916166
1.977000   0.349600  0.0120096  0.8036261
1.997000   0.351530  0.0109722  0.8145983
2.017000   0.352510  0.0100490  0.8246473
2.037000   0.352660  0.0092237  0.8338710
2.057000   0.352100  0.0084831  0.8423542
2.077000   0.350950  0.0078165  0.8501706
2.097000   0.349300  0.0072148  0.8573854
2.117000   0.347230  0.0066707  0.8640561
2.137000   0.344820  0.0061778  0.8702339
2.157000   0.342150  0.0057303  0.8759642
2.177000   0.339260  0.0053237  0.8812879
2.197000   0.336220  0.0049536  0.8862415
2.217000   0.333060  0.0046163  0.8908578
2.237000   0.329830  0.0043087  0.8951665
2.257000   0.326550  0.0040277  0.8991942
2.277000   0.323270  0.0037707  0.9029649
2.297000   0.320000  0.0035354  0.9065003
2.317000   0.316770  0.0033197  0.9098200
2.337000   0.313590  0.0031219  0.9129419
2.357000   0.310470  0.0029403  0.9158821
2.377000   0.307430  0.0027730  0.9186551
2.397000   0.304480  0.0026192  0.9212743
2.417000   0.301630  0.0024772  0.9237515
2.437000   0.298870  0.0023462  0.9260978
2.457000   0.296220  0.0022252  0.9283230
2.477000   0.293680  0.0021132  0.9304362
2.497000   0.291250  0.0020094  0.9324456
2.517000   0.288920  0.0019133  0.9343588
2.537000   0.286710  0.0018240  0.9361829
2.557000   0.284600  0.0017408  0.9379237
2.577000   0.282610  0.0016636  0.9395873
2.597000   0.280710  0.0015916  0.9411788
2.617000   0.278920  0.0015243  0.9427031
2.637000   0.277240  0.0014616  0.9441648
2.657000   0.275650  0.0014029  0.9455677
2.677000   0.274150  0.0013479  0.9469155
2.697000   0.272740  0.0012962  0.9482117
2.717000   0.271430  0.0012478  0.9494596
2.737000   0.270190  0.0012024  0.9506620
2.757000   0.269040  0.0011596  0.9518216
2.777000   0.267970  0.0011194  0.9529410
2.797000   0.266970  0.0010814  0.9540224
2.817000   0.266040  0.0010455  0.9550678
2.837000   0.265180  0.0010116  0.9560795
2.857000   0.264390  0.0009797  0.9570592
2.877000   0.263650  0.0009494  0.9580085
2.897000   0.262980  0.0009205  0.9589291
2.917000   0.262360  0.0008933  0.9598224
2.937000   0.261790  0.0008674  0.9606898
2.957000   0.261270  0.0008429  0.9615327
2.977000   0.260800  0.0008194  0.9623521
2.997000   0.260370  0.0007970  0.9631491
3.017000   0.259980  0.0007759  0.9639250
3.037000   0.259640  0.0007555  0.9646805
3.057000   0.259330  0.0007362  0.9654167
3.077000   0.259050  0.0007177  0.9661345
3.097000   0.258810  0.0006999  0.9668344
3.117000   0.258600  0.0006831  0.9675174
3.137000   0.258420  0.0006667  0.9681841
3.157000   0.258270  0.0006511  0.9688352
3.177000   0.258140  0.0006362  0.9694714
3.197000   0.258030  0.0006218  0.9700932
3.217000   0.257950  0.0006081  0.9707014
3.237000   0.257890  0.0005949  0.9712962
3.257000   0.257850  0.0005822  0.9718785
3.277000   0.257830  0.0005700  0.9724484
3.297000   0.257830  0.0005581  0.9730065
3.317000   0.257840  0.0005467  0.9735532
3.337000   0.257870  0.0005357  0.9740890
3.357000   0.257910  0.0005251  0.9746141
3.377000   0.257970  0.0005147  0.9751288
3.397000   0.258040  0.0005048  0.9756336
3.417000   0.258110  0.0004952  0.9761288
3.437000   0.258200  0.0004861  0.9766149
3.457000   0.258300  0.0004770  0.9770919
3.477000   0.258410  0.0004685  0.9775604
3.497000   0.258520  0.0004600  0.9780203
3.517000   0.258650  0.0004519  0.9784722
3.537000   0.258770  0.0004440  0.9789162
3.557000   0.258910  0.0004363  0.9793524
3.577000   0.259050  0.0004288  0.9797813
3.597000   0.259200  0.0004216  0.9802028
3.617000   0.259350  0.0004145  0.9806173
3.637000   0.259500  0.0004076  0.9810250
3.657000   0.259660  0.0004010  0.9814260
3.677000   0.259820  0.0003946  0.9818205
3.697000   0.259990  0.0003883  0.9822089
3.717000   0.260160  0.0003823  0.9825912
3.737000   0.260330  0.0003763  0.9829675
3.757000   0.260500  0.0003705  0.9833380
3.777000   0.260670  0.0003649  0.9837029
3.797000   0.260850  0.0003593  0.9840622
3.817000   0.261030  0.0003541  0.9844163
3.837000   0.261210  0.0003487  0.9847650
3.857000   0.261390  0.0003437  0.9851087
3.877000   0.261570  0.0003387  0.9854474
3.897000   0.261750  0.0003338  0.9857812
3.917000   0.261930  0.0003292  0.9861104
3.937000   0.262110  0.0003244  0.9864348
3.957000   0.262290  0.0003198  0.9867546
3.977000   0.262470  0.0003155  0.9870701
3.997000   0.262660  0.0003111  0.9873812
4.017000   0.262840  0.0003070  0.9876882
4.037000   0.263020  0.0003028  0.9879911
4.057000   0.263200  0.0002989  0.9882899
4.077000   0.263380  0.0002949  0.9885849
4.097000   0.263560  0.0002910  0.9888759
4.117000   0.263740  0.0002873  0.9891631
4.137000   0.263920  0.0002835  0.9894467
4.157000   0.264090  0.0002800  0.9897267
4.177000   0.264270  0.0002765  0.9900031
4.197000   0.264450  0.0002729  0.9902761
4.217000   0.264620  0.0002694  0.9905455
4.237000   0.264790  0.0002661  0.9908116
4.257000   0.264970  0.0002630  0.9910745
4.277000   0.265140  0.0002597  0.9913342
4.297000   0.265310  0.0002565  0.9915907
4.317000   0.265480  0.0002534  0.9918442
4.337000   0.265640  0.0002505  0.9920947
4.357000   0.265810  0.0002474  0.9923421
4.377000   0.265980  0.0002445  0.9925866
4.397000   0.266140  0.0002418  0.9928284
4.417000   0.266300  0.0002389  0.9930673
4.437000   0.266460  0.0002362  0.9933035
4.457000   0.266620  0.0002335  0.9935370
4.477000   0.266780  0.0002308  0.9937678
4.497000   0.266940  0.0002283  0.9939961
4.517000   0.267100  0.0002258  0.9942220
4.537000   0.267250  0.0002233  0.9944453
4.557000   0.267400  0.0002208  0.9946661
4.577000   0.267560  0.0002184  0.9948845
4.597000   0.267710  0.0002161  0.9951006
4.617000   0.267860  0.0002136  0.9953141
4.637000   0.268000  0.0002113  0.9955254
4.657000   0.268150  0.0002090  0.9957345
4.677000   0.268290  0.0002069  0.9959414
4.697000   0.268440  0.0002047  0.9961460
4.717000   0.268580  0.0002026  0.9963486
4.737000   0.268720  0.0002005  0.9965491
4.757000   0.268860  0.0001984  0.9967476
4.777000   0.269000  0.0001964  0.9969439
4.797000   0.269140  0.0001943  0.9971382
4.817000   0.269270  0.0001924  0.9973306
4.837000   0.269410  0.0001905  0.9975211
4.857000   0.269540  0.0001885  0.9977096
4.877000   0.269670  0.0001866  0.9978962
4.897000   0.269800  0.0001847  0.9980809
4.917000   0.269930  0.0001831  0.9982640
4.937000   0.270060  0.0001812  0.9984452
4.957000   0.270190  0.0001795  0.9986247
4.977000   0.270310  0.0001777  0.9988024
4.997000   0.270440  0.0001760  0.9989784
5.017000   0.270560  0.0001743  0.9991527
5.037000   0.270680  0.0001727  0.9993254
5.057000   0.270800  0.0001710  0.9994965
5.077000   0.270920  0.0001694  0.9996658
5.097000   0.271040  0.0001679  0.9998337
5.117000   0.271150  0.0001663  1.0000000
