1.327000   0.000020  0.0000002  0.0000002
1.347000   0.003920  0.0000534  0.0000536
1.367000   0.005600  0.0000850  0.0001386
1.387000   0.006920  0.0001177  0.0002563
1.407000   0.008060  0.0001537  0.0004101
1.427000   0.009070  0.0001950  0.0006050
1.447000   0.041030  0.0009979  0.0016030
1.467000   0.057840  0.0015996  0.0032026
1.487000   0.070050  0.0022162  0.0054188
1.507000   0.080030  0.0029167  0.0083356
1.527000   0.088650  0.0037507  0.0120863
1.547000   0.096440  0.0047767  0.0168629
1.567000   0.103800  0.0060756  0.0229385
1.587000   0.111070  0.0077609  0.0306994
1.607000   0.118530  0.0099942  0.0406937
1.627000   0.126430  0.0130036  0.0536972
1.647000   0.134950  0.0171007  0.0707979
1.667000   0.149970  0.0231783  0.0939762
1.687000   0.170240  0.0311828  0.1251590
1.707000   0.187310  0.0400340  0.1651929
1.727000   0.204610  0.0488487  0.2140416
1.747000   0.223420  0.0555909  0.2696325
1.767000   0.245440  0.0580649  0.3276974
1.787000   0.274270  0.0552878  0.3829853
1.807000   0.319280  0.0478319  0.4308172
1.827000   0.400640  0.0375208  0.4683379
1.847000   0.516100  0.0287190  0.4970570
1.867000   0.625400  0.0234290  0.5204860
1.887000   0.714450  0.0202693  0.5407553
1.907000   0.785400  0.0182052  0.5589605
1.927000   0.841520  0.0167553  0.5757158
1.947000   0.885290  0.0156824  0.5913982
1.967000   0.918580  0.0148566  0.6062548
1.987000   0.942820  0.0142000  0.6204549
2.007000   0.959230  0.0136624  0.6341173
2.027000   0.968820  0.0132088  0.6473261
2.047000   0.972500  0.0128142  0.6601403
2.067000   0.971090  0.0124599  0.6726002
2.087000   0.965320  0.0121313  0.6847315
2.107000   0.955860  0.0118167  0.6965482
2.127000   0.943310  0.0115072  0.7080554
2.147000   0.928220  0.0111964  0.7192517
2.167000   0.911100  0.0108789  0.7301306
2.187000   0.892380  0.0105513  0.7406820
2.207000   0.872460  0.0102123  0.7508942
2.227000   0.851680  0.0098610  0.7607553
2.247000   0.830350  0.0094983  0.7702536
2.267000   0.808730  0.0091262  0.7793797
2.287000   0.787040  0.0087465  0.7881262
2.307000   0.765470  0.0083626  0.7964888
2.327000   0.744170  0.0079774  0.8044662
2.347000   0.723290  0.0075944  0.8120606
2.367000   0.702910  0.0072161  0.8192767
2.387000   0.683120  0.0068459  0.8261226
2.407000   0.663980  0.0064859  0.8326085
2.427000   0.645550  0.0061382  0.8387467
2.447000   0.627840  0.0058042  0.8445508
2.467000   0.610890  0.0054852  0.8500360
2.487000   0.594700  0.0051819  0.8552180
2.507000   0.579270  0.0048946  0.8601126
2.527000   0.564590  0.0046236  0.8647362
2.547000   0.550650  0.0043687  0.8691049
2.567000   0.537450  0.0041296  0.8732345
2.587000   0.524950  0.0039055  0.8771399
2.607000   0.513130  0.0036960  0.8808360
2.627000   0.501980  0.0035004  0.8843364
2.647000   0.491460  0.0033180  0.8876544
2.667000   0.481550  0.0031480  0.8908024
2.687000   0.472220  0.0029896  0.8937920
2.707000   0.463440  0.0028420  0.8966340
2.727000   0.455190  0.0027046  0.8993386
2.747000   0.447450  0.0025764  0.9019150
2.767000   0.440170  0.0024570  0.9043720
2.787000   0.433350  0.0023458  0.9067178
2.807000   0.426950  0.0022420  0.9089598
2.827000   0.420960  0.0021452  0.9111050
2.847000   0.415340  0.0020547  0.9131597
2.867000   0.410080  0.0019701  0.9151298
2.887000   0.405150  0.0018910  0.9170208
2.907000   0.400550  0.0018168  0.9188376
2.927000   0.396240  0.0017475  0.9205851
2.947000   0.392210  0.0016824  0.9222675
2.967000   0.388440  0.0016210  0.9238885
2.987000   0.384920  0.0015636  0.9254521
3.007000   0.381640  0.0015094  0.9269614
3.027000   0.378570  0.0014585  0.9284199
3.047000   0.375710  0.0014103  0.9298302
3.067000   0.373040  0.0013651  0.9311953
3.087000   0.370540  0.0013221  0.9325174
3.107000   0.368220  0.0012815  0.9337989
3.127000   0.366060  0.0012432  0.9350421
3.147000   0.364040  0.0012067  0.9362488
3.167000   0.362170  0.0011722  0.9374210
3.187000   0.360420  0.0011393  0.9385603
3.207000   0.358790  0.0011081  0.9396684
3.227000   0.357280  0.0010784  0.9407468
3.247000   0.355880  0.0010501  0.9417969
3.267000   0.354580  0.0010233  0.9428202
3.287000   0.353370  0.0009975  0.9438177
3.307000   0.352250  0.0009728  0.9447905
3.327000   0.351210  0.0009493  0.9457398
3.347000   0.350250  0.0009269  0.9466668
3.367000   0.349360  0.0009054  0.9475721
3.387000   0.348540  0.0008846  0.9484568
3.407000   0.347790  0.0008649  0.9493217
3.427000   0.347090  0.0008459  0.9501676
3.447000   0.346450  0.0008277  0.9509953
3.467000   0.345870  0.0008101  0.9518054
3.487000   0.345330  0.0007931  0.9525985
3.507000   0.344840  0.0007770  0.9533755
3.527000   0.344390  0.0007613  0.9541368
3.547000   0.343980  0.0007462  0.9548830
3.567000   0.343610  0.0007315  0.9556145
3.587000   0.343270  0.0007175  0.9563320
3.607000   0.342970  0.0007039  0.9570359
3.627000   0.342700  0.0006909  0.9577268
3.647000   0.342460  0.0006781  0.9584049
3.667000   0.342240  0.0006658  0.9590707
3.687000   0.342050  0.0006541  0.9597248
3.707000   0.341880  0.0006425  0.9603673
3.727000   0.341740  0.0006312  0.9609985
3.747000   0.341610  0.0006205  0.9616191
3.767000   0.341500  0.0006101  0.9622292
3.787000   0.341420  0.0005998  0.9628290
3.807000   0.341340  0.0005900  0.9634189
3.827000   0.341290  0.0005803  0.9639993
3.847000   0.341250  0.0005709  0.9645702
3.867000   0.341220  0.0005619  0.9651321
3.887000   0.341200  0.0005531  0.9656852
3.907000   0.341200  0.0005445  0.9662297
3.927000   0.341210  0.0005361  0.9667658
3.947000   0.341220  0.0005280  0.9672938
3.967000   0.341250  0.0005200  0.9678138
3.987000   0.341290  0.0005123  0.9683261
4.007000   0.341330  0.0005047  0.9688308
4.027000   0.341380  0.0004974  0.9693282
4.047000   0.341440  0.0004903  0.9698185
4.067000   0.341500  0.0004834  0.9703019
4.087000   0.341570  0.0004765  0.9707783
4.107000   0.341650  0.0004698  0.9712481
4.127000   0.341730  0.0004633  0.9717113
4.147000   0.341820  0.0004570  0.9721683
4.167000   0.341910  0.0004507  0.9726190
4.187000   0.342000  0.0004448  0.9730638
4.207000   0.342100  0.0004388  0.9735026
4.227000   0.342210  0.0004331  0.9739357
4.247000   0.342310  0.0004274  0.9743632
4.267000   0.342420  0.0004218  0.9747850
4.287000   0.342530  0.0004163  0.9752013
4.307000   0.342640  0.0004111  0.9756124
4.327000   0.342760  0.0004059  0.9760183
4.347000   0.342880  0.0004009  0.9764191
4.367000   0.342990  0.0003958  0.9768150
4.387000   0.343120  0.0003910  0.9772060
4.407000   0.343240  0.0003862  0.9775922
4.427000   0.343360  0.0003816  0.9779737
4.447000   0.343490  0.0003770  0.9783507
4.467000   0.343610  0.0003724  0.9787231
4.487000   0.343740  0.0003680  0.9790911
4.507000   0.343860  0.0003636  0.9794546
4.527000   0.343990  0.0003594  0.9798140
4.547000   0.344120  0.0003552  0.9801692
4.567000   0.344250  0.0003512  0.9805204
4.587000   0.344380  0.0003472  0.9808677
4.607000   0.344510  0.0003433  0.9812109
4.627000   0.344640  0.0003393  0.9815502
4.647000   0.344770  0.0003355  0.9818857
4.667000   0.344900  0.0003319  0.9822177
4.687000   0.345020  0.0003282  0.9825458
4.707000   0.345150  0.0003246  0.9828704
4.727000   0.345280  0.0003211  0.9831915
4.747000   0.345410  0.0003177  0.9835092
4.767000   0.345540  0.0003141  0.9838234
4.787000   0.345670  0.0003108  0.9841342
4.807000   0.345800  0.0003077  0.9844418
4.827000   0.345920  0.0003043  0.9847461
4.847000   0.346050  0.0003012  0.9850473
4.867000   0.346180  0.0002980  0.9853453
4.887000   0.346300  0.0002951  0.9856404
4.907000   0.346430  0.0002919  0.9859323
4.927000   0.346550  0.0002890  0.9862213
4.947000   0.346670  0.0002861  0.9865074
4.967000   0.346800  0.0002832  0.9867906
4.987000   0.346920  0.0002804  0.9870710
5.007000   0.347040  0.0002775  0.9873485
5.027000   0.347160  0.0002748  0.9876233
5.047000   0.347280  0.0002723  0.9878955
5.067000   0.347400  0.0002695  0.9881651
5.087000   0.347520  0.0002668  0.9884319
5.107000   0.347640  0.0002643  0.9886962
5.127000   0.347760  0.0002618  0.9889580
5.147000   0.347870  0.0002593  0.9892172
5.167000   0.347990  0.0002568  0.9894740
5.187000   0.348100  0.0002545  0.9897285
5.207000   0.348220  0.0002519  0.9899804
5.227000   0.348330  0.0002496  0.9902301
5.247000   0.348440  0.0002473  0.9904774
5.267000   0.348560  0.0002450  0.9907224
5.287000   0.348670  0.0002429  0.9909654
5.307000   0.348780  0.0002406  0.9912060
5.327000   0.348890  0.0002385  0.9914445
5.347000   0.348990  0.0002362  0.9916808
5.367000   0.349100  0.0002341  0.9919149
5.387000   0.349210  0.0002320  0.9921470
5.407000   0.349310  0.0002300  0.9923769
5.427000   0.349420  0.0002281  0.9926050
5.447000   0.349520  0.0002260  0.9928310
5.467000   0.349630  0.0002241  0.9930551
5.487000   0.349730  0.0002220  0.9932771
5.507000   0.349830  0.0002201  0.9934972
5.527000   0.349930  0.0002182  0.9937154
5.547000   0.350030  0.0002163  0.9939317
5.567000   0.350130  0.0002145  0.9941462
5.587000   0.350230  0.0002128  0.9943590
5.607000   0.350320  0.0002109  0.9945699
5.627000   0.350420  0.0002092  0.9947791
5.647000   0.350520  0.0002073  0.9949864
5.667000   0.350610  0.0002057  0.9951921
5.687000   0.350710  0.0002040  0.9953961
5.707000   0.350800  0.0002023  0.9955984
5.727000   0.350890  0.0002006  0.9957990
5.747000   0.350980  0.0001990  0.9959980
5.767000   0.351070  0.0001973  0.9961953
5.787000   0.351160  0.0001958  0.9963911
5.807000   0.351250  0.0001941  0.9965852
5.827000   0.351340  0.0001927  0.9967779
5.847000   0.351430  0.0001910  0.9969689
5.867000   0.351520  0.0001895  0.9971584
5.887000   0.351600  0.0001881  0.9973465
5.907000   0.351690  0.0001866  0.9975331
5.927000   0.351770  0.0001851  0.9977183
5.947000   0.351860  0.0001837  0.9979019
5.967000   0.351940  0.0001822  0.9980841
5.987000   0.352020  0.0001809  0.9982651
6.007000   0.352110  0.0001795  0.9984446
6.027000   0.352190  0.0001780  0.9986226
6.047000   0.352270  0.0001768  0.9987993
6.067000   0.352350  0.0001753  0.9989746
6.087000   0.352430  0.0001740  0.9991487
6.107000   0.352510  0.0001728  0.9993214
6.127000   0.352580  0.0001715  0.9994930
6.147000   0.352660  0.0001703  0.9996632
6.167000   0.352740  0.0001690  0.9998322
6.187000   0.352810  0.0001678  1.0000000
