0.686200   0.000010  0.0000000  0.0000000
0.706200   0.009350  0.0000344  0.0000344
0.726200   0.024360  0.0000991  0.0001335
0.746200   0.041440  0.0001864  0.0003198
0.766200   0.059200  0.0002942  0.0006141
0.786200   0.076920  0.0004227  0.0010367
0.806200   0.094190  0.0005731  0.0016099
0.826200   0.110790  0.0007471  0.0023570
0.846200   0.126600  0.0009473  0.0033043
0.866200   0.141580  0.0011771  0.0044814
0.886200   0.155730  0.0014409  0.0059224
0.906200   0.169050  0.0017438  0.0076661
0.926200   0.181580  0.0020926  0.0097587
0.946200   0.193360  0.0024949  0.0122535
0.966200   0.204440  0.0029603  0.0152139
0.986200   0.214850  0.0035005  0.0187144
1.006200   0.224640  0.0041297  0.0228441
1.026200   0.233860  0.0048649  0.0277089
1.046200   0.242550  0.0057268  0.0334357
1.066200   0.250730  0.0067402  0.0401759
1.086200   0.258450  0.0079345  0.0481104
1.106200   0.265740  0.0093440  0.0574544
1.126200   0.272620  0.0110074  0.0684618
1.146200   0.279140  0.0129660  0.0814278
1.166200   0.285300  0.0152592  0.0966870
1.186200   0.291150  0.0179171  0.1146041
1.206200   0.296690  0.0209465  0.1355506
1.226200   0.301950  0.0243102  0.1598608
1.246200   0.306940  0.0279012  0.1877620
1.266200   0.311690  0.0315201  0.2192820
1.286200   0.316210  0.0348714  0.2541534
1.306200   0.320510  0.0375992  0.2917526
1.326200   0.324610  0.0393694  0.3311220
1.346200   0.328520  0.0399753  0.3710973
1.366200   0.332260  0.0394053  0.4105025
1.386200   0.335820  0.0378359  0.4483385
1.406200   0.339230  0.0355574  0.4838959
1.426200   0.342490  0.0328796  0.5167755
1.446200   0.345610  0.0300638  0.5468393
1.466200   0.348590  0.0272968  0.5741361
1.486200   0.351450  0.0246922  0.5988282
1.506200   0.354200  0.0223081  0.6211363
1.526200   0.356830  0.0201637  0.6413000
1.546200   0.359360  0.0182554  0.6595554
1.566200   0.361780  0.0165677  0.6761231
1.586200   0.364120  0.0150793  0.6912025
1.606200   0.366360  0.0137677  0.7049702
1.626200   0.368520  0.0126107  0.7175809
1.646200   0.370590  0.0115885  0.7291693
1.666200   0.372590  0.0106831  0.7398525
1.686200   0.374520  0.0098789  0.7497314
1.706200   0.376380  0.0091622  0.7588936
1.726200   0.378170  0.0085219  0.7674155
1.746200   0.379890  0.0079475  0.7753631
1.766200   0.381560  0.0074309  0.7827939
1.786200   0.383170  0.0069647  0.7897587
1.806200   0.384720  0.0065427  0.7963014
1.826200   0.386230  0.0061595  0.8024609
1.846200   0.387680  0.0058105  0.8082714
1.866200   0.389080  0.0054919  0.8137633
1.886200   0.390440  0.0052002  0.8189635
1.906200   0.391760  0.0049324  0.8238960
1.926200   0.393030  0.0046860  0.8285820
1.946200   0.394270  0.0044590  0.8330410
1.966200   0.395460  0.0042489  0.8372899
1.986200   0.396620  0.0040544  0.8413443
2.006200   0.397740  0.0038737  0.8452179
2.026200   0.398830  0.0037058  0.8489237
2.046200   0.399890  0.0035494  0.8524731
2.066200   0.400910  0.0034034  0.8558765
2.086200   0.401910  0.0032667  0.8591432
2.106200   0.402870  0.0031389  0.8622822
2.126200   0.403810  0.0030189  0.8653010
2.146200   0.404720  0.0029062  0.8682072
2.166200   0.405610  0.0028002  0.8710074
2.186200   0.406470  0.0027003  0.8737078
2.206200   0.407310  0.0026061  0.8763139
2.226200   0.408120  0.0025173  0.8788312
2.246200   0.408920  0.0024332  0.8812643
2.266200   0.409690  0.0023534  0.8836177
2.286200   0.410440  0.0022781  0.8858958
2.306200   0.411170  0.0022063  0.8881021
2.326200   0.411880  0.0021383  0.8902404
2.346200   0.412570  0.0020737  0.8923141
2.366200   0.413250  0.0020122  0.8943262
2.386200   0.413910  0.0019534  0.8962797
2.406200   0.414550  0.0018976  0.8981772
2.426200   0.415180  0.0018443  0.9000215
2.446200   0.415790  0.0017933  0.9018148
2.466200   0.416380  0.0017446  0.9035594
2.486200   0.416960  0.0016980  0.9052574
2.506200   0.417530  0.0016535  0.9069109
2.526200   0.418080  0.0016107  0.9085216
2.546200   0.418620  0.0015698  0.9100914
2.566200   0.419150  0.0015305  0.9116220
2.586200   0.419660  0.0014928  0.9131147
2.606200   0.420160  0.0014565  0.9145712
2.626200   0.420650  0.0014216  0.9159928
2.646200   0.421130  0.0013882  0.9173810
2.666200   0.421600  0.0013559  0.9187370
2.686200   0.422060  0.0013249  0.9200618
2.706200   0.422510  0.0012951  0.9213569
2.726200   0.422950  0.0012661  0.9226230
2.746200   0.423370  0.0012384  0.9238614
2.766200   0.423790  0.0012115  0.9250730
2.786200   0.424200  0.0011857  0.9262587
2.806200   0.424600  0.0011608  0.9274195
2.826200   0.425000  0.0011364  0.9285559
2.846200   0.425380  0.0011131  0.9296690
2.866200   0.425760  0.0010905  0.9307594
2.886200   0.426120  0.0010686  0.9318281
2.906200   0.426480  0.0010474  0.9328755
2.926200   0.426840  0.0010271  0.9339026
2.946200   0.427180  0.0010071  0.9349097
2.966200   0.427520  0.0009878  0.9358975
2.986200   0.427850  0.0009692  0.9368667
3.006200   0.428180  0.0009511  0.9378178
3.026200   0.428500  0.0009335  0.9387513
3.046200   0.428810  0.0009165  0.9396677
3.066200   0.429120  0.0008999  0.9405676
3.086200   0.429420  0.0008837  0.9414514
3.106200   0.429710  0.0008682  0.9423196
3.126200   0.430000  0.0008531  0.9431727
3.146200   0.430280  0.0008382  0.9440109
3.166200   0.430560  0.0008239  0.9448348
3.186200   0.430830  0.0008099  0.9456447
3.206200   0.431100  0.0007962  0.9464409
3.226200   0.431360  0.0007830  0.9472239
3.246200   0.431620  0.0007702  0.9479941
3.266200   0.431870  0.0007576  0.9487517
3.286200   0.432120  0.0007454  0.9494971
3.306200   0.432360  0.0007335  0.9502306
3.326200   0.432600  0.0007219  0.9509525
3.346200   0.432840  0.0007106  0.9516631
3.366200   0.433070  0.0006995  0.9523626
3.386200   0.433290  0.0006888  0.9530514
3.406200   0.433510  0.0006783  0.9537297
3.426200   0.433730  0.0006680  0.9543977
3.446200   0.433950  0.0006579  0.9550556
3.466200   0.434160  0.0006483  0.9557038
3.486200   0.434370  0.0006386  0.9563425
3.506200   0.434570  0.0006294  0.9569718
3.526200   0.434770  0.0006201  0.9575920
3.546200   0.434970  0.0006113  0.9582033
3.566200   0.435160  0.0006027  0.9588061
3.586200   0.435350  0.0005941  0.9594002
3.606200   0.435540  0.0005857  0.9599859
3.626200   0.435720  0.0005778  0.9605637
3.646200   0.435900  0.0005698  0.9611334
3.666200   0.436080  0.0005620  0.9616955
3.686200   0.436250  0.0005543  0.9622497
3.706200   0.436430  0.0005469  0.9627966
3.726200   0.436600  0.0005396  0.9633362
3.746200   0.436760  0.0005324  0.9638686
3.766200   0.436930  0.0005255  0.9643941
3.786200   0.437090  0.0005186  0.9649127
3.806200   0.437250  0.0005119  0.9654245
3.826200   0.437400  0.0005054  0.9659299
3.846200   0.437560  0.0004988  0.9664287
3.866200   0.437710  0.0004926  0.9669213
3.886200   0.437860  0.0004863  0.9674075
3.906200   0.438000  0.0004804  0.9678879
3.926200   0.438150  0.0004743  0.9683622
3.946200   0.438290  0.0004684  0.9688306
3.966200   0.438430  0.0004627  0.9692934
3.986200   0.438570  0.0004571  0.9697504
4.006200   0.438700  0.0004516  0.9702021
4.026200   0.438840  0.0004462  0.9706482
4.046200   0.438970  0.0004409  0.9710892
4.066200   0.439100  0.0004357  0.9715248
4.086200   0.439230  0.0004306  0.9719555
4.106200   0.439350  0.0004256  0.9723811
4.126200   0.439480  0.0004208  0.9728019
4.146200   0.439600  0.0004159  0.9732178
4.166200   0.439720  0.0004111  0.9736289
4.186200   0.439840  0.0004065  0.9740354
4.206200   0.439960  0.0004019  0.9744373
4.226200   0.440070  0.0003975  0.9748348
4.246200   0.440190  0.0003931  0.9752279
4.266200   0.440300  0.0003887  0.9756166
4.286200   0.440410  0.0003845  0.9760010
4.306200   0.440520  0.0003803  0.9763813
4.326200   0.440630  0.0003761  0.9767574
4.346200   0.440730  0.0003721  0.9771295
4.366200   0.440840  0.0003681  0.9774976
4.386200   0.440940  0.0003641  0.9778617
4.406200   0.441040  0.0003601  0.9782218
4.426200   0.441150  0.0003563  0.9785782
4.446200   0.441240  0.0003528  0.9789309
4.466200   0.441340  0.0003490  0.9792799
4.486200   0.441440  0.0003454  0.9796254
4.506200   0.441530  0.0003419  0.9799672
4.526200   0.441630  0.0003383  0.9803055
4.546200   0.441720  0.0003349  0.9806405
4.566200   0.441810  0.0003316  0.9809721
4.586200   0.441900  0.0003282  0.9813003
4.606200   0.441990  0.0003249  0.9816252
4.626200   0.442080  0.0003217  0.9819469
4.646200   0.442170  0.0003186  0.9822655
4.666200   0.442250  0.0003154  0.9825809
4.686200   0.442340  0.0003123  0.9828932
4.706200   0.442420  0.0003093  0.9832025
4.726200   0.442500  0.0003062  0.9835087
4.746200   0.442580  0.0003033  0.9838119
4.766200   0.442670  0.0003005  0.9841125
4.786200   0.442740  0.0002976  0.9844101
4.806200   0.442820  0.0002949  0.9847049
4.826200   0.442900  0.0002919  0.9849968
4.846200   0.442980  0.0002892  0.9852860
4.866200   0.443050  0.0002865  0.9855725
4.886200   0.443130  0.0002839  0.9858564
4.906200   0.443200  0.0002812  0.9861377
4.926200   0.443270  0.0002787  0.9864164
4.946200   0.443350  0.0002762  0.9866925
4.966200   0.443420  0.0002737  0.9869662
4.986200   0.443490  0.0002711  0.9872373
5.006200   0.443560  0.0002686  0.9875060
5.026200   0.443620  0.0002663  0.9877723
5.046200   0.443690  0.0002640  0.9880363
5.066200   0.443760  0.0002617  0.9882980
5.086200   0.443830  0.0002594  0.9885574
5.106200   0.443890  0.0002571  0.9888145
5.126200   0.443960  0.0002548  0.9890692
5.146200   0.444020  0.0002525  0.9893217
5.166200   0.444080  0.0002504  0.9895721
5.186200   0.444140  0.0002483  0.9898203
5.206200   0.444210  0.0002462  0.9900665
5.226200   0.444270  0.0002441  0.9903106
5.246200   0.444330  0.0002420  0.9905526
5.266200   0.444390  0.0002399  0.9907924
5.286200   0.444450  0.0002378  0.9910302
5.306200   0.444500  0.0002359  0.9912661
5.326200   0.444560  0.0002340  0.9915001
5.346200   0.444620  0.0002319  0.9917320
5.366200   0.444670  0.0002300  0.9919620
5.386200   0.444730  0.0002281  0.9921901
5.406200   0.444780  0.0002262  0.9924164
5.426200   0.444840  0.0002243  0.9926407
5.446200   0.444890  0.0002227  0.9928634
5.466200   0.444950  0.0002208  0.9930841
5.486200   0.445000  0.0002191  0.9933032
5.506200   0.445050  0.0002172  0.9935205
5.526200   0.445100  0.0002155  0.9937360
5.546200   0.445150  0.0002139  0.9939498
5.566200   0.445200  0.0002122  0.9941620
5.586200   0.445250  0.0002105  0.9943725
5.606200   0.445300  0.0002088  0.9945813
5.626200   0.445350  0.0002071  0.9947885
5.646200   0.445400  0.0002057  0.9949941
5.666200   0.445450  0.0002040  0.9951981
5.686200   0.445490  0.0002025  0.9954006
5.706200   0.445540  0.0002008  0.9956015
5.726200   0.445590  0.0001994  0.9958008
5.746200   0.445630  0.0001979  0.9959987
5.766200   0.445680  0.0001962  0.9961950
5.786200   0.445720  0.0001948  0.9963897
5.806200   0.445770  0.0001933  0.9965830
5.826200   0.445810  0.0001918  0.9967748
5.846200   0.445850  0.0001906  0.9969654
5.866200   0.445900  0.0001891  0.9971545
5.886200   0.445940  0.0001876  0.9973421
5.906200   0.445980  0.0001864  0.9975284
5.926200   0.446020  0.0001849  0.9977133
5.946200   0.446070  0.0001836  0.9978970
5.966200   0.446110  0.0001822  0.9980791
5.986200   0.446150  0.0001809  0.9982600
6.006200   0.446190  0.0001796  0.9984397
6.026200   0.446230  0.0001784  0.9986180
6.046200   0.446270  0.0001771  0.9987952
6.066200   0.446300  0.0001759  0.9989710
6.086200   0.446340  0.0001746  0.9991456
6.106200   0.446380  0.0001733  0.9993190
6.126200   0.446420  0.0001721  0.9994911
6.146200   0.446460  0.0001708  0.9996619
6.166200   0.446490  0.0001696  0.9998315
6.186200   0.446530  0.0001685  1.0000000
