0.488590   0.000050  0.0000000  0.0000000
0.508590   0.000090  0.0000000  0.0000000
0.528590   0.000130  0.0000000  0.0000000
0.548590   0.000190  0.0000000  0.0000000
0.568590   0.000270  0.0000002  0.0000002
0.588590   0.000360  0.0000002  0.0000004
0.608590   0.000480  0.0000004  0.0000008
0.628590   0.000610  0.0000004  0.0000012
0.648590   0.000780  0.0000006  0.0000018
0.668590   0.000980  0.0000008  0.0000026
0.688590   0.001210  0.0000010  0.0000036
0.708590   0.001490  0.0000014  0.0000050
0.728590   0.001820  0.0000020  0.0000070
0.748590   0.002210  0.0000026  0.0000096
0.768590   0.002660  0.0000032  0.0000128
0.788590   0.003190  0.0000042  0.0000170
0.808590   0.003810  0.0000054  0.0000224
0.828590   0.004510  0.0000068  0.0000292
0.848590   0.005320  0.0000088  0.0000380
0.868590   0.006240  0.0000110  0.0000490
0.888590   0.007280  0.0000138  0.0000628
0.908590   0.008420  0.0000172  0.0000800
0.928590   0.009680  0.0000214  0.0001014
0.948590   0.011050  0.0000262  0.0001276
0.968590   0.012520  0.0000320  0.0001596
0.988590   0.014090  0.0000388  0.0001984
1.008590   0.015760  0.0000468  0.0002452
1.028590   0.017520  0.0000560  0.0003012
1.048590   0.019400  0.0000670  0.0003682
1.068590   0.021450  0.0000800  0.0004482
1.088590   0.023780  0.0000958  0.0005440
1.108590   0.026770  0.0001168  0.0006608
1.128590   0.031240  0.0001476  0.0008084
1.148590   0.036450  0.0001866  0.0009951
1.168590   0.041530  0.0002308  0.0012259
1.188590   0.046470  0.0002808  0.0015067
1.208590   0.051290  0.0003376  0.0018443
1.228590   0.056020  0.0004020  0.0022463
1.248590   0.060670  0.0004756  0.0027220
1.268590   0.065270  0.0005602  0.0032822
1.288590   0.069820  0.0006574  0.0039396
1.308590   0.074360  0.0007702  0.0047099
1.328590   0.078890  0.0009009  0.0056107
1.348590   0.083420  0.0010535  0.0066642
1.368590   0.087960  0.0012321  0.0078963
1.388590   0.092520  0.0014425  0.0093388
1.408590   0.097100  0.0016915  0.0110303
1.428590   0.101750  0.0019881  0.0130184
1.448590   0.106480  0.0023445  0.0153629
1.468590   0.111350  0.0027766  0.0181395
1.488590   0.116470  0.0033064  0.0214459
1.508590   0.122120  0.0039696  0.0254155
1.528590   0.128840  0.0048233  0.0302388
1.548590   0.136590  0.0059250  0.0361638
1.568590   0.144250  0.0073016  0.0434654
1.588590   0.151650  0.0090269  0.0524924
1.608590   0.158900  0.0112121  0.0637044
1.628590   0.166160  0.0140068  0.0777113
1.648590   0.173500  0.0175927  0.0953039
1.668590   0.180540  0.0221577  0.1174617
1.688590   0.186910  0.0278967  0.1453584
1.708590   0.192370  0.0349759  0.1803343
1.728590   0.196920  0.0434118  0.2237461
1.748590   0.200590  0.0528122  0.2765582
1.768590   0.203560  0.0620403  0.3385986
1.788590   0.205870  0.0691552  0.4077537
1.808590   0.207740  0.0720437  0.4797975
1.828590   0.209190  0.0698794  0.5496769
1.848590   0.210490  0.0636368  0.6133137
1.868590   0.211540  0.0554317  0.6687455
1.888590   0.212660  0.0470292  0.7157747
1.908590   0.213600  0.0394694  0.7552441
1.928590   0.214490  0.0330802  0.7883243
1.948590   0.215030  0.0278379  0.8161621
1.968590   0.215090  0.0235734  0.8397356
1.988590   0.214420  0.0200926  0.8598282
2.008590   0.212940  0.0172284  0.8770566
2.028590   0.210620  0.0148489  0.8919055
2.048590   0.207450  0.0128526  0.9047581
2.068590   0.203520  0.0111643  0.9159223
2.088590   0.198890  0.0097258  0.9256481
2.108590   0.193680  0.0084939  0.9341420
2.128590   0.187960  0.0074334  0.9415755
2.148590   0.181860  0.0065176  0.9480931
2.168590   0.175460  0.0057245  0.9538176
2.188590   0.168860  0.0050359  0.9588535
2.208590   0.162140  0.0044367  0.9632902
2.228590   0.155350  0.0039142  0.9672044
2.248590   0.148580  0.0034584  0.9706628
2.268590   0.141850  0.0030596  0.9737224
2.288590   0.135230  0.0027106  0.9764330
2.308590   0.128740  0.0024043  0.9788373
2.328590   0.122410  0.0021355  0.9809729
2.348590   0.116260  0.0018991  0.9828720
2.368590   0.110310  0.0016911  0.9845631
2.388590   0.104580  0.0015079  0.9860710
2.408590   0.099070  0.0013461  0.9874170
2.428590   0.093780  0.0012031  0.9886201
2.448590   0.088730  0.0010767  0.9896968
2.468590   0.083920  0.0009647  0.9906614
2.488590   0.079330  0.0008655  0.9915269
2.508590   0.074960  0.0007772  0.9923041
2.528590   0.070820  0.0006988  0.9930030
2.548590   0.066890  0.0006292  0.9936322
2.568590   0.063170  0.0005670  0.9941993
2.588590   0.059640  0.0005116  0.9947109
2.608590   0.056310  0.0004622  0.9951731
2.628590   0.053160  0.0004178  0.9955909
2.648590   0.050180  0.0003782  0.9959692
2.668590   0.047370  0.0003426  0.9963118
2.688590   0.044720  0.0003108  0.9966226
2.708590   0.042220  0.0002822  0.9969048
2.728590   0.039860  0.0002564  0.9971612
2.748590   0.037640  0.0002334  0.9973946
2.768590   0.035540  0.0002124  0.9976071
2.788590   0.033570  0.0001936  0.9978007
2.808590   0.031710  0.0001766  0.9979773
2.828590   0.029960  0.0001614  0.9981387
2.848590   0.028310  0.0001474  0.9982861
2.868590   0.026760  0.0001348  0.9984209
2.888590   0.025300  0.0001234  0.9985443
2.908590   0.023920  0.0001132  0.9986575
2.928590   0.022620  0.0001038  0.9987613
2.948590   0.021400  0.0000952  0.9988565
2.968590   0.020250  0.0000874  0.9989439
2.988590   0.019170  0.0000804  0.9990243
3.008590   0.018150  0.0000740  0.9990983
3.028590   0.017180  0.0000680  0.9991663
3.048590   0.016280  0.0000628  0.9992292
3.068590   0.015420  0.0000578  0.9992870
3.088590   0.014610  0.0000534  0.9993404
3.108590   0.013850  0.0000492  0.9993896
3.128590   0.013140  0.0000456  0.9994352
3.148590   0.012460  0.0000420  0.9994772
3.168590   0.011820  0.0000390  0.9995162
3.188590   0.011220  0.0000360  0.9995522
3.208590   0.010650  0.0000334  0.9995856
3.228590   0.010110  0.0000310  0.9996166
3.248590   0.009610  0.0000288  0.9996454
3.268590   0.009130  0.0000266  0.9996720
3.288590   0.008680  0.0000248  0.9996968
3.308590   0.008250  0.0000230  0.9997198
3.328590   0.007840  0.0000214  0.9997412
3.348590   0.007460  0.0000200  0.9997612
3.368590   0.007100  0.0000186  0.9997798
3.388590   0.006760  0.0000172  0.9997970
3.408590   0.006430  0.0000162  0.9998132
3.428590   0.006130  0.0000150  0.9998282
3.448590   0.005840  0.0000140  0.9998422
3.468590   0.005560  0.0000130  0.9998552
3.488590   0.005300  0.0000122  0.9998674
3.508590   0.005050  0.0000114  0.9998788
3.528590   0.004820  0.0000106  0.9998894
3.548590   0.004600  0.0000100  0.9998994
3.568590   0.004390  0.0000094  0.9999088
3.588590   0.004190  0.0000088  0.9999176
3.608590   0.004000  0.0000082  0.9999258
3.628590   0.003820  0.0000078  0.9999336
3.648590   0.003640  0.0000072  0.9999408
3.668590   0.003480  0.0000068  0.9999476
3.688590   0.003330  0.0000064  0.9999540
3.708590   0.003180  0.0000060  0.9999600
3.728590   0.003040  0.0000056  0.9999656
3.748590   0.002910  0.0000052  0.9999708
3.768590   0.002780  0.0000050  0.9999758
3.788590   0.002660  0.0000046  0.9999804
3.808590   0.002550  0.0000044  0.9999848
3.828590   0.002440  0.0000042  0.9999890
3.848590   0.002340  0.0000040  0.9999930
3.868590   0.002240  0.0000036  0.9999966
3.888590   0.002140  0.0000034  1.0000000
