0.840680   0.000010  0.0000000  0.0000000
0.860680   0.000030  0.0000002  0.0000002
0.880680   0.000060  0.0000004  0.0000006
0.900680   0.000110  0.0000008  0.0000014
0.920680   0.000190  0.0000016  0.0000030
0.940680   0.000330  0.0000028  0.0000058
0.960680   0.000560  0.0000054  0.0000112
0.980680   0.000920  0.0000100  0.0000212
1.000680   0.001470  0.0000180  0.0000392
1.020680   0.002330  0.0000322  0.0000714
1.040680   0.003560  0.0000560  0.0001274
1.060680   0.005260  0.0000946  0.0002221
1.080680   0.007510  0.0001554  0.0003775
1.100680   0.010340  0.0002477  0.0006252
1.120680   0.013950  0.0003899  0.0010151
1.140680   0.018070  0.0005946  0.0016097
1.160680   0.021850  0.0008550  0.0024647
1.180680   0.025250  0.0011895  0.0036543
1.200680   0.028220  0.0016241  0.0052783
1.220680   0.030710  0.0021978  0.0074762
1.240680   0.032960  0.0029959  0.0104721
1.260680   0.034950  0.0041448  0.0146169
1.280680   0.036690  0.0058749  0.0204918
1.300680   0.038390  0.0086793  0.0291711
1.320680   0.040030  0.0135764  0.0427475
1.340680   0.041650  0.0230877  0.0658352
1.360680   0.043550  0.0445770  0.1104123
1.380680   0.045930  0.1010431  0.2114554
1.400680   0.049260  0.2156928  0.4271482
1.420680   0.053590  0.1859985  0.6131468
1.440680   0.058390  0.0942914  0.7074381
1.460680   0.063470  0.0524431  0.7598812
1.480680   0.069140  0.0336374  0.7935187
1.500680   0.076110  0.0241120  0.8176307
1.520680   0.086880  0.0191158  0.8367465
1.540680   0.106220  0.0168131  0.8535596
1.560680   0.126380  0.0150804  0.8686400
1.580680   0.142870  0.0134479  0.8820879
1.600680   0.156080  0.0119859  0.8940738
1.620680   0.166340  0.0106939  0.9047678
1.640680   0.174040  0.0095558  0.9143236
1.660680   0.179510  0.0085517  0.9228753
1.680680   0.183030  0.0076628  0.9305381
1.700680   0.184890  0.0068734  0.9374115
1.720680   0.185300  0.0061706  0.9435821
1.740680   0.184480  0.0055430  0.9491251
1.760680   0.182610  0.0049821  0.9541072
1.780680   0.179860  0.0044795  0.9585867
1.800680   0.176370  0.0040290  0.9626157
1.820680   0.172280  0.0036249  0.9662405
1.840680   0.167700  0.0032622  0.9695027
1.860680   0.162730  0.0029365  0.9724391
1.880680   0.157470  0.0026440  0.9750831
1.900680   0.151990  0.0023811  0.9774642
1.920680   0.146360  0.0021450  0.9796092
1.940680   0.140650  0.0019328  0.9815420
1.960680   0.134890  0.0017423  0.9832843
1.980680   0.129150  0.0015709  0.9848552
2.000680   0.123460  0.0014170  0.9862722
2.020680   0.117840  0.0012786  0.9875508
2.040680   0.112340  0.0011541  0.9887049
2.060680   0.106960  0.0010423  0.9897472
2.080680   0.101720  0.0009419  0.9906891
2.100680   0.096650  0.0008512  0.9915403
2.120680   0.091750  0.0007700  0.9923104
2.140680   0.087020  0.0006966  0.9930070
2.160680   0.082480  0.0006308  0.9936377
2.180680   0.078120  0.0005714  0.9942091
2.200680   0.073950  0.0005178  0.9947269
2.220680   0.069960  0.0004695  0.9951964
2.240680   0.066160  0.0004261  0.9956225
2.260680   0.062540  0.0003869  0.9960094
2.280680   0.059100  0.0003513  0.9963607
2.300680   0.055830  0.0003195  0.9966802
2.320680   0.052720  0.0002905  0.9969707
2.340680   0.049780  0.0002645  0.9972352
2.360680   0.046990  0.0002409  0.9974761
2.380680   0.044360  0.0002195  0.9976955
2.400680   0.041860  0.0002001  0.9978956
2.420680   0.039500  0.0001827  0.9980782
2.440680   0.037280  0.0001666  0.9982449
2.460680   0.035180  0.0001522  0.9983971
2.480680   0.033190  0.0001392  0.9985364
2.500680   0.031320  0.0001272  0.9986636
2.520680   0.029560  0.0001166  0.9987802
2.540680   0.027900  0.0001068  0.9988871
2.560680   0.026330  0.0000978  0.9989849
2.580680   0.024850  0.0000896  0.9990745
2.600680   0.023460  0.0000822  0.9991568
2.620680   0.022150  0.0000756  0.9992324
2.640680   0.020920  0.0000694  0.9993018
2.660680   0.019750  0.0000638  0.9993656
2.680680   0.018660  0.0000588  0.9994244
2.700680   0.017630  0.0000540  0.9994784
2.720680   0.016660  0.0000498  0.9995283
2.740680   0.015740  0.0000458  0.9995741
2.760680   0.014880  0.0000422  0.9996163
2.780680   0.014070  0.0000390  0.9996553
2.800680   0.013310  0.0000360  0.9996913
2.820680   0.012590  0.0000332  0.9997245
2.840680   0.011910  0.0000308  0.9997553
2.860680   0.011280  0.0000284  0.9997837
2.880680   0.010680  0.0000264  0.9998101
2.900680   0.010110  0.0000244  0.9998346
2.920680   0.009580  0.0000226  0.9998572
2.940680   0.009080  0.0000210  0.9998782
2.960680   0.008610  0.0000194  0.9998976
2.980680   0.008160  0.0000180  0.9999156
3.000680   0.007740  0.0000168  0.9999324
3.020680   0.007340  0.0000156  0.9999480
3.040680   0.006970  0.0000144  0.9999624
3.060680   0.006620  0.0000134  0.9999758
3.080680   0.006290  0.0000126  0.9999884
3.100680   0.005970  0.0000116  1.0000000
