0.276000   0.000120  0.0000000  0.0000000
0.296000   0.013980  0.0000035  0.0000035
0.316000   0.018840  0.0000053  0.0000087
0.336000   0.022070  0.0000071  0.0000158
0.356000   0.024440  0.0000091  0.0000250
0.376000   0.026280  0.0000110  0.0000360
0.396000   0.027750  0.0000130  0.0000490
0.416000   0.028950  0.0000152  0.0000642
0.436000   0.029960  0.0000177  0.0000819
0.456000   0.030800  0.0000203  0.0001022
0.476000   0.031530  0.0000230  0.0001251
0.496000   0.032150  0.0000260  0.0001511
0.516000   0.032690  0.0000290  0.0001802
0.536000   0.033170  0.0000325  0.0002127
0.556000   0.033590  0.0000362  0.0002488
0.576000   0.033960  0.0000402  0.0002891
0.596000   0.034300  0.0000447  0.0003337
0.616000   0.034590  0.0000494  0.0003831
0.636000   0.034860  0.0000544  0.0004375
0.656000   0.035100  0.0000599  0.0004975
0.676000   0.035320  0.0000660  0.0005635
0.696000   0.035520  0.0000725  0.0006360
0.716000   0.035710  0.0000796  0.0007156
0.736000   0.035870  0.0000873  0.0008030
0.756000   0.036030  0.0000959  0.0008988
0.776000   0.036170  0.0001050  0.0010039
0.796000   0.036300  0.0001152  0.0011190
0.816000   0.036420  0.0001265  0.0012456
0.836000   0.036540  0.0001387  0.0013843
0.856000   0.036650  0.0001525  0.0015369
0.876000   0.036770  0.0001676  0.0017045
0.896000   0.036890  0.0001846  0.0018891
0.916000   0.037040  0.0002035  0.0020926
0.936000   0.037220  0.0002251  0.0023177
0.956000   0.037490  0.0002498  0.0025675
0.976000   0.037900  0.0002789  0.0028464
0.996000   0.040120  0.0003266  0.0031731
1.016000   0.042540  0.0003841  0.0035572
1.036000   0.045220  0.0004540  0.0040112
1.056000   0.048830  0.0005468  0.0045580
1.076000   0.054080  0.0006772  0.0052352
1.096000   0.061600  0.0008655  0.0061008
1.116000   0.073010  0.0011546  0.0072553
1.136000   0.085770  0.0015322  0.0087875
1.156000   0.099380  0.0020126  0.0108001
1.176000   0.111780  0.0025781  0.0133782
1.196000   0.121990  0.0032218  0.0166001
1.216000   0.128820  0.0039242  0.0205243
1.236000   0.131960  0.0046782  0.0252025
1.256000   0.132760  0.0055330  0.0307356
1.276000   0.131560  0.0065216  0.0372572
1.296000   0.128940  0.0077065  0.0449637
1.316000   0.126180  0.0092273  0.0541910
1.336000   0.123140  0.0112155  0.0654065
1.356000   0.120020  0.0139015  0.0793080
1.376000   0.117520  0.0177195  0.0970275
1.396000   0.115200  0.0232657  0.1202932
1.416000   0.113040  0.0316106  0.1519039
1.436000   0.111510  0.0445970  0.1965009
1.456000   0.110080  0.0646415  0.2611425
1.476000   0.108720  0.0928108  0.3539532
1.496000   0.107660  0.1198023  0.4737555
1.516000   0.112100  0.1168992  0.5906547
1.536000   0.114870  0.0935938  0.6842485
1.556000   0.115890  0.0685142  0.7527627
1.576000   0.115870  0.0492131  0.8019758
1.596000   0.115130  0.0358229  0.8377987
1.616000   0.113850  0.0266890  0.8644878
1.636000   0.112130  0.0203679  0.8848557
1.656000   0.110100  0.0158922  0.9007478
1.676000   0.107870  0.0126460  0.9133938
1.696000   0.105530  0.0102383  0.9236321
1.716000   0.103150  0.0084160  0.9320481
1.736000   0.100760  0.0070116  0.9390597
1.756000   0.098420  0.0059118  0.9449715
1.776000   0.096140  0.0050378  0.9500093
1.796000   0.093940  0.0043344  0.9543436
1.816000   0.091830  0.0037615  0.9581052
1.836000   0.089810  0.0032899  0.9613950
1.856000   0.087890  0.0028978  0.9642929
1.876000   0.086060  0.0025692  0.9668620
1.896000   0.084320  0.0022915  0.9691535
1.916000   0.082670  0.0020548  0.9712084
1.936000   0.081110  0.0018519  0.9730603
1.956000   0.079640  0.0016770  0.9747373
1.976000   0.078240  0.0015251  0.9762624
1.996000   0.076930  0.0013926  0.9776551
2.016000   0.075690  0.0012767  0.9789317
2.036000   0.074520  0.0011743  0.9801060
2.056000   0.073430  0.0010839  0.9811899
2.076000   0.072390  0.0010035  0.9821934
2.096000   0.071420  0.0009317  0.9831251
2.116000   0.070510  0.0008678  0.9839929
2.136000   0.069660  0.0008101  0.9848030
2.156000   0.068860  0.0007583  0.9855612
2.176000   0.068110  0.0007114  0.9862726
2.196000   0.067410  0.0006689  0.9869415
2.216000   0.066760  0.0006303  0.9875718
2.236000   0.066140  0.0005952  0.9881670
2.256000   0.065570  0.0005631  0.9887300
2.276000   0.065040  0.0005336  0.9892636
2.296000   0.064550  0.0005068  0.9897705
2.316000   0.064080  0.0004818  0.9902523
2.336000   0.063650  0.0004591  0.9907113
2.356000   0.063250  0.0004377  0.9911491
2.376000   0.062880  0.0004182  0.9915673
2.396000   0.062540  0.0004000  0.9919673
2.416000   0.062220  0.0003831  0.9923504
2.436000   0.061920  0.0003675  0.9927178
2.456000   0.061640  0.0003528  0.9930707
2.476000   0.061380  0.0003390  0.9934097
2.496000   0.061150  0.0003262  0.9937359
2.516000   0.060930  0.0003142  0.9940502
2.536000   0.060720  0.0003029  0.9943530
2.556000   0.060530  0.0002923  0.9946453
2.576000   0.060360  0.0002821  0.9949275
2.596000   0.060190  0.0002728  0.9952003
2.616000   0.060040  0.0002639  0.9954641
2.636000   0.059910  0.0002553  0.9957195
2.656000   0.059780  0.0002474  0.9959669
2.676000   0.059660  0.0002399  0.9962068
2.696000   0.059550  0.0002328  0.9964396
2.716000   0.059450  0.0002259  0.9966654
2.736000   0.059350  0.0002194  0.9968848
2.756000   0.059270  0.0002133  0.9970981
2.776000   0.059190  0.0002074  0.9973055
2.796000   0.059120  0.0002017  0.9975072
2.816000   0.059050  0.0001964  0.9977036
2.836000   0.058990  0.0001911  0.9978948
2.856000   0.058930  0.0001863  0.9980810
2.876000   0.058880  0.0001816  0.9982626
2.896000   0.058830  0.0001771  0.9984398
2.916000   0.058780  0.0001729  0.9986126
2.936000   0.058740  0.0001688  0.9987814
2.956000   0.058710  0.0001647  0.9989462
2.976000   0.058670  0.0001609  0.9991070
2.996000   0.058640  0.0001572  0.9992643
3.016000   0.058610  0.0001538  0.9994180
3.036000   0.058590  0.0001503  0.9995684
3.056000   0.058560  0.0001471  0.9997154
3.076000   0.058540  0.0001438  0.9998592
3.096000   0.058520  0.0001408  1.0000000
