0.905530   0.000010  0.0000000  0.0000000
0.925530   0.000020  0.0000000  0.0000000
0.945530   0.000040  0.0000000  0.0000000
0.965530   0.000060  0.0000002  0.0000002
0.985530   0.000100  0.0000002  0.0000004
1.005530   0.000310  0.0000006  0.0000010
1.025530   0.001220  0.0000029  0.0000040
1.045530   0.002970  0.0000075  0.0000115
1.065530   0.005560  0.0000149  0.0000264
1.085530   0.008950  0.0000258  0.0000521
1.105530   0.013170  0.0000408  0.0000930
1.125530   0.018840  0.0000626  0.0001556
1.145530   0.026460  0.0000944  0.0002500
1.165530   0.036520  0.0001401  0.0003901
1.185530   0.049760  0.0002054  0.0005955
1.205530   0.067510  0.0002998  0.0008953
1.225530   0.092540  0.0004426  0.0013380
1.245530   0.129560  0.0006669  0.0020049
1.265530   0.186490  0.0010306  0.0030355
1.285530   0.278500  0.0016382  0.0046737
1.305530   0.429520  0.0026236  0.0072974
1.325530   0.676720  0.0040221  0.0113195
1.345530   1.080450  0.0054066  0.0167261
1.365530   1.706360  0.0057914  0.0225175
1.385530   2.597420  0.0050303  0.0275478
1.405530   3.737550  0.0039620  0.0315099
1.425530   4.934410  0.0031599  0.0346697
1.445530   5.883690  0.0027068  0.0373765
1.465530   6.372000  0.0025210  0.0398975
1.485530   6.306650  0.0025529  0.0424504
1.505530   5.820050  0.0027620  0.0452124
1.525530   5.138710  0.0031146  0.0483270
1.545530   4.395420  0.0036147  0.0519417
1.565530   3.692980  0.0042577  0.0561994
1.585530   3.083370  0.0050318  0.0612312
1.605530   2.576190  0.0059257  0.0671568
1.625530   2.173600  0.0069014  0.0740582
1.645530   1.865380  0.0079104  0.0819687
1.665530   1.631580  0.0089247  0.0908934
1.685530   1.449700  0.0099520  0.1008454
1.705530   1.303430  0.0110123  0.1118577
1.725530   1.186040  0.0121003  0.1239580
1.745530   1.095370  0.0131795  0.1371374
1.765530   1.027700  0.0142151  0.1513525
1.785530   0.970920  0.0152744  0.1666269
1.805530   0.907470  0.0165772  0.1832041
1.825530   0.832440  0.0183051  0.2015092
1.845530   0.753560  0.0204921  0.2220013
1.865530   0.678910  0.0230963  0.2450976
1.885530   0.612690  0.0260400  0.2711376
1.905530   0.556080  0.0291984  0.3003360
1.925530   0.508610  0.0323744  0.3327105
1.945530   0.469230  0.0352770  0.3679874
1.965530   0.436730  0.0375427  0.4055302
1.985530   0.409950  0.0388192  0.4443493
2.005530   0.387890  0.0388818  0.4832311
2.025530   0.369700  0.0377285  0.5209596
2.045530   0.354680  0.0355804  0.5565399
2.065530   0.342270  0.0327873  0.5893273
2.085530   0.332000  0.0297062  0.6190335
2.105530   0.323490  0.0266196  0.6456531
2.125530   0.316440  0.0237094  0.6693625
2.145530   0.310590  0.0210690  0.6904314
2.165530   0.305750  0.0187301  0.7091616
2.185530   0.301750  0.0166875  0.7258491
2.205530   0.298450  0.0149174  0.7407665
2.225530   0.295740  0.0133882  0.7541547
2.245530   0.293530  0.0120676  0.7662223
2.265530   0.291740  0.0109252  0.7771475
2.285530   0.290300  0.0099342  0.7870817
2.305530   0.289160  0.0090713  0.7961530
2.325530   0.288280  0.0083171  0.8044701
2.345530   0.287610  0.0076548  0.8121249
2.365530   0.287130  0.0070710  0.8191959
2.385530   0.286800  0.0065538  0.8257497
2.405530   0.286610  0.0060940  0.8318437
2.425530   0.286540  0.0056832  0.8375269
2.445530   0.286560  0.0053149  0.8428418
2.465530   0.286660  0.0049836  0.8478254
2.485530   0.286840  0.0046842  0.8525096
2.505530   0.287080  0.0044130  0.8569227
2.525530   0.287360  0.0041664  0.8610891
2.545530   0.287690  0.0039413  0.8650304
2.565530   0.288060  0.0037355  0.8687658
2.585530   0.288460  0.0035466  0.8723124
2.605530   0.288880  0.0033730  0.8756855
2.625530   0.289320  0.0032128  0.8788983
2.645530   0.289780  0.0030648  0.8819631
2.665530   0.290260  0.0029277  0.8848908
2.685530   0.290740  0.0028003  0.8876911
2.705530   0.291240  0.0026820  0.8903731
2.725530   0.291740  0.0025717  0.8929448
2.745530   0.292250  0.0024685  0.8954133
2.765530   0.292760  0.0023721  0.8977855
2.785530   0.293270  0.0022817  0.9000672
2.805530   0.293780  0.0021969  0.9022640
2.825530   0.294290  0.0021173  0.9043814
2.845530   0.294800  0.0020422  0.9064235
2.865530   0.295300  0.0019716  0.9083951
2.885530   0.295810  0.0019048  0.9102999
2.905530   0.296310  0.0018416  0.9121415
2.925530   0.296800  0.0017819  0.9139234
2.945530   0.297290  0.0017254  0.9156487
2.965530   0.297780  0.0016717  0.9173205
2.985530   0.298260  0.0016207  0.9189411
3.005530   0.298740  0.0015723  0.9205134
3.025530   0.299210  0.0015262  0.9220396
3.045530   0.299670  0.0014823  0.9235219
3.065530   0.300130  0.0014404  0.9249623
3.085530   0.300580  0.0014006  0.9263629
3.105530   0.301030  0.0013625  0.9277253
3.125530   0.301470  0.0013261  0.9290514
3.145530   0.301900  0.0012911  0.9303425
3.165530   0.302330  0.0012578  0.9316003
3.185530   0.302750  0.0012258  0.9328260
3.205530   0.303160  0.0011952  0.9340212
3.225530   0.303570  0.0011657  0.9351869
3.245530   0.303970  0.0011376  0.9363245
3.265530   0.304370  0.0011104  0.9374348
3.285530   0.304760  0.0010844  0.9385193
3.305530   0.305140  0.0010593  0.9395785
3.325530   0.305520  0.0010352  0.9406138
3.345530   0.305890  0.0010120  0.9416257
3.365530   0.306250  0.0009896  0.9426153
3.385530   0.306620  0.0009680  0.9435833
3.405530   0.306970  0.0009471  0.9445304
3.425530   0.307320  0.0009270  0.9454573
3.445530   0.307660  0.0009077  0.9463650
3.465530   0.308000  0.0008888  0.9472539
3.485530   0.308330  0.0008708  0.9481247
3.505530   0.308660  0.0008533  0.9489779
3.525530   0.308980  0.0008363  0.9498142
3.545530   0.309300  0.0008200  0.9506342
3.565530   0.309610  0.0008040  0.9514383
3.585530   0.309920  0.0007888  0.9522270
3.605530   0.310220  0.0007739  0.9530009
3.625530   0.310520  0.0007594  0.9537604
3.645530   0.310810  0.0007454  0.9545058
3.665530   0.311100  0.0007318  0.9552376
3.685530   0.311380  0.0007186  0.9559562
3.705530   0.311660  0.0007058  0.9566620
3.725530   0.311930  0.0006933  0.9573553
3.745530   0.312210  0.0006813  0.9580367
3.765530   0.312470  0.0006694  0.9587061
3.785530   0.312730  0.0006581  0.9593642
3.805530   0.312990  0.0006470  0.9600112
3.825530   0.313250  0.0006361  0.9606473
3.845530   0.313500  0.0006256  0.9612730
3.865530   0.313740  0.0006154  0.9618884
3.885530   0.313990  0.0006055  0.9624939
3.905530   0.314230  0.0005959  0.9630898
3.925530   0.314460  0.0005863  0.9636761
3.945530   0.314690  0.0005773  0.9642534
3.965530   0.314920  0.0005683  0.9648217
3.985530   0.315150  0.0005595  0.9653811
4.005530   0.315370  0.0005509  0.9659320
4.025530   0.315590  0.0005425  0.9664746
4.045530   0.315800  0.0005346  0.9670091
4.065530   0.316010  0.0005266  0.9675357
4.085530   0.316220  0.0005189  0.9680546
4.105530   0.316430  0.0005113  0.9685659
4.125530   0.316630  0.0005040  0.9690699
4.145530   0.316830  0.0004967  0.9695666
4.165530   0.317030  0.0004898  0.9700563
4.185530   0.317220  0.0004828  0.9705392
4.205530   0.317410  0.0004761  0.9710153
4.225530   0.317600  0.0004694  0.9714848
4.245530   0.317790  0.0004632  0.9719480
4.265530   0.317970  0.0004569  0.9724048
4.285530   0.318150  0.0004506  0.9728554
4.305530   0.318330  0.0004447  0.9733002
4.325530   0.318510  0.0004387  0.9737388
4.345530   0.318680  0.0004330  0.9741719
4.365530   0.318850  0.0004274  0.9745992
4.385530   0.319020  0.0004219  0.9750211
4.405530   0.319190  0.0004165  0.9754376
4.425530   0.319350  0.0004110  0.9758486
4.445530   0.319510  0.0004060  0.9762546
4.465530   0.319670  0.0004008  0.9766554
4.485530   0.319830  0.0003960  0.9770514
4.505530   0.319990  0.0003909  0.9774423
4.525530   0.320140  0.0003861  0.9778284
4.545530   0.320290  0.0003815  0.9782099
4.565530   0.320440  0.0003769  0.9785868
4.585530   0.320590  0.0003723  0.9789591
4.605530   0.320730  0.0003679  0.9793270
4.625530   0.320880  0.0003637  0.9796907
4.645530   0.321020  0.0003593  0.9800500
4.665530   0.321160  0.0003551  0.9804051
4.685530   0.321300  0.0003511  0.9807563
4.705530   0.321430  0.0003470  0.9811032
4.725530   0.321570  0.0003432  0.9814464
4.745530   0.321700  0.0003392  0.9817856
4.765530   0.321830  0.0003354  0.9821210
4.785530   0.321960  0.0003317  0.9824527
4.805530   0.322090  0.0003279  0.9827806
4.825530   0.322210  0.0003243  0.9831050
4.845530   0.322340  0.0003208  0.9834257
4.865530   0.322460  0.0003172  0.9837430
4.885530   0.322580  0.0003139  0.9840568
4.905530   0.322700  0.0003105  0.9843673
4.925530   0.322820  0.0003072  0.9846745
4.945530   0.322940  0.0003040  0.9849785
4.965530   0.323050  0.0003007  0.9852792
4.985530   0.323170  0.0002975  0.9855768
5.005530   0.323280  0.0002944  0.9858712
5.025530   0.323390  0.0002915  0.9861626
5.045530   0.323500  0.0002885  0.9864512
5.065530   0.323610  0.0002856  0.9867368
5.085530   0.323720  0.0002827  0.9870194
5.105530   0.323820  0.0002797  0.9872992
5.125530   0.323930  0.0002770  0.9875762
5.145530   0.324030  0.0002741  0.9878503
5.165530   0.324140  0.0002716  0.9881219
5.185530   0.324240  0.0002689  0.9883907
5.205530   0.324340  0.0002661  0.9886569
5.225530   0.324440  0.0002636  0.9889205
5.245530   0.324530  0.0002611  0.9891816
5.265530   0.324630  0.0002586  0.9894402
5.285530   0.324730  0.0002561  0.9896963
5.305530   0.324820  0.0002536  0.9899498
5.325530   0.324910  0.0002513  0.9902011
5.345530   0.325010  0.0002488  0.9904498
5.365530   0.325100  0.0002464  0.9906963
5.385530   0.325190  0.0002441  0.9909404
5.405530   0.325280  0.0002418  0.9911823
5.425530   0.325360  0.0002397  0.9914220
5.445530   0.325450  0.0002374  0.9916595
5.465530   0.325540  0.0002354  0.9918948
5.485530   0.325620  0.0002333  0.9921281
5.505530   0.325710  0.0002312  0.9923592
5.525530   0.325790  0.0002291  0.9925883
5.545530   0.325870  0.0002270  0.9928153
5.565530   0.325960  0.0002249  0.9930402
5.585530   0.326040  0.0002230  0.9932632
5.605530   0.326120  0.0002211  0.9934843
5.625530   0.326200  0.0002190  0.9937033
5.645530   0.326270  0.0002171  0.9939204
5.665530   0.326350  0.0002153  0.9941357
5.685530   0.326430  0.0002134  0.9943491
5.705530   0.326500  0.0002117  0.9945607
5.725530   0.326580  0.0002098  0.9947706
5.745530   0.326650  0.0002081  0.9949787
5.765530   0.326730  0.0002062  0.9951849
5.785530   0.326800  0.0002046  0.9953895
5.805530   0.326870  0.0002029  0.9955924
5.825530   0.326940  0.0002012  0.9957936
5.845530   0.327010  0.0001995  0.9959932
5.865530   0.327080  0.0001979  0.9961910
5.885530   0.327150  0.0001962  0.9963872
5.905530   0.327220  0.0001945  0.9965818
5.925530   0.327290  0.0001931  0.9967748
5.945530   0.327350  0.0001914  0.9969662
5.965530   0.327420  0.0001899  0.9971561
5.985530   0.327480  0.0001884  0.9973445
6.005530   0.327550  0.0001870  0.9975315
6.025530   0.327610  0.0001853  0.9977168
6.045530   0.327680  0.0001838  0.9979007
6.065530   0.327740  0.0001826  0.9980833
6.085530   0.327800  0.0001811  0.9982644
6.105530   0.327860  0.0001797  0.9984440
6.125530   0.327920  0.0001782  0.9986222
6.145530   0.327980  0.0001769  0.9987992
6.165530   0.328040  0.0001755  0.9989746
6.185530   0.328100  0.0001742  0.9991488
6.205530   0.328160  0.0001727  0.9993216
6.225530   0.328220  0.0001715  0.9994931
6.245530   0.328280  0.0001702  0.9996633
6.265530   0.328330  0.0001690  0.9998323
6.285530   0.328390  0.0001677  1.0000000
