0.994170   0.000010  0.0000000  0.0000000
1.014170   0.000340  0.0000008  0.0000008
1.034170   0.001280  0.0000031  0.0000039
1.054170   0.002870  0.0000072  0.0000111
1.074170   0.005020  0.0000136  0.0000247
1.094170   0.007650  0.0000220  0.0000467
1.114170   0.010640  0.0000327  0.0000794
1.134170   0.013880  0.0000457  0.0001251
1.154170   0.017290  0.0000609  0.0001860
1.174170   0.020790  0.0000784  0.0002644
1.194170   0.024330  0.0000983  0.0003627
1.214170   0.027840  0.0001208  0.0004835
1.234170   0.031310  0.0001459  0.0006294
1.254170   0.034710  0.0001738  0.0008032
1.274170   0.038010  0.0002047  0.0010079
1.294170   0.041210  0.0002391  0.0012470
1.314170   0.044300  0.0002769  0.0015239
1.334170   0.047280  0.0003191  0.0018430
1.354170   0.050130  0.0003656  0.0022086
1.374170   0.052880  0.0004174  0.0026260
1.394170   0.055510  0.0004750  0.0031011
1.414170   0.058020  0.0005394  0.0036405
1.434170   0.060440  0.0006112  0.0042518
1.454170   0.062740  0.0006921  0.0049439
1.474170   0.064950  0.0007828  0.0057267
1.494170   0.067070  0.0008855  0.0066122
1.514170   0.069090  0.0010017  0.0076140
1.534170   0.071020  0.0011344  0.0087484
1.554170   0.072880  0.0012863  0.0100347
1.574170   0.074660  0.0014612  0.0114958
1.594170   0.076360  0.0016634  0.0131592
1.614170   0.077990  0.0018992  0.0150584
1.634170   0.079560  0.0021757  0.0172341
1.654170   0.081070  0.0025026  0.0197367
1.674170   0.083470  0.0029248  0.0226615
1.694170   0.087320  0.0034930  0.0261545
1.714170   0.091200  0.0041946  0.0303491
1.734170   0.094740  0.0050494  0.0353985
1.754170   0.097540  0.0060806  0.0414791
1.774170   0.099850  0.0073582  0.0488373
1.794170   0.101840  0.0089797  0.0578170
1.814170   0.103700  0.0110942  0.0689112
1.834170   0.105630  0.0139301  0.0828413
1.854170   0.107750  0.0178365  0.1006778
1.874170   0.110230  0.0233735  0.1240513
1.894170   0.113240  0.0314317  0.1554830
1.914170   0.117080  0.0433824  0.1988654
1.934170   0.122250  0.0609736  0.2598390
1.954170   0.129590  0.0847895  0.3446284
1.974170   0.140880  0.1088816  0.4535100
1.994170   0.160800  0.1159991  0.5695092
2.014170   0.217270  0.0890754  0.6585846
2.034170   1.436090  0.0134808  0.6720654
2.054170   8.374110  0.0023141  0.6743795
2.074170  11.032630  0.0017566  0.6761361
2.094170  11.508310  0.0016838  0.6778199
2.114170  11.084640  0.0017480  0.6795678
2.134170  10.277100  0.0018848  0.6814526
2.154170   9.363010  0.0020681  0.6835207
2.174170   8.423870  0.0022975  0.6858182
2.194170   7.482960  0.0025843  0.6884024
2.214170   6.650230  0.0029044  0.6913068
2.234170   5.996430  0.0032159  0.6945227
2.254170   5.406770  0.0035587  0.6980814
2.274170   5.242670  0.0036638  0.7017452
2.294170   4.899840  0.0039092  0.7056544
2.314170   4.572290  0.0041744  0.7098288
2.334170   4.262310  0.0044579  0.7142868
2.354170   3.970960  0.0047579  0.7190447
2.374170   3.698510  0.0050727  0.7241174
2.394170   3.444690  0.0053992  0.7295165
2.414170   3.208880  0.0057343  0.7352509
2.434170   2.990250  0.0060742  0.7413251
2.454170   2.787850  0.0064135  0.7477386
2.474170   2.600640  0.0067466  0.7544851
2.494170   2.427620  0.0070669  0.7615520
2.514170   2.267770  0.0073673  0.7689193
2.534170   2.120110  0.0076401  0.7765594
2.554170   1.983710  0.0078775  0.7844369
2.574170   1.857690  0.0080721  0.7925091
2.594170   1.741240  0.0082174  0.8007265
2.614170   1.633590  0.0083083  0.8090348
2.634170   1.534040  0.0083417  0.8173764
2.654170   1.441930  0.0083161  0.8256926
2.674170   1.356660  0.0082324  0.8339250
2.694170   1.277680  0.0080937  0.8420187
2.714170   1.204480  0.0079055  0.8499242
2.734170   1.136600  0.0076736  0.8575979
2.754170   1.073610  0.0074060  0.8650038
2.774170   1.015120  0.0071099  0.8721137
2.794170   0.960780  0.0067939  0.8789076
2.814170   0.910260  0.0064649  0.8853725
2.834170   0.863260  0.0061296  0.8915021
2.854170   0.819500  0.0057940  0.8972961
2.874170   0.778740  0.0054628  0.9027588
2.894170   0.740740  0.0051395  0.9078984
2.914170   0.705300  0.0048274  0.9127258
2.934170   0.672230  0.0045287  0.9172545
2.954170   0.641330  0.0042444  0.9214989
2.974170   0.612460  0.0039757  0.9254746
2.994170   0.585470  0.0037224  0.9291970
3.014170   0.560210  0.0034852  0.9326822
3.034170   0.536560  0.0032632  0.9359455
3.054170   0.514400  0.0030562  0.9390017
3.074170   0.493640  0.0028635  0.9418652
3.094170   0.474160  0.0026845  0.9445496
3.114170   0.455890  0.0025182  0.9470679
3.134170   0.438730  0.0023639  0.9494318
3.154170   0.422610  0.0022209  0.9516527
3.174170   0.407450  0.0020884  0.9537412
3.194170   0.393200  0.0019656  0.9557068
3.214170   0.379790  0.0018518  0.9575587
3.234170   0.367170  0.0017463  0.9593050
3.254170   0.355280  0.0016486  0.9609536
3.274170   0.344070  0.0015576  0.9625112
3.294170   0.333510  0.0014735  0.9639847
3.314170   0.323540  0.0013953  0.9653800
3.334170   0.314140  0.0013225  0.9667025
3.354170   0.305260  0.0012550  0.9679575
3.374170   0.296870  0.0011920  0.9691496
3.394170   0.288940  0.0011336  0.9702832
3.414170   0.281450  0.0010789  0.9713621
3.434170   0.274360  0.0010281  0.9723901
3.454170   0.267660  0.0009805  0.9733707
3.474170   0.261310  0.0009361  0.9743068
3.494170   0.255300  0.0008945  0.9752013
3.514170   0.249600  0.0008557  0.9760570
3.534170   0.244200  0.0008192  0.9768763
3.554170   0.239080  0.0007853  0.9776616
3.574170   0.234230  0.0007532  0.9784148
3.594170   0.229620  0.0007232  0.9791379
3.614170   0.225250  0.0006950  0.9798329
3.634170   0.221100  0.0006684  0.9805014
3.654170   0.217160  0.0006433  0.9811447
3.674170   0.213410  0.0006197  0.9817644
3.694170   0.209850  0.0005975  0.9823619
3.714170   0.206460  0.0005765  0.9829383
3.734170   0.203240  0.0005567  0.9834951
3.754170   0.200180  0.0005380  0.9840331
3.774170   0.197260  0.0005203  0.9845534
3.794170   0.194490  0.0005034  0.9850568
3.814170   0.191840  0.0004876  0.9855444
3.834170   0.189320  0.0004724  0.9860168
3.854170   0.186920  0.0004582  0.9864750
3.874170   0.184630  0.0004446  0.9869196
3.894170   0.182450  0.0004316  0.9873512
3.914170   0.180370  0.0004193  0.9877705
3.934170   0.178390  0.0004076  0.9881781
3.954170   0.176490  0.0003965  0.9885745
3.974170   0.174690  0.0003858  0.9889603
3.994170   0.172960  0.0003755  0.9893358
4.014170   0.171310  0.0003658  0.9897016
4.034170   0.169740  0.0003565  0.9900581
4.054170   0.168240  0.0003477  0.9904058
4.074170   0.166800  0.0003393  0.9907451
4.094170   0.165420  0.0003310  0.9910761
4.114170   0.164110  0.0003234  0.9913995
4.134170   0.162850  0.0003158  0.9917153
4.154170   0.161650  0.0003086  0.9920239
4.174170   0.160500  0.0003018  0.9923258
4.194170   0.159400  0.0002952  0.9926210
4.214170   0.158350  0.0002889  0.9929098
4.234170   0.157340  0.0002829  0.9931927
4.254170   0.156370  0.0002769  0.9934697
4.274170   0.155450  0.0002714  0.9937410
4.294170   0.154560  0.0002658  0.9940068
4.314170   0.153710  0.0002607  0.9942675
4.334170   0.152900  0.0002555  0.9945230
4.354170   0.152120  0.0002506  0.9947736
4.374170   0.151370  0.0002459  0.9950195
4.394170   0.150660  0.0002413  0.9952608
4.414170   0.149970  0.0002370  0.9954978
4.434170   0.149310  0.0002327  0.9957305
4.454170   0.148680  0.0002286  0.9959591
4.474170   0.148070  0.0002247  0.9961838
4.494170   0.147490  0.0002208  0.9964045
4.514170   0.146930  0.0002171  0.9966216
4.534170   0.146390  0.0002134  0.9968349
4.554170   0.145880  0.0002099  0.9970448
4.574170   0.145380  0.0002066  0.9972513
4.594170   0.144910  0.0002033  0.9974546
4.614170   0.144450  0.0002000  0.9976546
4.634170   0.144010  0.0001969  0.9978515
4.654170   0.143590  0.0001938  0.9980453
4.674170   0.143190  0.0001909  0.9982362
4.694170   0.142800  0.0001880  0.9984243
4.714170   0.142430  0.0001854  0.9986096
4.734170   0.142070  0.0001825  0.9987921
4.754170   0.141720  0.0001800  0.9989721
4.774170   0.141390  0.0001773  0.9991495
4.794170   0.141070  0.0001749  0.9993244
4.814170   0.140760  0.0001724  0.9994968
4.834170   0.140470  0.0001701  0.9996669
4.854170   0.140180  0.0001677  0.9998346
4.874170   0.139910  0.0001654  1.0000000
