1.102470   0.000020  0.0000000  0.0000000
1.122470   0.000610  0.0000006  0.0000006
1.142470   0.002230  0.0000027  0.0000033
1.162470   0.004890  0.0000060  0.0000093
1.182470   0.008450  0.0000112  0.0000205
1.202470   0.012710  0.0000178  0.0000383
1.222470   0.017480  0.0000259  0.0000641
1.242470   0.022580  0.0000354  0.0000995
1.262470   0.027870  0.0000461  0.0001456
1.282470   0.033250  0.0000583  0.0002040
1.302470   0.038620  0.0000718  0.0002757
1.322470   0.043920  0.0000865  0.0003622
1.342470   0.049110  0.0001024  0.0004646
1.362470   0.054150  0.0001198  0.0005843
1.382470   0.059040  0.0001386  0.0007229
1.402470   0.063740  0.0001589  0.0008818
1.422470   0.068270  0.0001808  0.0010626
1.442470   0.072610  0.0002044  0.0012669
1.462470   0.076780  0.0002296  0.0014966
1.482470   0.080760  0.0002571  0.0017537
1.502470   0.084580  0.0002867  0.0020404
1.522470   0.088230  0.0003188  0.0023591
1.542470   0.091710  0.0003533  0.0027124
1.562470   0.095050  0.0003909  0.0031034
1.582470   0.098240  0.0004317  0.0035350
1.602470   0.101300  0.0004762  0.0040112
1.622470   0.104220  0.0005248  0.0045360
1.642470   0.107010  0.0005777  0.0051137
1.662470   0.109690  0.0006359  0.0057496
1.682470   0.112260  0.0006996  0.0064491
1.702470   0.114720  0.0007699  0.0072190
1.722470   0.117090  0.0008475  0.0080665
1.742470   0.119370  0.0009333  0.0089998
1.762470   0.121590  0.0010291  0.0100289
1.782470   0.123780  0.0011362  0.0111651
1.802470   0.126030  0.0012572  0.0124223
1.822470   0.128490  0.0013962  0.0138185
1.842470   0.131390  0.0015592  0.0153778
1.862470   0.134920  0.0017526  0.0171304
1.882470   0.138910  0.0019808  0.0191112
1.902470   0.142770  0.0022416  0.0213528
1.922470   0.146020  0.0025333  0.0238861
1.942470   0.148730  0.0028620  0.0267480
1.962470   0.151340  0.0032432  0.0299912
1.982470   0.154560  0.0037036  0.0336948
2.002470   0.159940  0.0043008  0.0379956
2.022470   0.191420  0.0057034  0.0436991
2.042470   0.870370  0.0116770  0.0553761
2.062470   1.540830  0.0089741  0.0643502
2.082470   1.534830  0.0091814  0.0735316
2.102470   1.365660  0.0102316  0.0837632
2.122470   1.160480  0.0118003  0.0955635
2.142470   0.989230  0.0135786  0.1091421
2.162470   0.836930  0.0157189  0.1248609
2.182470   0.709230  0.0182197  0.1430806
2.202470   0.606080  0.0211079  0.1641885
2.222470   0.528700  0.0243306  0.1885191
2.242470   0.468990  0.0280081  0.2165272
2.262470   0.430230  0.0317937  0.2483209
2.282470   0.400940  0.0358016  0.2841225
2.302470   0.372580  0.0403479  0.3244704
2.322470   0.348170  0.0449089  0.3693794
2.342470   0.327140  0.0489009  0.4182803
2.362470   0.309000  0.0515473  0.4698276
2.382470   0.293330  0.0521331  0.5219607
2.402470   0.279760  0.0503710  0.5723317
2.422470   0.267990  0.0465964  0.6189281
2.442470   0.257760  0.0415890  0.6605171
2.462470   0.248840  0.0361888  0.6967059
2.482470   0.241070  0.0310139  0.7277198
2.502470   0.234260  0.0263943  0.7541141
2.522470   0.228310  0.0224394  0.7765535
2.542470   0.223080  0.0191310  0.7956845
2.562470   0.218490  0.0163948  0.8120793
2.582470   0.214450  0.0141402  0.8262195
2.602470   0.210890  0.0122806  0.8385001
2.622470   0.207750  0.0107414  0.8492416
2.642470   0.204980  0.0094606  0.8587022
2.662470   0.202540  0.0083883  0.8670906
2.682470   0.200370  0.0074844  0.8745750
2.702470   0.198460  0.0067174  0.8812924
2.722470   0.196760  0.0060623  0.8873547
2.742470   0.195270  0.0054993  0.8928540
2.762470   0.193940  0.0050122  0.8978661
2.782470   0.192770  0.0045883  0.9024545
2.802470   0.191730  0.0042176  0.9066721
2.822470   0.190820  0.0038914  0.9105636
2.842470   0.190010  0.0036033  0.9141669
2.862470   0.189300  0.0033472  0.9175141
2.882470   0.188680  0.0031189  0.9206330
2.902470   0.188130  0.0029143  0.9235472
2.922470   0.187660  0.0027302  0.9262774
2.942470   0.187240  0.0025641  0.9288415
2.962470   0.186880  0.0024137  0.9312553
2.982470   0.186570  0.0022770  0.9335323
3.002470   0.186310  0.0021525  0.9356847
3.022470   0.186080  0.0020385  0.9377232
3.042470   0.185890  0.0019340  0.9396573
3.062470   0.185740  0.0018381  0.9414953
3.082470   0.185610  0.0017495  0.9432448
3.102470   0.185510  0.0016678  0.9449127
3.122470   0.185430  0.0015921  0.9465048
3.142470   0.185380  0.0015218  0.9480266
3.162470   0.185340  0.0014566  0.9494832
3.182470   0.185330  0.0013958  0.9508790
3.202470   0.185320  0.0013389  0.9522179
3.222470   0.185330  0.0012860  0.9535039
3.242470   0.185360  0.0012361  0.9547400
3.262470   0.185390  0.0011896  0.9559296
3.282470   0.185440  0.0011457  0.9570754
3.302470   0.185500  0.0011046  0.9581799
3.322470   0.185560  0.0010659  0.9592458
3.342470   0.185630  0.0010293  0.9602751
3.362470   0.185710  0.0009947  0.9612698
3.382470   0.185790  0.0009621  0.9622319
3.402470   0.185880  0.0009310  0.9631629
3.422470   0.185980  0.0009017  0.9640646
3.442470   0.186080  0.0008739  0.9649385
3.462470   0.186180  0.0008475  0.9657860
3.482470   0.186280  0.0008222  0.9666082
3.502470   0.186390  0.0007982  0.9674064
3.522470   0.186500  0.0007755  0.9681819
3.542470   0.186610  0.0007538  0.9689357
3.562470   0.186730  0.0007331  0.9696687
3.582470   0.186850  0.0007132  0.9703819
3.602470   0.186960  0.0006942  0.9710761
3.622470   0.187080  0.0006760  0.9717521
3.642470   0.187200  0.0006586  0.9724107
3.662470   0.187320  0.0006421  0.9730528
3.682470   0.187440  0.0006261  0.9736789
3.702470   0.187560  0.0006108  0.9742897
3.722470   0.187690  0.0005961  0.9748859
3.742470   0.187810  0.0005819  0.9754677
3.762470   0.187930  0.0005684  0.9760362
3.782470   0.188050  0.0005554  0.9765915
3.802470   0.188170  0.0005428  0.9771343
3.822470   0.188290  0.0005306  0.9776649
3.842470   0.188410  0.0005190  0.9781839
3.862470   0.188530  0.0005076  0.9786915
3.882470   0.188650  0.0004969  0.9791883
3.902470   0.188770  0.0004863  0.9796746
3.922470   0.188890  0.0004762  0.9801508
3.942470   0.189010  0.0004664  0.9806172
3.962470   0.189120  0.0004569  0.9810742
3.982470   0.189240  0.0004478  0.9815220
4.002470   0.189350  0.0004389  0.9819609
4.022470   0.189470  0.0004305  0.9823914
4.042470   0.189580  0.0004222  0.9828136
4.062470   0.189690  0.0004141  0.9832277
4.082470   0.189800  0.0004065  0.9836341
4.102470   0.189910  0.0003988  0.9840329
4.122470   0.190020  0.0003916  0.9844245
4.142470   0.190130  0.0003845  0.9848090
4.162470   0.190240  0.0003775  0.9851865
4.182470   0.190350  0.0003709  0.9855574
4.202470   0.190450  0.0003645  0.9859219
4.222470   0.190560  0.0003581  0.9862799
4.242470   0.190660  0.0003521  0.9866320
4.262470   0.190760  0.0003461  0.9869780
4.282470   0.190860  0.0003403  0.9873183
4.302470   0.190960  0.0003345  0.9876528
4.322470   0.191060  0.0003291  0.9879819
4.342470   0.191160  0.0003237  0.9883056
4.362470   0.191260  0.0003185  0.9886241
4.382470   0.191350  0.0003136  0.9889377
4.402470   0.191450  0.0003086  0.9892463
4.422470   0.191540  0.0003037  0.9895500
4.442470   0.191640  0.0002991  0.9898491
4.462470   0.191730  0.0002946  0.9901437
4.482470   0.191820  0.0002900  0.9904337
4.502470   0.191910  0.0002857  0.9907193
4.522470   0.192000  0.0002815  0.9910008
4.542470   0.192090  0.0002774  0.9912782
4.562470   0.192180  0.0002732  0.9915515
4.582470   0.192260  0.0002693  0.9918208
4.602470   0.192350  0.0002656  0.9920864
4.622470   0.192430  0.0002617  0.9923480
4.642470   0.192520  0.0002581  0.9926062
4.662470   0.192600  0.0002544  0.9928606
4.682470   0.192680  0.0002509  0.9931115
4.702470   0.192760  0.0002476  0.9933591
4.722470   0.192840  0.0002441  0.9936032
4.742470   0.192920  0.0002410  0.9938442
4.762470   0.193000  0.0002377  0.9940819
4.782470   0.193080  0.0002346  0.9943164
4.802470   0.193150  0.0002315  0.9945479
4.822470   0.193230  0.0002284  0.9947762
4.842470   0.193300  0.0002255  0.9950017
4.862470   0.193380  0.0002226  0.9952243
4.882470   0.193450  0.0002199  0.9954442
4.902470   0.193520  0.0002170  0.9956611
4.922470   0.193590  0.0002143  0.9958754
4.942470   0.193660  0.0002116  0.9960870
4.962470   0.193730  0.0002091  0.9962962
4.982470   0.193800  0.0002064  0.9965026
5.002470   0.193870  0.0002040  0.9967066
5.022470   0.193940  0.0002015  0.9969080
5.042470   0.194010  0.0001992  0.9971072
5.062470   0.194070  0.0001967  0.9973039
5.082470   0.194140  0.0001944  0.9974984
5.102470   0.194200  0.0001922  0.9976905
5.122470   0.194270  0.0001899  0.9978804
5.142470   0.194330  0.0001878  0.9980682
5.162470   0.194390  0.0001855  0.9982538
5.182470   0.194450  0.0001835  0.9984373
5.202470   0.194510  0.0001814  0.9986187
5.222470   0.194580  0.0001793  0.9987980
5.242470   0.194640  0.0001775  0.9989755
5.262470   0.194690  0.0001754  0.9991509
5.282470   0.194750  0.0001735  0.9993244
5.302470   0.194810  0.0001717  0.9994961
5.322470   0.194870  0.0001698  0.9996659
5.342470   0.194930  0.0001680  0.9998339
5.362470   0.194980  0.0001661  1.0000000
