1.107200   0.000010  0.0000000  0.0000000
1.127200   0.000040  0.0000002  0.0000002
1.147200   0.000080  0.0000004  0.0000006
1.167200   0.000160  0.0000010  0.0000016
1.187200   0.000270  0.0000018  0.0000035
1.207200   0.000400  0.0000031  0.0000066
1.227200   0.000570  0.0000047  0.0000113
1.247200   0.000770  0.0000070  0.0000182
1.267200   0.001050  0.0000102  0.0000285
1.287200   0.001450  0.0000152  0.0000437
1.307200   0.002040  0.0000234  0.0000670
1.327200   0.002970  0.0000373  0.0001043
1.347200   0.004410  0.0000607  0.0001650
1.367200   0.006430  0.0000971  0.0002621
1.387200   0.008900  0.0001482  0.0004103
1.407200   0.011670  0.0002148  0.0006251
1.427200   0.014680  0.0002994  0.0009246
1.447200   0.017910  0.0004066  0.0013312
1.467200   0.021400  0.0005427  0.0018739
1.487200   0.025180  0.0007169  0.0025908
1.507200   0.029320  0.0009414  0.0035322
1.527200   0.033870  0.0012334  0.0047656
1.547200   0.038880  0.0016153  0.0063809
1.567200   0.044390  0.0021180  0.0084989
1.587200   0.050420  0.0027841  0.0112830
1.607200   0.057010  0.0036732  0.0149562
1.627200   0.064220  0.0048743  0.0198305
1.647200   0.072260  0.0065264  0.0263569
1.667200   0.081160  0.0088213  0.0351782
1.687200   0.090930  0.0120356  0.0472138
1.707200   0.102050  0.0166328  0.0638465
1.727200   0.121340  0.0242173  0.0880639
1.747200   0.143470  0.0346149  0.1226788
1.767200   0.161590  0.0468940  0.1695729
1.787200   0.177810  0.0608652  0.2304381
1.807200   0.192610  0.0750879  0.3055261
1.827200   0.206290  0.0869954  0.3925215
1.847200   0.219660  0.0936212  0.4861427
1.867200   0.238080  0.0915998  0.5777425
1.887200   0.279850  0.0776771  0.6554197
1.907200   0.384910  0.0553772  0.7107968
1.927200   0.623930  0.0341718  0.7449686
1.947200   1.110050  0.0194140  0.7643827
1.967200   2.017940  0.0107678  0.7751504
1.987200   3.619930  0.0060286  0.7811790
2.007200   6.361910  0.0034371  0.7846161
2.027200  11.017070  0.0019866  0.7866027
2.047200  18.993570  0.0011527  0.7877554
2.067200  33.272530  0.0006581  0.7884135
2.087200  60.708250  0.0003607  0.7887742
2.107200 111.472710  0.0001966  0.7889708
2.127200 189.289690  0.0001158  0.7890866
2.147200 287.530300  0.0000762  0.7891628
2.167200 395.274400  0.0000553  0.7892181
2.187200 502.493340  0.0000437  0.7892618
2.207200 601.937840  0.0000365  0.7892983
2.227200 689.195120  0.0000318  0.7893301
2.247200 762.100600  0.0000287  0.7893587
2.267200 820.067490  0.0000266  0.7893854
2.287200 863.529000  0.0000254  0.7894108
2.307200 893.526180  0.0000246  0.7894354
2.327200 911.426360  0.0000240  0.7894594
2.347200 918.727110  0.0000238  0.7894832
2.367200 916.946930  0.0000240  0.7895071
2.387200 907.535120  0.0000242  0.7895313
2.407200 891.841540  0.0000246  0.7895559
2.427200 871.088020  0.0000252  0.7895811
2.447200 846.360810  0.0000258  0.7896069
2.467200 818.611060  0.0000268  0.7896338
2.487200 788.659110  0.0000277  0.7896615
2.507200 757.206250  0.0000289  0.7896904
2.527200 724.842470  0.0000301  0.7897205
2.547200 692.059280  0.0000316  0.7897521
2.567200 659.260740  0.0000332  0.7897853
2.587200 626.774430  0.0000348  0.7898201
2.607200 594.861620  0.0000369  0.7898570
2.627200 563.726720  0.0000389  0.7898959
2.647200 533.525720  0.0000410  0.7899369
2.667200 504.373780  0.0000435  0.7899804
2.687200 476.351660  0.0000459  0.7900263
2.707200 449.512480  0.0000488  0.7900751
2.727200 423.885750  0.0000516  0.7901267
2.747200 399.481390  0.0000547  0.7901814
2.767200 376.294980  0.0000582  0.7902396
2.787200 354.309620  0.0000619  0.7903015
2.807200 333.499760  0.0000656  0.7903671
2.827200 313.831620  0.0000697  0.7904368
2.847200 295.266850  0.0000742  0.7905110
2.867200 277.763230  0.0000789  0.7905899
2.887200 261.275980  0.0000838  0.7906737
2.907200 245.758930  0.0000892  0.7907629
2.927200 231.165080  0.0000947  0.7908576
2.947200 217.448060  0.0001006  0.7909582
2.967200 204.561190  0.0001070  0.7910652
2.987200 192.459290  0.0001138  0.7911790
3.007200 181.098350  0.0001209  0.7912999
3.027200 170.435740  0.0001285  0.7914284
3.047200 160.430510  0.0001365  0.7915649
3.067200 151.043500  0.0001449  0.7917098
3.087200 142.237320  0.0001539  0.7918637
3.107200 133.976410  0.0001633  0.7920271
3.127200 126.227070  0.0001734  0.7922005
3.147200 118.957390  0.0001841  0.7923845
3.167200 112.137260  0.0001953  0.7925798
3.187200 105.738280  0.0002070  0.7927868
3.207200  99.733730  0.0002195  0.7930063
3.227200  94.098490  0.0002326  0.7932390
3.247200  88.808970  0.0002466  0.7934855
3.267200  83.843040  0.0002611  0.7937466
3.287200  79.179980  0.0002765  0.7940231
3.307200  74.800360  0.0002925  0.7943156
3.327200  70.686000  0.0003095  0.7946251
3.347200  66.819890  0.0003273  0.7949524
3.367200  63.186140  0.0003462  0.7952986
3.387200  59.769870  0.0003658  0.7956644
3.407200  56.557200  0.0003865  0.7960510
3.427200  53.535140  0.0004083  0.7964592
3.447200  50.691560  0.0004310  0.7968902
3.467200  48.015140  0.0004550  0.7973453
3.487200  45.495310  0.0004800  0.7978253
3.507200  43.122190  0.0005062  0.7983315
3.527200  40.886530  0.0005337  0.7988652
3.547200  38.779740  0.0005624  0.7994276
3.567200  36.793770  0.0005923  0.8000199
3.587200  34.921100  0.0006237  0.8006436
3.607200  33.154720  0.0006565  0.8013001
3.627200  31.488050  0.0006907  0.8019908
3.647200  29.914960  0.0007264  0.8027171
3.667200  28.429730  0.0007635  0.8034806
3.687200  27.027010  0.0008022  0.8042828
3.707200  25.701780  0.0008424  0.8051252
3.727200  24.449380  0.0008844  0.8060095
3.747200  23.265400  0.0009278  0.8069374
3.767200  22.145800  0.0009731  0.8079105
3.787200  21.086700  0.0010199  0.8089304
3.807200  20.084540  0.0010684  0.8099988
3.827200  19.136110  0.0011186  0.8111174
3.847200  18.239030  0.0011705  0.8122879
3.867200  17.390290  0.0012240  0.8135119
3.887200  16.586980  0.0012791  0.8147911
3.907200  15.826380  0.0013357  0.8161268
3.927200  15.105930  0.0013937  0.8175205
3.947200  14.423270  0.0014533  0.8189738
3.967200  13.776170  0.0015140  0.8204878
3.987200  13.162550  0.0015763  0.8220641
4.007200  12.580470  0.0016394  0.8237036
4.027200  12.028110  0.0017038  0.8254074
4.047200  11.503770  0.0017688  0.8271761
4.067200  11.005850  0.0018346  0.8290107
4.087200  10.532850  0.0019010  0.8309116
4.107200  10.083380  0.0019676  0.8328792
4.127200   9.656110  0.0020342  0.8349134
4.147200   9.249820  0.0021006  0.8370140
4.167200   8.863360  0.0021664  0.8391804
4.187200   8.495620  0.0022316  0.8414119
4.207200   8.145600  0.0022955  0.8437074
4.227200   7.812320  0.0023580  0.8460654
4.247200   7.494900  0.0024187  0.8484841
4.267200   7.192480  0.0024773  0.8509614
4.287200   6.904270  0.0025333  0.8534947
4.307200   6.629510  0.0025865  0.8560812
4.327200   6.367500  0.0026363  0.8587176
4.347200   6.117570  0.0026827  0.8614002
4.367200   5.879090  0.0027249  0.8641251
4.387200   5.651480  0.0027630  0.8668881
4.407200   5.434180  0.0027966  0.8696847
4.427200   5.226660  0.0028253  0.8725100
4.447200   5.028420  0.0028491  0.8753591
4.467200   4.839000  0.0028675  0.8782267
4.487200   4.657960  0.0028807  0.8811073
4.507200   4.484880  0.0028884  0.8839958
4.527200   4.319360  0.0028909  0.8868867
4.547200   4.161030  0.0028878  0.8897745
4.567200   4.009550  0.0028794  0.8926539
4.587200   3.864570  0.0028659  0.8955198
4.607200   3.725780  0.0028474  0.8983672
4.627200   3.592890  0.0028239  0.9011911
4.647200   3.465610  0.0027960  0.9039871
4.667200   3.343680  0.0027636  0.9067507
4.687200   3.226840  0.0027273  0.9094781
4.707200   3.114850  0.0026874  0.9121655
4.727200   3.007480  0.0026439  0.9148094
4.747200   2.904530  0.0025976  0.9174070
4.767200   2.805780  0.0025486  0.9199556
4.787200   2.711050  0.0024974  0.9224530
4.807200   2.620140  0.0024443  0.9248973
4.827200   2.532890  0.0023894  0.9272867
4.847200   2.449130  0.0023334  0.9296201
4.867200   2.368700  0.0022762  0.9318963
4.887200   2.291450  0.0022184  0.9341148
4.907200   2.217240  0.0021602  0.9362750
4.927200   2.145930  0.0021020  0.9383770
4.947200   2.077400  0.0020436  0.9404206
4.967200   2.011530  0.0019854  0.9424060
4.987200   1.948200  0.0019278  0.9443339
5.007200   1.887290  0.0018708  0.9462047
5.027200   1.828710  0.0018145  0.9480192
5.047200   1.772350  0.0017589  0.9497781
5.067200   1.718130  0.0017044  0.9514825
5.087200   1.665930  0.0016509  0.9531334
5.107200   1.615700  0.0015987  0.9547321
5.127200   1.567330  0.0015474  0.9562795
5.147200   1.520750  0.0014976  0.9577771
5.167200   1.475880  0.0014488  0.9592259
5.187200   1.432670  0.0014015  0.9606274
5.207200   1.391020  0.0013556  0.9619830
5.227200   1.350890  0.0013109  0.9632939
5.247200   1.312220  0.0012677  0.9645615
5.267200   1.274930  0.0012256  0.9657872
5.287200   1.238970  0.0011848  0.9669720
5.307200   1.204300  0.0011455  0.9681175
5.327200   1.170860  0.0011076  0.9692251
5.347200   1.138590  0.0010707  0.9702958
5.367200   1.107460  0.0010352  0.9713310
5.387200   1.077420  0.0010008  0.9723318
5.407200   1.048430  0.0009678  0.9732996
5.427200   1.020430  0.0009358  0.9742354
5.447200   0.993410  0.0009049  0.9751403
5.467200   0.967310  0.0008752  0.9760155
5.487200   0.942100  0.0008465  0.9768619
5.507200   0.917750  0.0008188  0.9776807
5.527200   0.894230  0.0007922  0.9784729
5.547200   0.871490  0.0007665  0.9792394
5.567200   0.849530  0.0007417  0.9799812
5.587200   0.828290  0.0007180  0.9806991
5.607200   0.807760  0.0006950  0.9813941
5.627200   0.787910  0.0006729  0.9820670
5.647200   0.768720  0.0006516  0.9827186
5.667200   0.750150  0.0006311  0.9833496
5.687200   0.732200  0.0006114  0.9839610
5.707200   0.714830  0.0005923  0.9845533
5.727200   0.698020  0.0005741  0.9851274
5.747200   0.681750  0.0005565  0.9856839
5.767200   0.666010  0.0005394  0.9862233
5.787200   0.650760  0.0005230  0.9867463
5.807200   0.636010  0.0005073  0.9872536
5.827200   0.621720  0.0004921  0.9877457
5.847200   0.607890  0.0004773  0.9882230
5.867200   0.594490  0.0004632  0.9886862
5.887200   0.581510  0.0004497  0.9891359
5.907200   0.568940  0.0004366  0.9895725
5.927200   0.556750  0.0004241  0.9899965
5.947200   0.544950  0.0004118  0.9904083
5.967200   0.533510  0.0004001  0.9908084
5.987200   0.522420  0.0003888  0.9911972
6.007200   0.511660  0.0003777  0.9915749
6.027200   0.501240  0.0003673  0.9919422
6.047200   0.491130  0.0003572  0.9922994
6.067200   0.481330  0.0003474  0.9926468
6.087200   0.471830  0.0003380  0.9929848
6.107200   0.462600  0.0003287  0.9933135
6.127200   0.453660  0.0003199  0.9936335
6.147200   0.444980  0.0003115  0.9939450
6.167200   0.436560  0.0003033  0.9942483
6.187200   0.428380  0.0002955  0.9945439
6.207200   0.420450  0.0002878  0.9948316
6.227200   0.412750  0.0002804  0.9951120
6.247200   0.405270  0.0002732  0.9953852
6.267200   0.398010  0.0002664  0.9956517
6.287200   0.390960  0.0002597  0.9959113
6.307200   0.384120  0.0002533  0.9961647
6.327200   0.377470  0.0002472  0.9964118
6.347200   0.371010  0.0002410  0.9966529
6.367200   0.364740  0.0002353  0.9968882
6.387200   0.358650  0.0002298  0.9971179
6.407200   0.352720  0.0002242  0.9973421
6.427200   0.346970  0.0002191  0.9975612
6.447200   0.341380  0.0002140  0.9977752
6.467200   0.335940  0.0002091  0.9979843
6.487200   0.330650  0.0002043  0.9981886
6.507200   0.325520  0.0001996  0.9983882
6.527200   0.320520  0.0001951  0.9985833
6.547200   0.315670  0.0001908  0.9987742
6.567200   0.310940  0.0001867  0.9989609
6.587200   0.306350  0.0001826  0.9991435
6.607200   0.301880  0.0001787  0.9993222
6.627200   0.297530  0.0001748  0.9994970
6.647200   0.293310  0.0001711  0.9996682
6.667200   0.289190  0.0001677  0.9998358
6.687200   0.285190  0.0001642  1.0000000
