1.078190   0.000010  0.0000000  0.0000000
1.098190   0.000300  0.0000010  0.0000010
1.118190   0.000750  0.0000029  0.0000040
1.138190   0.001250  0.0000052  0.0000092
1.158190   0.001780  0.0000079  0.0000171
1.178190   0.002320  0.0000113  0.0000284
1.198190   0.002840  0.0000148  0.0000433
1.218190   0.003360  0.0000190  0.0000623
1.238190   0.003870  0.0000238  0.0000861
1.258190   0.004410  0.0000295  0.0001155
1.278190   0.004980  0.0000361  0.0001517
1.298190   0.005640  0.0000447  0.0001964
1.318190   0.006490  0.0000560  0.0002524
1.338190   0.007660  0.0000723  0.0003247
1.358190   0.009370  0.0000972  0.0004219
1.378190   0.011810  0.0001348  0.0005566
1.398190   0.015080  0.0001897  0.0007464
1.418190   0.019130  0.0002662  0.0010126
1.438190   0.023870  0.0003688  0.0013814
1.458190   0.029210  0.0005025  0.0018839
1.478190   0.035070  0.0006749  0.0025588
1.498190   0.044840  0.0009689  0.0035277
1.518190   0.059540  0.0014499  0.0049776
1.538190   0.074350  0.0020494  0.0070270
1.558190   0.088800  0.0027843  0.0098113
1.578190   0.102930  0.0036892  0.0135005
1.598190   0.116880  0.0048142  0.0183147
1.618190   0.131070  0.0062355  0.0245502
1.638190   0.146230  0.0080665  0.0326168
1.658190   0.161810  0.0103846  0.0430014
1.678190   0.177510  0.0132817  0.0562832
1.698190   0.196350  0.0170136  0.0732968
1.718190   0.217970  0.0215591  0.0948559
1.738190   0.244360  0.0267185  0.1215744
1.758190   0.272370  0.0317555  0.1533299
1.778190   0.298320  0.0360521  0.1893820
1.798190   0.321830  0.0392737  0.2286557
1.818190   0.343090  0.0412600  0.2699158
1.838190   0.362510  0.0420068  0.3119226
1.858190   0.380650  0.0416297  0.3535522
1.878190   0.398360  0.0403047  0.3938569
1.898190   0.417100  0.0382085  0.4320654
1.918190   0.439300  0.0354993  0.4675647
1.938190   0.466160  0.0324810  0.5000457
1.958190   0.496890  0.0295076  0.5295532
1.978190   0.537140  0.0265221  0.5560754
1.998190   0.602970  0.0232629  0.5793382
2.018190   0.722630  0.0195526  0.5988908
2.038190   0.889660  0.0161602  0.6150510
2.058190   1.061830  0.0137086  0.6287597
2.078190   1.214500  0.0120565  0.6408161
2.098190   1.340290  0.0109381  0.6517543
2.118190   1.438890  0.0101667  0.6619210
2.138190   1.512370  0.0096261  0.6715471
2.158190   1.563550  0.0092450  0.6807921
2.178190   1.595310  0.0089765  0.6897687
2.198190   1.610420  0.0087897  0.6985584
2.218190   1.611410  0.0086623  0.7072206
2.238190   1.600590  0.0085776  0.7157983
2.258190   1.580030  0.0085227  0.7243210
2.278190   1.551570  0.0084867  0.7328077
2.298190   1.516820  0.0084604  0.7412681
2.318190   1.477210  0.0084355  0.7497037
2.338190   1.433970  0.0084048  0.7581085
2.358190   1.388150  0.0083620  0.7664705
2.378190   1.340680  0.0083016  0.7747721
2.398190   1.292300  0.0082193  0.7829914
2.418190   1.243660  0.0081119  0.7911033
2.438190   1.195280  0.0079769  0.7990802
2.458190   1.147590  0.0078141  0.8068943
2.478190   1.100930  0.0076238  0.8145181
2.498190   1.055570  0.0074079  0.8219260
2.518190   1.011710  0.0071691  0.8290951
2.538190   0.969500  0.0069108  0.8360059
2.558190   0.929030  0.0066375  0.8426434
2.578190   0.890380  0.0063531  0.8489966
2.598190   0.853560  0.0060621  0.8550587
2.618190   0.818600  0.0057687  0.8608274
2.638190   0.785470  0.0054764  0.8663038
2.658190   0.754140  0.0051887  0.8714924
2.678190   0.724560  0.0049080  0.8764005
2.698190   0.696690  0.0046366  0.8810371
2.718190   0.670460  0.0043763  0.8854133
2.738190   0.645810  0.0041280  0.8895414
2.758190   0.622660  0.0038925  0.8934339
2.778190   0.600940  0.0036702  0.8971041
2.798190   0.580590  0.0034611  0.9005652
2.818190   0.561520  0.0032649  0.9038300
2.838190   0.543670  0.0030816  0.9069116
2.858190   0.526970  0.0029105  0.9098221
2.878190   0.511360  0.0027510  0.9125732
2.898190   0.496760  0.0026027  0.9151759
2.918190   0.483120  0.0024648  0.9176406
2.938190   0.470370  0.0023365  0.9199771
2.958190   0.458470  0.0022176  0.9221947
2.978190   0.447360  0.0021068  0.9243016
2.998190   0.436980  0.0020043  0.9263058
3.018190   0.427300  0.0019088  0.9282146
3.038190   0.418250  0.0018200  0.9300345
3.058190   0.409810  0.0017374  0.9317720
3.078190   0.401940  0.0016607  0.9334327
3.098190   0.394590  0.0015891  0.9350218
3.118190   0.387730  0.0015224  0.9365442
3.138190   0.381330  0.0014601  0.9380043
3.158190   0.375350  0.0014021  0.9394064
3.178190   0.369780  0.0013477  0.9407541
3.198190   0.364580  0.0012970  0.9420511
3.218190   0.359730  0.0012493  0.9433004
3.238190   0.355200  0.0012046  0.9445050
3.258190   0.350970  0.0011628  0.9456678
3.278190   0.347030  0.0011233  0.9467911
3.298190   0.343350  0.0010863  0.9478775
3.318190   0.339920  0.0010512  0.9489287
3.338190   0.336720  0.0010184  0.9499471
3.358190   0.333730  0.0009873  0.9509344
3.378190   0.330950  0.0009578  0.9518922
3.398190   0.328350  0.0009300  0.9528223
3.418190   0.325930  0.0009037  0.9537260
3.438190   0.323670  0.0008788  0.9546048
3.458190   0.321560  0.0008550  0.9554599
3.478190   0.319590  0.0008325  0.9562923
3.498190   0.317760  0.0008111  0.9571035
3.518190   0.316050  0.0007907  0.9578941
3.538190   0.314460  0.0007712  0.9586654
3.558190   0.312970  0.0007526  0.9594180
3.578190   0.311590  0.0007349  0.9601529
3.598190   0.310300  0.0007180  0.9608709
3.618190   0.309110  0.0007019  0.9615727
3.638190   0.307990  0.0006862  0.9622589
3.658190   0.306950  0.0006714  0.9629303
3.678190   0.305990  0.0006571  0.9635874
3.698190   0.305090  0.0006434  0.9642308
3.718190   0.304260  0.0006302  0.9648610
3.738190   0.303490  0.0006174  0.9654784
3.758190   0.302770  0.0006053  0.9660838
3.778190   0.302110  0.0005936  0.9666774
3.798190   0.301500  0.0005823  0.9672597
3.818190   0.300930  0.0005713  0.9678310
3.838190   0.300410  0.0005608  0.9683918
3.858190   0.299920  0.0005506  0.9689424
3.878190   0.299480  0.0005408  0.9694832
3.898190   0.299070  0.0005314  0.9700145
3.918190   0.298700  0.0005222  0.9705367
3.938190   0.298350  0.0005132  0.9710499
3.958190   0.298040  0.0005046  0.9715545
3.978190   0.297750  0.0004963  0.9720508
3.998190   0.297490  0.0004881  0.9725389
4.018190   0.297250  0.0004802  0.9730190
4.038190   0.297040  0.0004726  0.9734917
4.058190   0.296840  0.0004651  0.9739568
4.078190   0.296670  0.0004580  0.9744148
4.098190   0.296520  0.0004509  0.9748657
4.118190   0.296380  0.0004442  0.9753100
4.138190   0.296260  0.0004375  0.9757475
4.158190   0.296150  0.0004311  0.9761786
4.178190   0.296060  0.0004248  0.9766034
4.198190   0.295980  0.0004187  0.9770221
4.218190   0.295910  0.0004127  0.9774348
4.238190   0.295860  0.0004068  0.9778416
4.258190   0.295820  0.0004012  0.9782428
4.278190   0.295780  0.0003955  0.9786383
4.298190   0.295760  0.0003903  0.9790287
4.318190   0.295750  0.0003849  0.9794136
4.338190   0.295740  0.0003799  0.9797934
4.358190   0.295750  0.0003749  0.9801683
4.378190   0.295760  0.0003698  0.9805381
4.398190   0.295770  0.0003650  0.9809032
4.418190   0.295800  0.0003604  0.9812636
4.438190   0.295820  0.0003558  0.9816194
4.458190   0.295860  0.0003512  0.9819707
4.478190   0.295900  0.0003469  0.9823176
4.498190   0.295950  0.0003427  0.9826602
4.518190   0.296000  0.0003385  0.9829987
4.538190   0.296050  0.0003343  0.9833331
4.558190   0.296110  0.0003301  0.9836632
4.578190   0.296170  0.0003264  0.9839896
4.598190   0.296240  0.0003224  0.9843120
4.618190   0.296300  0.0003186  0.9846306
4.638190   0.296380  0.0003149  0.9849455
4.658190   0.296450  0.0003113  0.9852569
4.678190   0.296530  0.0003076  0.9855644
4.698190   0.296610  0.0003042  0.9858687
4.718190   0.296690  0.0003007  0.9861693
4.738190   0.296770  0.0002973  0.9864667
4.758190   0.296860  0.0002940  0.9867607
4.778190   0.296940  0.0002909  0.9870515
4.798190   0.297030  0.0002875  0.9873391
4.818190   0.297120  0.0002844  0.9876234
4.838190   0.297210  0.0002815  0.9879049
4.858190   0.297300  0.0002783  0.9881832
4.878190   0.297400  0.0002754  0.9884586
4.898190   0.297490  0.0002725  0.9887311
4.918190   0.297590  0.0002695  0.9890006
4.938190   0.297680  0.0002668  0.9892675
4.958190   0.297780  0.0002639  0.9895314
4.978190   0.297880  0.0002612  0.9897926
4.998190   0.297970  0.0002587  0.9900512
5.018190   0.298070  0.0002560  0.9903072
5.038190   0.298170  0.0002535  0.9905607
5.058190   0.298270  0.0002507  0.9908114
5.078190   0.298370  0.0002482  0.9910596
5.098190   0.298470  0.0002459  0.9913056
5.118190   0.298570  0.0002434  0.9915490
5.138190   0.298670  0.0002411  0.9917901
5.158190   0.298760  0.0002386  0.9920287
5.178190   0.298860  0.0002363  0.9922651
5.198190   0.298960  0.0002340  0.9924991
5.218190   0.299060  0.0002319  0.9927310
5.238190   0.299160  0.0002296  0.9929607
5.258190   0.299260  0.0002275  0.9931882
5.278190   0.299360  0.0002255  0.9934137
5.298190   0.299460  0.0002232  0.9936368
5.318190   0.299550  0.0002213  0.9938581
5.338190   0.299650  0.0002192  0.9940773
5.358190   0.299750  0.0002171  0.9942944
5.378190   0.299850  0.0002152  0.9945096
5.398190   0.299940  0.0002131  0.9947227
5.418190   0.300040  0.0002112  0.9949340
5.438190   0.300140  0.0002094  0.9951434
5.458190   0.300230  0.0002075  0.9953508
5.478190   0.300330  0.0002056  0.9955565
5.498190   0.300420  0.0002039  0.9957604
5.518190   0.300520  0.0002021  0.9959624
5.538190   0.300610  0.0002004  0.9961628
5.558190   0.300700  0.0001985  0.9963613
5.578190   0.300790  0.0001968  0.9965582
5.598190   0.300890  0.0001952  0.9967533
5.618190   0.300980  0.0001935  0.9969468
5.638190   0.301070  0.0001918  0.9971386
5.658190   0.301160  0.0001901  0.9973288
5.678190   0.301250  0.0001885  0.9975172
5.698190   0.301340  0.0001870  0.9977043
5.718190   0.301430  0.0001853  0.9978896
5.738190   0.301520  0.0001839  0.9980735
5.758190   0.301600  0.0001824  0.9982559
5.778190   0.301690  0.0001810  0.9984368
5.798190   0.301780  0.0001793  0.9986161
5.818190   0.301860  0.0001778  0.9987939
5.838190   0.301950  0.0001766  0.9989705
5.858190   0.302030  0.0001751  0.9991456
5.878190   0.302120  0.0001736  0.9993192
5.898190   0.302200  0.0001722  0.9994914
5.918190   0.302280  0.0001709  0.9996623
5.938190   0.302370  0.0001695  0.9998318
5.958190   0.302450  0.0001682  1.0000000
