1.077790   0.000010  0.0000000  0.0000000
1.097790   0.000460  0.0000008  0.0000008
1.117790   0.001160  0.0000022  0.0000030
1.137790   0.001950  0.0000040  0.0000071
1.157790   0.002780  0.0000063  0.0000134
1.177790   0.003620  0.0000087  0.0000221
1.197790   0.004440  0.0000113  0.0000334
1.217790   0.005250  0.0000144  0.0000478
1.237790   0.006030  0.0000176  0.0000654
1.257790   0.006790  0.0000213  0.0000867
1.277790   0.007540  0.0000253  0.0001120
1.297790   0.008280  0.0000296  0.0001415
1.317790   0.009030  0.0000346  0.0001762
1.337790   0.009830  0.0000405  0.0002167
1.357790   0.010720  0.0000474  0.0002641
1.377790   0.011760  0.0000559  0.0003199
1.397790   0.012960  0.0000664  0.0003864
1.417790   0.014330  0.0000790  0.0004653
1.437790   0.015860  0.0000944  0.0005597
1.457790   0.017540  0.0001128  0.0006725
1.477790   0.019370  0.0001349  0.0008074
1.497790   0.021770  0.0001644  0.0009718
1.517790   0.024910  0.0002043  0.0011761
1.537790   0.028190  0.0002519  0.0014280
1.557790   0.031570  0.0003076  0.0017356
1.577790   0.035080  0.0003738  0.0021094
1.597790   0.038760  0.0004530  0.0025624
1.617790   0.042730  0.0005494  0.0031118
1.637790   0.047180  0.0006691  0.0037808
1.657790   0.052050  0.0008167  0.0045975
1.677790   0.057440  0.0010010  0.0055985
1.697790   0.063500  0.0012338  0.0068323
1.717790   0.070660  0.0015374  0.0083697
1.737790   0.081770  0.0019993  0.0103689
1.757790   0.095320  0.0026292  0.0129982
1.777790   0.108900  0.0034034  0.0164016
1.797790   0.121990  0.0043416  0.0207431
1.817790   0.134440  0.0054772  0.0262203
1.837790   0.146160  0.0068558  0.0330761
1.857790   0.157080  0.0085353  0.0416114
1.877790   0.167170  0.0105911  0.0522025
1.897790   0.176660  0.0131324  0.0653349
1.917790   0.187020  0.0163615  0.0816964
1.937790   0.196760  0.0203353  0.1020317
1.957790   0.205450  0.0251598  0.1271915
1.977790   0.213630  0.0309466  0.1581382
1.997790   0.221550  0.0376445  0.1957826
2.017790   0.230010  0.0448611  0.2406438
2.037790   0.239010  0.0516999  0.2923437
2.057790   0.247330  0.0571230  0.3494667
2.077790   0.254240  0.0603166  0.4097833
2.097790   0.259520  0.0608949  0.4706782
2.117790   0.263180  0.0589959  0.5296741
2.137790   0.265320  0.0551817  0.5848558
2.157790   0.266070  0.0501935  0.6350493
2.177790   0.265560  0.0447208  0.6797701
2.197790   0.263940  0.0392756  0.7190457
2.217790   0.261340  0.0341743  0.7532199
2.237790   0.257900  0.0295741  0.7827940
2.257790   0.253730  0.0255262  0.8083202
2.277790   0.248960  0.0220181  0.8303382
2.297790   0.243700  0.0190059  0.8493441
2.317790   0.238030  0.0164330  0.8657771
2.337790   0.232060  0.0142403  0.8800174
2.357790   0.225870  0.0123731  0.8923905
2.377790   0.219520  0.0107818  0.9031723
2.397790   0.213080  0.0094237  0.9125960
2.417790   0.206600  0.0082619  0.9208579
2.437790   0.200140  0.0072661  0.9281240
2.457790   0.193730  0.0064101  0.9345341
2.477790   0.187410  0.0056722  0.9402062
2.497790   0.181210  0.0050343  0.9452406
2.517790   0.175140  0.0044813  0.9497218
2.537790   0.169240  0.0040006  0.9537224
2.557790   0.163510  0.0035814  0.9573038
2.577790   0.157960  0.0032151  0.9605189
2.597790   0.152600  0.0028937  0.9634126
2.617790   0.147440  0.0026114  0.9660240
2.637790   0.142480  0.0023626  0.9683865
2.657790   0.137720  0.0021428  0.9705294
2.677790   0.133170  0.0019482  0.9724776
2.697790   0.128800  0.0017755  0.9742531
2.717790   0.124640  0.0016218  0.9758749
2.737790   0.120660  0.0014847  0.9773597
2.757790   0.116870  0.0013622  0.9787219
2.777790   0.113270  0.0012527  0.9799745
2.797790   0.109830  0.0011542  0.9811288
2.817790   0.106570  0.0010657  0.9821945
2.837790   0.103470  0.0009862  0.9831807
2.857790   0.100530  0.0009141  0.9840948
2.877790   0.097740  0.0008491  0.9849438
2.897790   0.095090  0.0007901  0.9857340
2.917790   0.092580  0.0007367  0.9864707
2.937790   0.090200  0.0006881  0.9871588
2.957790   0.087950  0.0006439  0.9878027
2.977790   0.085820  0.0006036  0.9884064
2.997790   0.083810  0.0005666  0.9889729
3.017790   0.081900  0.0005330  0.9895059
3.037790   0.080090  0.0005020  0.9900079
3.057790   0.078390  0.0004736  0.9904816
3.077790   0.076780  0.0004475  0.9909291
3.097790   0.075250  0.0004236  0.9913527
3.117790   0.073810  0.0004014  0.9917541
3.137790   0.072450  0.0003809  0.9921350
3.157790   0.071160  0.0003621  0.9924970
3.177790   0.069950  0.0003447  0.9928417
3.197790   0.068800  0.0003283  0.9931699
3.217790   0.067720  0.0003133  0.9934832
3.237790   0.066690  0.0002993  0.9937825
3.257790   0.065730  0.0002863  0.9940688
3.277790   0.064820  0.0002742  0.9943430
3.297790   0.063960  0.0002628  0.9946058
3.317790   0.063150  0.0002521  0.9948580
3.337790   0.062390  0.0002424  0.9951003
3.357790   0.061670  0.0002331  0.9953334
3.377790   0.061000  0.0002244  0.9955578
3.397790   0.060360  0.0002163  0.9957741
3.417790   0.059750  0.0002086  0.9959826
3.437790   0.059180  0.0002013  0.9961839
3.457790   0.058650  0.0001946  0.9963785
3.477790   0.058140  0.0001881  0.9965666
3.497790   0.057660  0.0001820  0.9967487
3.517790   0.057210  0.0001764  0.9969251
3.537790   0.056780  0.0001709  0.9970960
3.557790   0.056380  0.0001658  0.9972618
3.577790   0.056000  0.0001608  0.9974226
3.597790   0.055650  0.0001563  0.9975789
3.617790   0.055310  0.0001519  0.9977308
3.637790   0.054990  0.0001476  0.9978784
3.657790   0.054690  0.0001438  0.9980222
3.677790   0.054400  0.0001399  0.9981621
3.697790   0.054130  0.0001363  0.9982984
3.717790   0.053880  0.0001328  0.9984312
3.737790   0.053640  0.0001296  0.9985608
3.757790   0.053410  0.0001264  0.9986872
3.777790   0.053200  0.0001233  0.9988105
3.797790   0.053000  0.0001205  0.9989310
3.817790   0.052810  0.0001177  0.9990487
3.837790   0.052630  0.0001150  0.9991637
3.857790   0.052460  0.0001126  0.9992763
3.877790   0.052300  0.0001100  0.9993862
3.897790   0.052150  0.0001077  0.9994940
3.917790   0.052010  0.0001055  0.9995995
3.937790   0.051870  0.0001033  0.9997027
3.957790   0.051750  0.0001010  0.9998038
3.977790   0.051630  0.0000990  0.9999028
3.997790   0.051510  0.0000972  1.0000000
